1 4 4 0.092803
2 7 7 0.046508
3 1 1 0.069591
4 6 6 0.073357
5 2 2 0.268953
6 6 6 0.040456
7 1 1 0.028215
8 1 1 0.032357
9 4 4 0.032227
10 1 1 0.031432
11 1 1 0.028985
12 4 4 0.023494
13 6 6 0.043438
14 1 1 0.031453
15 1 1 0.028784
16 6 6 0.051556
17 1 1 0.027537
18 4 4 0.063748
19 4 4 0.029526
20 1 1 0.011414
21 6 6 0.03379
22 6 6 0.030309
23 4 4 0.011386
24 3 3 0.009738
25 5 5 0.028032
26 1 1 0.027896
27 3 3 0.010547
28 2 2 0.026971
29 3 3 0.028342
30 3 3 0.009292
31 1 1 0.027521
32 4 4 0.045633
33 1 1 0.023839
34 4 4 0.011007
35 1 1 0.027798
36 3 3 0.025785
37 6 6 0.02774
38 6 6 0.009107
39 3 3 0.026384
40 4 4 0.033535
41 3 3 0.010099
42 1 1 0.030872
43 1 1 0.027635
44 1 1 0.028045
45 1 1 0.027872
46 1 1 0.029503
47 8 8 0.026814
48 6 6 0.027687
49 6 6 0.027924
50 2 2 0.010459
51 1 1 0.012488
52 1 1 0.011417
53 1 1 0.01178
54 9 9 0.01061
55 1 1 0.011259
56 1 1 0.011208
57 13 13 0.009759
58 3 3 0.011345
59 6 6 0.009863
60 2 2 0.010175
61 4 4 0.010987
62 6 6 0.011378
63 9 9 0.017396
64 10 10 0.00899
65 2 2 0.010179
66 6 6 0.011658
67 2 2 0.010959
68 3 3 0.01951
69 1 1 0.011523
70 1 1 0.011628
71 1 1 0.028065
72 4 4 0.021704
73 1 1 0.011782
74 8 8 0.016039
75 1 1 0.0112
76 8 8 0.01014
77 6 6 0.01107
78 2 2 0.015867
79 6 6 0.011092
80 4 4 0.01026
81 8 8 0.010741
82 4 4 0.010707
83 4 4 0.010709
84 3 3 0.019235
85 3 3 0.009077
86 5 5 0.01
87 2 2 0.010446
88 9 9 0.010072
89 6 6 0.010489
90 1 1 0.011192
91 10 10 0.010214
92 1 1 0.011348
93 6 6 0.010969
94 1 1 0.011091
95 5 5 0.009958
96 1 1 0.011022
97 2 2 0.008755
98 4 4 0.008307
99 1 1 0.010117
100 2 2 0.009983
101 2 2 0.010272
102 7 7 0.010673
103 9 9 0.010011
104 2 2 0.009578
105 7 7 0.009453
106 1 1 0.011387
107 1 1 0.010863
108 1 1 0.011348
109 3 3 0.018139
110 1 1 0.010337
111 4 4 0.009297
112 2 2 0.019563
113 1 1 0.010251
114 3 3 0.009538
115 6 6 0.010675
116 3 3 0.008748
117 6 6 0.008732
118 3 3 0.008254
119 1 1 0.049762
120 6 6 0.016975
121 8 8 0.014704
122 4 4 0.017561
123 8 8 0.011704
124 6 6 0.010961
125 1 1 0.011574
126 3 3 0.008298
127 2 2 0.008901
128 3 3 0.010117
129 6 6 0.009311
130 4 4 0.026614
131 2 2 0.026342
132 2 2 0.009119
133 1 1 0.010614
134 4 4 0.010101
135 1 1 0.011355
136 3 3 0.009107
137 5 5 0.009746
138 6 6 0.009844
139 4 4 0.010882
140 3 3 0.009784
141 1 1 0.011017
142 4 4 0.011053
143 1 1 0.017103
144 5 5 0.010903
145 3 3 0.009942
146 5 5 0.010098
147 1 1 0.01151
148 1 1 0.010988
149 1 1 0.010982
150 6 6 0.011455
151 1 1 0.012144
152 4 4 0.010762
153 1 1 0.010539
154 1 1 0.010852
155 1 1 0.011084
156 2 2 0.009416
157 1 1 0.01055
158 2 2 0.008602
159 4 4 0.011229
160 5 5 0.025489
161 2 2 0.025458
162 4 4 0.010675
163 1 1 0.01111
164 1 1 0.010665
165 6 6 0.010446
166 5 5 0.009772
167 1 1 0.011434
168 7 7 0.009956
169 6 6 0.009654
170 6 6 0.010032
171 3 3 0.014735
172 1 1 0.011534
173 4 4 0.010834
174 4 4 0.010414
175 4 4 0.014679
176 1 1 0.011153
177 4 4 0.010051
178 1 1 0.011029
179 1 1 0.011291
180 2 2 0.01016
181 1 1 0.011624
182 3 3 0.020545
183 1 1 0.030349
184 2 2 0.01073
185 1 1 0.012037
186 1 1 0.012186
187 1 1 0.010941
188 1 1 0.011849
189 1 1 0.021051
190 6 6 0.009904
191 1 1 0.011131
192 2 2 0.008913
193 6 6 0.011701
194 4 4 0.011479
195 1 1 0.011508
196 12 12 0.008124
197 4 4 0.010728
198 1 1 0.010923
199 1 1 0.01161
200 2 2 0.013283
201 4 4 0.02441
202 2 2 0.009974
203 4 4 0.011796
204 2 2 0.016109
205 13 13 0.009941
206 1 1 0.012854
207 1 1 0.011397
208 1 1 0.010635
209 1 1 0.023574
210 10 10 0.008754
211 6 6 0.008366
212 6 6 0.01047
213 6 6 0.009339
214 4 4 0.010426
215 5 5 0.024347
216 6 6 0.020997
217 3 3 0.008774
218 5 5 0.009864
219 1 1 0.0107
220 6 6 0.011383
221 6 6 0.048831
222 2 2 0.009912
223 1 1 0.010526
224 1 1 0.016463
225 5 5 0.014259
226 4 4 0.007918
227 1 1 0.011244
228 3 3 0.008193
229 1 1 0.027308
230 6 6 0.027061
231 6 6 0.01102
232 6 6 0.009857
233 1 1 0.011213
234 3 3 0.008541
235 2 2 0.008972
236 1 1 0.01116
237 1 1 0.011251
238 3 3 0.008584
239 9 9 0.009705
240 3 3 0.009132
241 3 3 0.009999
242 8 8 0.010465
243 1 1 0.010927
244 5 5 0.009717
245 1 1 0.022693
246 1 1 0.011087
247 2 2 0.009179
248 5 5 0.009842
249 1 1 0.011264
250 2 2 0.010051
251 4 4 0.01159
252 1 1 0.01132
253 2 2 0.009836
254 13 13 0.010361
255 1 1 0.010585
256 2 2 0.008693
257 1 1 0.010305
258 6 6 0.010428
259 2 2 0.009798
260 9 9 0.009056
261 1 1 0.0104
262 4 4 0.007453
263 6 6 0.010361
264 6 6 0.010411
265 5 5 0.008917
266 1 1 0.010106
267 9 9 0.009216
268 1 1 0.010835
269 8 8 0.009998
270 1 1 0.014385
271 4 4 0.008816
272 2 2 0.015097
273 9 9 0.00942
274 4 4 0.011063
275 9 9 0.009936
276 5 5 0.009546
277 1 1 0.016015
278 6 6 0.02547
279 4 4 0.039564
280 4 4 0.011455
281 1 1 0.011938
282 2 2 0.009865
283 2 2 0.009772
284 3 3 0.009154
285 4 4 0.010577
286 2 2 0.009026
287 1 1 0.009911
288 2 2 0.009499
289 6 6 0.031393
290 8 8 0.010214
291 4 4 0.011057
292 4 4 0.011156
293 6 6 0.011199
294 4 4 0.010781
295 1 1 0.027548
296 6 6 0.011181
297 6 6 0.027335
298 4 4 0.022366
299 1 1 0.01111
300 13 13 0.019901
301 4 4 0.011228
302 1 1 0.01202
303 6 6 0.009737
304 9 9 0.011333
305 10 10 0.009604
306 6 6 0.010992
307 1 1 0.011918
308 6 6 0.011163
309 2 2 0.009124
310 4 4 0.011208
311 3 3 0.009219
312 1 1 0.011339
313 12 12 0.009419
314 1 1 0.011267
315 1 1 0.010951
316 4 4 0.007651
317 4 4 0.010897
318 6 6 0.025464
319 4 4 0.025768
320 1 1 0.012322
321 7 7 0.009654
322 6 6 0.012357
323 4 4 0.027434
324 1 1 0.028083
325 1 1 0.028155
326 2 2 0.026299
327 2 2 0.009255
328 5 5 0.025599
329 1 1 0.027062
330 4 4 0.010353
331 3 3 0.008561
332 1 1 0.018208
333 1 1 0.011973
334 1 1 0.027727
335 2 2 0.025514
336 8 8 0.036359
337 1 1 0.010397
338 5 5 0.017633
339 5 5 0.01084
340 4 4 0.009669
341 2 2 0.024342
342 1 1 0.010409
343 1 1 0.010541
344 4 4 0.007318
345 4 4 0.010007
346 3 3 0.008675
347 1 1 0.009863
348 1 1 0.009947
349 3 3 0.008074
350 1 1 0.010045
351 6 6 0.008943
352 1 1 0.016734
353 6 6 0.024028
354 1 1 0.011963
355 1 1 0.011466
356 3 3 0.033968
357 5 5 0.036683
358 2 2 0.009935
359 10 10 0.019621
360 4 4 0.018381
361 4 4 0.025934
362 1 1 0.035452
363 2 2 0.022552
364 4 4 0.013962
365 6 6 0.029528
366 4 4 0.022544
367 3 3 0.009403
368 2 2 0.009456
369 6 6 0.009585
370 1 1 0.010901
371 1 1 0.010968
372 8 8 0.009608
373 5 5 0.009713
374 5 5 0.009757
375 6 6 0.01123
376 4 4 0.008557
377 6 6 0.011166
378 4 4 0.019409
379 4 4 0.010407
380 4 4 0.01031
381 6 6 0.009988
382 6 6 0.009965
383 4 4 0.010841
384 3 3 0.009558
385 1 1 0.011879
386 1 1 0.027624
387 7 7 0.021044
388 6 6 0.027236
389 2 2 0.025538
390 1 1 0.011362
391 4 4 0.026595
392 1 1 0.027782
393 1 1 0.026979
394 8 8 0.025603
395 6 6 0.02726
396 6 6 0.027238
397 3 3 0.019428
398 1 1 0.011504
399 4 4 0.027033
400 3 3 0.033713
401 1 1 0.011155
402 3 3 0.008646
403 4 4 0.010771
404 1 1 0.026677
405 1 1 0.011273
406 3 3 0.014714
407 10 10 0.02533
408 1 1 0.026727
409 1 1 0.031077
410 4 4 0.0269
411 3 3 0.00881
412 4 4 0.026029
413 1 1 0.033217
414 4 4 0.026515
415 9 9 0.022864
416 3 3 0.02574
417 4 4 0.010835
418 2 2 0.026431
419 6 6 0.019602
420 6 6 0.026685
421 6 6 0.1471339
422 1 1 0.1028704
423 1 1 0.0764059
424 6 6 0.0339793
425 3 3 0.0908639
426 3 3 0.0183128
427 5 5 0.0322149
428 1 1 0.0220952
429 4 4 0.0155489
430 1 1 0.0152957
431 3 3 0.0140675
432 6 6 0.0366089
433 8 8 0.0419061
434 4 4 0.01431
435 1 1 0.0160336
436 4 4 0.0152912
437 1 1 0.0154385
438 4 4 0.0152751
439 3 3 0.0177701
440 1 1 0.0151323
441 5 5 0.0201367
442 4 4 0.0391585
443 2 2 0.0286837
444 1 1 0.0350877
445 5 5 0.0405772
446 5 5 0.0427264
447 2 2 0.0149301
448 1 1 0.0144813
449 4 4 0.0175027
450 1 1 0.0153559
451 2 2 0.0142643
452 4 4 0.0671181
453 1 1 0.0164957
454 1 1 0.019469
455 6 6 0.0173808
456 1 1 0.0167888
457 6 6 0.0145873
458 6 6 0.0145966
459 1 1 0.0534469
460 1 1 0.0158921
461 1 1 0.0186869
462 2 2 0.0147681
463 3 3 0.0284882
464 6 6 0.0208188
465 6 6 0.0131039
466 1 1 0.0164469
467 6 6 0.0140081
468 1 1 0.0203275
469 1 1 0.0164821
470 2 2 0.0225915
471 4 4 0.0221586
472 4 4 0.0149453
473 6 6 0.0167137
474 1 1 0.0172785
475 4 4 0.0541779
476 1 1 0.0207863
477 5 5 0.0252189
478 10 10 0.0395589
479 1 1 0.0270397
480 2 2 0.0320175
481 1 1 0.0401321
482 3 3 0.013479
483 9 9 0.0161424
484 1 1 0.0165868
485 4 4 0.0235394
486 9 9 0.0184043
487 6 6 0.0177314
488 1 1 0.0219863
489 1 1 0.0168783
490 2 2 0.015446
491 1 1 0.0247146
492 4 4 0.0174523
493 6 6 0.0168851
494 1 1 0.0172492
495 4 4 0.0164082
496 4 4 0.0206305
497 1 1 0.0181346
498 7 7 0.0138507
499 1 1 0.0191115
500 1 1 0.0192182
501 4 4 0.0157839
502 4 4 0.0158477
503 6 6 0.0146844
504 4 4 0.0174256
505 3 3 0.0437736
506 1 1 0.0427679
507 4 4 0.0379377
508 5 5 0.0379819
509 6 6 0.0365224
510 9 9 0.0446867
511 4 4 0.0123467
512 1 1 0.0148496
513 6 6 0.0157827
514 2 2 0.0133652
515 1 1 0.0175308
516 1 1 0.0176289
517 3 3 0.0153429
518 2 2 0.0448905
519 2 2 0.0191087
520 4 4 0.0437226
521 4 4 0.0437616
522 1 1 0.0493819
523 1 1 0.0361484
524 1 1 0.0365036
525 1 1 0.0469791
526 1 1 0.0416532
527 1 1 0.0311595
528 2 2 0.0495971
529 1 1 0.0498438
530 1 1 0.0458299
531 1 1 0.0293948
532 1 1 0.0552966
533 1 1 0.0438335
534 1 1 0.0437163
535 8 8 0.0441129
536 6 6 0.0430887
537 7 7 0.0413462
538 4 4 0.01526
539 2 2 0.0160167
540 4 4 0.0176477
541 2 2 0.0170459
542 1 1 0.0151816
543 6 6 0.0147947
544 4 4 0.0451187
545 4 4 0.0453101
546 3 3 0.0381033
547 4 4 0.0451193
548 1 1 0.0386356
549 6 6 0.042467
550 3 3 0.0141616
551 4 4 0.0147695
552 4 4 0.0205693
553 2 2 0.0182841
554 1 1 0.0169754
555 6 6 0.0175633
556 1 1 0.0209185
557 4 4 0.0147825
558 1 1 0.0186278
559 6 6 0.016875
560 4 4 0.0223033
561 6 6 0.0151844
562 2 2 0.0386642
563 1 1 0.0436034
564 4 4 0.0479284
565 6 6 0.0337055
566 4 4 0.0459055
567 4 4 0.0156742
568 1 1 0.0175498
569 4 4 0.0136748
570 6 6 0.0161275
571 8 8 0.0156339
572 3 3 0.0443788
573 1 1 0.0329015
574 2 2 0.0391502
575 2 2 0.0499693
576 1 1 0.045663
577 1 1 0.0354953
578 4 4 0.0403939
579 1 1 0.0478802
580 8 8 0.0143697
581 6 6 0.0158085
582 10 10 0.0166248
583 6 6 0.0148777
584 1 1 0.0211123
585 1 1 0.0162722
586 1 1 0.0160456
587 1 1 0.0158092
588 2 2 0.0152699
589 1 1 0.0163406
590 6 6 0.0183054
591 6 6 0.050422
592 6 6 0.0460425
593 1 1 0.0430303
594 1 1 0.0265777
595 4 4 0.0536666
596 4 4 0.0459947
597 6 6 0.0464645
598 10 10 0.013583
599 1 1 0.015893
600 1 1 0.0160676
601 1 1 0.0164268
602 6 6 0.0166614
603 1 1 0.0179771
604 1 1 0.047709
605 4 4 0.0148837
606 2 2 0.0178866
607 6 6 0.0169676
608 8 8 0.0122626
609 6 6 0.0502677
610 8 8 0.0523306
611 1 1 0.0532044
612 8 8 0.0533879
613 5 5 0.0461596
614 4 4 0.0165591
615 7 7 0.0146286
616 3 3 0.0131415
617 1 1 0.0527991
618 8 8 0.0487874
619 2 2 0.0497801
620 4 4 0.0471507
621 8 8 0.0499355
622 1 1 0.0543973
623 2 2 0.0141914
624 1 1 0.0178686
625 4 4 0.015925
626 1 1 0.0643793
627 1 1 0.052078
628 3 3 0.0494275
629 4 4 0.016853
630 4 4 0.0174598
631 4 4 0.0138949
632 2 2 0.0138415
633 6 6 0.0521527
634 8 8 0.0545491
635 1 1 0.0518089
636 3 3 0.0432302
637 10 10 0.0567745
638 4 4 0.051488
639 1 1 0.0587394
640 6 6 0.0197793
641 1 1 0.0538241
642 1 1 0.0503398
643 1 1 0.0564729
644 2 2 0.0529449
645 1 1 0.0505532
646 6 6 0.0134572
647 4 4 0.01621
648 6 6 0.0136018
649 3 3 0.0139315
650 1 1 0.0536896
651 3 3 0.0508505
652 4 4 0.0589604
653 6 6 0.0622292
654 8 8 0.0555712
655 1 1 0.0526544
656 9 9 0.0620177
657 6 6 0.0650794
658 9 9 0.0724791
659 13 13 0.0658193
660 6 6 0.0551264
661 2 2 0.0580961
662 3 3 0.0145298
663 4 4 0.0158399
664 2 2 0.0182322
665 1 1 0.0163261
666 2 2 0.0139897
667 8 8 0.0152967
668 4 4 0.0508005
669 6 6 0.0486259
670 1 1 0.0501977
671 4 4 0.0460888
672 1 1 0.0566184
673 1 1 0.0492161
674 1 1 0.0159037
675 1 1 0.0157112
676 6 6 0.0155453
677 1 1 0.0158762
678 6 6 0.0144054
679 1 1 0.0139012
680 1 1 0.0151936
681 7 7 0.0129488
682 6 6 0.0499468
683 3 3 0.0456294
684 4 4 0.0484746
685 1 1 0.0503045
686 1 1 0.0501213
687 6 6 0.0154394
688 1 1 0.0155592
689 2 2 0.0153993
690 1 1 0.0155924
691 1 1 0.0158385
692 7 7 0.0149598
693 8 8 0.0474617
694 4 4 0.0522967
695 1 1 0.0581821
696 4 4 0.0478663
697 4 4 0.0479496
698 1 1 0.0469657
699 4 4 0.0148251
700 4 4 0.0148067
701 1 1 0.0150034
702 6 6 0.0137727
703 1 1 0.0139716
704 1 1 0.0529995
705 1 1 0.0481259
706 1 1 0.0513784
707 6 6 0.0466095
708 3 3 0.0475065
709 6 6 0.0129046
710 1 1 0.0179551
711 1 1 0.0150027
712 4 4 0.0150859
713 4 4 0.0166805
714 1 1 0.0156461
715 1 1 0.051943
716 5 5 0.0456404
717 3 3 0.0363142
718 1 1 0.0480124
719 6 6 0.0142771
720 4 4 0.0146601
721 4 4 0.0151137
722 3 3 0.0130573
723 6 6 0.0477745
724 2 2 0.0502816
725 6 6 0.0460658
726 1 1 0.0488101
727 1 1 0.0165362
728 6 6 0.0137068
729 7 7 0.0135932
730 6 6 0.0156338
731 2 2 0.0490959
732 1 1 0.0474019
733 6 6 0.0478846
734 6 6 0.0493444
735 9 9 0.0137086
736 6 6 0.0149172
737 2 2 0.0140544
738 1 1 0.0157201
739 8 8 0.0164952
740 1 1 0.0183423
741 4 4 0.0158508
742 4 4 0.0480456
743 1 1 0.0468683
744 1 1 0.0476126
745 1 1 0.0469652
746 1 1 0.051295
747 6 6 0.0490853
748 2 2 0.0184587
749 6 6 0.0134484
750 1 1 0.0188278
751 1 1 0.0167537
752 4 4 0.0160153
753 2 2 0.0144932
754 1 1 0.0484833
755 4 4 0.0502288
756 3 3 0.0453417
757 1 1 0.0486703
758 1 1 0.0485499
759 3 3 0.0147283
760 4 4 0.018159
761 4 4 0.0165985
762 6 6 0.0158632
763 1 1 0.0188354
764 1 1 0.0139847
765 1 1 0.0147613
766 3 3 0.0142981
767 1 1 0.0500416
768 5 5 0.0461019
769 4 4 0.0462937
770 3 3 0.014832
771 6 6 0.0146285
772 6 6 0.0134934
773 6 6 0.0134174
774 10 10 0.0482612
775 2 2 0.0503315
776 4 4 0.0483773
777 1 1 0.0517095
778 1 1 0.0490868
779 1 1 0.0468784
780 4 4 0.0147465
781 4 4 0.0147996
782 1 1 0.0158402
783 8 8 0.0139232
784 7 7 0.0132961
785 4 4 0.0484789
786 4 4 0.0491895
787 8 8 0.0493248
788 4 4 0.0147296
789 4 4 0.0145238
790 6 6 0.0134889
791 4 4 0.0146371
792 6 6 0.0465977
793 4 4 0.0501414
794 2 2 0.0473073
795 6 6 0.0502497
796 10 10 0.0129688
797 1 1 0.0152036
798 1 1 0.0162283
799 3 3 0.022894
800 1 1 0.0155593
801 2 2 0.0142419
802 6 6 0.0132104
803 1 1 0.0165526
804 4 4 0.0483593
805 1 1 0.0503591
806 6 6 0.0514306
807 8 8 0.0470173
808 4 4 0.0502325
809 1 1 0.0475317
810 8 8 0.011815
811 1 1 0.0158093
812 5 5 0.0159835
813 4 4 0.0149958
814 2 2 0.0136309
815 1 1 0.0453389
816 3 3 0.050258
817 4 4 0.0426088
818 4 4 0.0510076
819 1 1 0.0481685
820 4 4 0.0152379
821 4 4 0.0146254
822 9 9 0.0142701
823 4 4 0.0141948
824 1 1 0.0158363
825 2 2 0.0502471
826 4 4 0.0470326
827 1 1 0.0482779
828 1 1 0.0481573
829 5 5 0.0460397
830 9 9 0.0154893
831 4 4 0.0140104
832 1 1 0.0170152
833 1 1 0.0186761
834 1 1 0.0152292
835 1 1 0.0172918
836 1 1 0.016783
837 1 1 0.017926
838 2 2 0.0148127
839 9 9 0.0513961
840 4 4 0.0488532
