1 44 44 0.160298
2 19 19 0.51814
3 60 60 0.048037
4 7 7 0.299377
5 5 5 0.041407
6 64 64 0.028829
7 66 66 0.027077
8 56 56 0.082048
9 28 28 0.354445
10 21 21 0.194283
11 55 55 0.031762
12 73 73 0.081896
13 18 18 0.07532
14 52 52 0.057906
15 1 1 0.862852
16 22 22 0.550172
17 1 1 0.628481
18 59 59 0.073039
19 38 38 0.020766
20 15 15 0.618796
21 20 20 0.694708
22 35 35 0.031662
23 25 25 0.011704
24 35 35 0.213372
25 27 27 0.478014
26 61 61 0.033769
27 31 31 0.017538
28 35 35 0.055003
29 31 31 0.113343
30 31 31 0.065612
31 19 19 0.010186
32 12 12 0.440536
33 13 13 0.430056
34 23 23 0.316443
35 21 21 0.47934
36 22 22 0.287639
37 12 12 0.105177
38 21 21 0.405874
39 81 81 0.018809
40 23 23 0.0114
41 42 42 0.02813
42 15 15 0.294758
43 28 28 0.125206
44 47 47 0.031398
45 46 46 0.163374
46 10 10 0.193021
47 10 10 0.644776
48 26 26 0.077262
49 42 42 0.038183
50 5 5 0.01448
51 66 66 0.144318
52 38 38 0.248866
53 57 57 0.053775
54 18 18 0.034174
55 50 50 0.077493
56 6 6 0.020751
57 1 1 0.59962
58 45 45 0.026486
59 16 16 0.466077
60 47 47 0.125239
61 24 24 0.150768
62 32 32 0.011328
63 5 5 0.02945
64 36 36 0.241157
65 14 14 0.958577
66 10 10 0.398554
67 1 1 1.376292
68 55 55 0.20604
69 24 24 0.025686
70 15 15 0.502333
71 47 47 0.110691
72 24 24 0.195854
73 37 37 0.057007
74 10 10 0.027716
75 47 47 0.114029
76 42 42 0.160977
77 16 16 0.11102
78 23 23 0.016836
79 53 53 0.109865
80 18 18 0.19421
81 24 24 0.523811
82 63 63 0.05733
83 33 33 0.038001
84 17 17 0.914486
85 19 19 0.013722
86 44 44 0.219258
87 44 44 0.041171
88 14 14 0.259281
89 39 39 0.37652
90 24 24 0.403519
91 10 10 0.69792
92 39 39 0.090686
93 12 12 1.059259
94 64 64 0.061444
95 48 48 0.261443
96 11 11 0.650961
97 58 58 0.155207
98 53 53 0.107134
99 10 10 0.499725
100 27 27 0.213871
101 53 53 0.047323
102 33 33 0.062939
103 47 47 0.320807
104 6 6 0.445382
105 1 1 0.686035
106 7 7 0.134561
107 18 18 0.019661
108 45 45 0.017021
109 19 19 0.104828
110 23 23 0.421267
111 27 27 0.021405
112 42 42 0.196174
113 37 37 0.083245
114 52 52 0.13194
115 72 72 0.193582
116 18 18 0.705483
117 37 37 0.077226
118 23 23 0.306698
119 13 13 0.478237
120 15 15 0.546375
121 36 36 0.023175
122 52 52 0.02217
123 57 57 0.085778
124 12 12 0.537148
125 61 61 0.02601
126 41 41 0.068733
127 56 56 0.074766
128 12 12 0.484508
129 10 10 0.505078
130 22 22 0.47531
131 75 75 0.028801
132 18 18 0.338191
133 79 79 0.032039
134 1 1 0.64229
135 26 26 0.152575
136 18 18 0.43987
137 16 16 0.406331
138 1 1 0.838377
139 8 8 0.695593
140 65 65 0.062342
141 20 20 0.479193
142 10 10 0.538166
143 38 38 0.022244
144 35 35 0.036357
145 43 43 0.08367
146 45 45 0.042523
147 12 12 0.516054
148 56 56 0.099849
149 42 42 0.059737
150 33 33 0.181577
151 66 66 0.0444
152 25 25 0.057491
153 41 41 0.088291
154 13 13 0.392351
155 13 13 0.377425
156 66 66 0.038911
157 19 19 0.070792
158 36 36 0.027328
159 41 41 0.119267
160 39 39 0.124917
161 1 1 0.688983
162 10 10 0.623939
163 1 1 0.686419
164 32 32 0.166782
165 18 18 0.3613
166 1 1 0.715387
167 21 21 0.011736
168 44 44 0.205296
169 32 32 0.339208
170 41 41 0.070786
171 21 21 0.507254
172 76 76 0.028147
173 14 14 0.414929
174 74 74 0.049114
175 26 26 0.17472
176 74 74 0.033207
177 52 52 0.018635
178 22 22 0.297997
179 16 16 0.246622
180 4 4 0.055077
181 57 57 0.031953
182 28 28 0.202478
183 50 50 0.012215
184 15 15 0.373634
185 37 37 0.029934
186 50 50 0.084037
187 10 10 0.52792
188 39 39 0.290626
189 21 21 0.381493
190 22 22 0.370744
191 18 18 0.382477
192 15 15 0.313427
193 56 56 0.077561
194 85 85 0.025601
195 69 69 0.090922
196 7 7 0.235805
197 10 10 0.018556
198 48 48 0.019763
199 35 35 0.40853
200 56 56 0.02826
201 54 54 0.048026
202 1 1 0.590723
203 70 70 0.022694
204 20 20 0.357723
205 46 46 0.191631
206 8 8 1.030982
207 1 1 1.107217
208 39 39 0.103286
209 29 29 0.250759
210 1 1 0.595285
211 61 61 0.062784
212 47 47 0.019779
213 10 10 0.513211
214 65 65 0.044213
215 49 49 0.113068
216 49 49 0.02091
217 32 32 0.145573
218 25 25 0.028453
219 12 12 0.45737
220 44 44 0.020797
221 28 28 0.015424
222 1 1 0.78923
223 38 38 0.323017
224 12 12 0.52465
225 59 59 0.047582
226 1 1 0.582672
227 27 27 0.327521
228 22 22 0.139735
229 56 56 0.021954
230 26 26 0.037457
231 66 66 0.103153
232 74 74 0.03656
233 52 52 0.08712
234 20 20 0.412565
235 75 75 0.046461
236 11 11 0.012696
237 40 40 0.014252
238 17 17 0.034208
239 31 31 0.020618
240 47 47 0.146802
241 1 1 0.743033
242 33 33 0.095495
243 57 57 0.105711
244 57 57 0.061368
245 10 10 0.695562
246 1 1 0.568558
247 14 14 0.627263
248 10 10 0.032209
249 65 65 0.056553
250 24 24 0.204777
251 34 34 0.220725
252 63 63 0.065403
253 15 15 0.126202
254 44 44 0.028895
255 45 45 0.106939
256 31 31 0.254778
257 29 29 0.236308
258 74 74 0.073896
259 67 67 0.048636
260 53 53 0.027793
261 8 8 0.475594
262 84 84 0.022471
263 38 38 0.098115
264 1 1 0.605585
265 57 57 0.061999
266 1 1 0.614012
267 36 36 0.068808
268 27 27 0.122689
269 51 51 0.106439
270 52 52 0.07163
271 31 31 0.269034
272 1 1 0.625643
273 71 71 0.015889
274 21 21 0.043772
275 11 11 0.147652
276 30 30 0.095694
277 46 46 0.103319
278 20 20 0.424335
279 9 9 0.057343
280 40 40 0.07584
281 49 49 0.054248
282 18 18 0.439228
283 57 57 0.016955
284 21 21 0.420053
285 54 54 0.023936
286 79 79 0.017131
287 49 49 0.089079
288 14 14 0.430874
289 15 15 0.481239
290 47 47 0.086015
291 41 41 0.113922
292 32 32 0.02738
293 23 23 0.380148
294 12 12 0.580155
295 67 67 0.022748
296 38 38 0.027525
297 44 44 0.173283
298 12 12 0.381761
299 22 22 0.371734
300 13 13 0.376722
301 26 26 0.276031
302 57 57 0.088633
303 32 32 0.43018
304 40 40 0.030977
305 41 41 0.131881
306 26 26 0.030726
307 12 12 0.553246
308 20 20 0.092934
309 12 12 0.084461
310 8 8 0.438958
311 1 1 0.62292
312 30 30 0.131702
313 63 63 0.063213
314 23 23 0.015981
315 50 50 0.221311
316 32 32 0.256514
317 53 53 0.127653
318 48 48 0.012007
319 1 1 0.611119
320 12 12 0.653855
321 18 18 0.328622
322 44 44 0.167597
323 13 13 0.008443
324 9 9 0.399262
325 14 14 0.461344
326 35 35 0.111668
327 56 56 0.060992
328 45 45 0.143805
329 30 30 0.304509
330 49 49 0.056328
331 17 17 0.336251
332 12 12 0.50399
333 17 17 0.246558
334 71 71 0.026811
335 58 58 0.122344
336 38 38 0.043852
337 41 41 0.179245
338 39 39 0.183704
339 10 10 0.509199
340 67 67 0.020297
341 17 17 0.469814
342 10 10 0.57742
343 8 8 0.497081
344 42 42 0.019039
345 71 71 0.015175
346 26 26 0.19642
347 47 47 0.070647
348 21 21 0.268081
349 22 22 0.350504
350 16 16 0.568342
351 54 54 0.023655
352 32 32 0.272632
353 29 29 0.050486
354 25 25 0.224677
355 35 35 0.029195
356 1 1 0.640425
357 22 22 0.154626
358 1 1 0.682914
359 26 26 0.318161
360 48 48 0.089312
361 25 25 0.268416
362 11 11 0.480837
363 41 41 0.067809
364 71 71 0.056248
365 14 14 0.733539
366 19 19 0.127258
367 71 71 0.031093
368 63 63 0.012898
369 47 47 0.072191
370 1 1 0.550296
371 10 10 0.949712
372 92 92 0.018056
373 39 39 0.185691
374 22 22 0.354855
375 1 1 0.759726
376 31 31 0.229125
377 45 45 0.148851
378 58 58 0.033659
379 69 69 0.026321
380 40 40 0.091508
381 12 12 0.683461
382 58 58 0.130362
383 38 38 0.268107
384 22 22 0.33157
385 48 48 0.208074
386 13 13 0.070557
387 53 53 0.077873
388 26 26 0.093203
389 40 40 0.160471
390 32 32 0.026061
391 27 27 0.278073
392 16 16 0.328594
393 21 21 0.181932
394 12 12 0.668497
395 25 25 0.332435
396 24 24 0.489841
397 51 51 0.015139
398 13 13 0.246986
399 50 50 0.153066
400 50 50 0.138406
401 38 38 0.169602
402 4 4 0.065732
403 29 29 0.266781
404 39 39 0.14448
405 16 16 0.221212
406 4 4 0.777198
407 53 53 0.049518
408 40 40 0.025703
409 8 8 0.06472
410 33 33 0.203998
411 78 78 0.029738
412 26 26 0.253094
413 68 68 0.034307
414 6 6 0.258762
415 49 49 0.050447
416 43 43 0.140468
417 15 15 0.375259
418 8 8 0.043407
419 1 1 0.543573
420 38 38 0.093889
421 51 51 0.4226659
422 61 61 0.2286474
423 25 25 0.357069
424 14 14 0.169239
425 14 14 0.9022583
426 26 26 0.8834166
427 30 30 0.3575802
428 40 40 0.0900276
429 23 23 0.0602864
430 43 43 0.1783003
431 35 35 0.5467219
432 51 51 0.1767309
433 55 55 0.0744275
434 11 11 0.8254847
435 62 62 0.1422817
436 25 25 0.4216636
437 12 12 1.0588415
438 21 21 0.5942331
439 17 17 0.3902627
440 1 1 1.1759423
441 53 53 0.1485346
442 71 71 0.0717897
443 10 10 0.8590045
444 1 1 1.1690557
445 24 24 0.0230279
446 18 18 0.0136168
447 40 40 0.0545251
448 15 15 0.7081897
449 6 6 0.9393426
450 34 34 0.0678854
451 64 64 0.0181518
452 37 37 0.2221159
453 9 9 0.4605386
454 40 40 0.057477
455 44 44 0.2409006
456 21 21 0.0270557
457 34 34 0.0151231
458 67 67 0.112285
459 30 30 0.0170649
460 1 1 1.4137292
461 1 1 1.2570925
462 1 1 1.1736386
463 34 34 0.4228958
464 12 12 0.8011782
465 12 12 0.8147541
466 52 52 0.146343
467 40 40 0.0868713
468 35 35 0.4944179
469 19 19 0.0144961
470 63 63 0.1071557
471 44 44 0.1536876
472 11 11 0.0227272
473 6 6 0.9581081
474 33 33 0.3197102
475 6 6 0.9855221
476 38 38 0.0663432
477 16 16 0.0286415
478 51 51 0.019277
479 26 26 0.4258318
480 29 29 0.0224242
481 29 29 0.0932275
482 67 67 0.0182501
483 50 50 0.1526134
484 15 15 0.9741411
485 24 24 0.4009959
486 83 83 0.0949929
487 14 14 0.4702198
488 1 1 1.1518439
489 31 31 0.4033551
490 29 29 0.4224525
491 47 47 0.0614837
492 5 5 0.1630253
493 45 45 0.0366154
494 37 37 0.3052902
495 55 55 0.02881
496 32 32 0.1726774
497 56 56 0.1217428
498 1 1 1.2074719
499 70 70 0.1138565
500 12 12 0.9808827
501 8 8 0.1811226
502 10 10 1.2011589
503 28 28 0.5390596
504 14 14 0.1083919
505 18 18 0.5975869
506 21 21 0.0489113
507 37 37 0.0444734
508 46 46 0.1737745
509 47 47 0.0642432
510 15 15 0.8294666
511 66 66 0.0563486
512 54 54 0.076196
513 25 25 0.3764553
514 43 43 0.0293061
515 35 35 0.0727489
516 45 45 0.168702
517 22 22 0.6660298
518 6 6 1.0642142
519 26 26 0.4767568
520 12 12 0.0127256
521 52 52 0.1836999
522 19 19 0.0168465
523 12 12 1.2646849
524 44 44 0.2254292
525 42 42 0.0246576
526 10 10 0.2653157
527 65 65 0.0459073
528 47 47 0.0503799
529 40 40 0.0920373
530 47 47 0.2067643
531 19 19 0.4693503
532 1 1 1.2975279
533 42 42 0.3710147
534 20 20 0.3395921
535 42 42 0.123813
536 14 14 0.0942887
537 55 55 0.0583051
538 32 32 0.0508909
539 45 45 0.1960768
540 16 16 0.1202813
541 42 42 0.044942
542 10 10 1.220379
543 35 35 0.0851034
544 30 30 0.0264199
545 35 35 0.2809719
546 37 37 0.2188156
547 46 46 0.229483
548 60 60 0.0704374
549 60 60 0.074007
550 1 1 1.1263624
551 17 17 0.7781854
552 59 59 0.2882843
553 77 77 0.0843457
554 14 14 0.7680923
555 13 13 0.877056
556 17 17 0.6823646
557 31 31 0.4828464
558 35 35 0.2757676
559 57 57 0.0457795
560 61 61 0.1290256
561 1 1 1.1633211
562 44 44 0.1859359
563 1 1 1.2042181
564 73 73 0.032205
565 15 15 0.8141041
566 21 21 0.7186409
567 37 37 0.0366377
568 36 36 0.2431525
569 30 30 0.1584646
570 55 55 0.1395799
571 22 22 0.0270992
572 30 30 0.1403889
573 54 54 0.0582828
574 1 1 1.1593137
575 42 42 0.1660949
576 52 52 0.1341588
577 50 50 0.0274792
578 5 5 0.0229956
579 50 50 0.0391969
580 14 14 0.9904525
581 1 1 1.2204415
582 29 29 0.4882091
583 16 16 0.819336
584 56 56 0.0653727
585 9 9 0.4749493
586 25 25 0.2030102
587 26 26 0.5658828
588 39 39 0.2662078
589 32 32 0.4324704
590 29 29 0.2834657
591 87 87 0.0389608
592 35 35 0.1324902
593 1 1 1.2214283
594 45 45 0.1115723
595 36 36 0.2779344
596 58 58 0.045094
597 12 12 0.8870076
598 2 2 1.0006796
599 11 11 0.6494981
600 36 36 0.2566316
601 41 41 0.0182941
602 43 43 0.1830988
603 20 20 0.7155385
604 22 22 0.622224
605 49 49 0.0696058
606 52 52 0.0431815
607 34 34 0.4042972
608 1 1 1.4442211
609 48 48 0.0200819
610 18 18 0.7188101
611 66 66 0.1237146
612 27 27 0.3197769
613 58 58 0.1348592
614 37 37 0.0271311
615 37 37 0.0358836
616 60 60 0.1046869
617 12 12 1.0649163
618 36 36 0.3723496
619 48 48 0.2216555
620 18 18 0.8804526
621 35 35 0.0279151
622 26 26 0.1431653
623 14 14 0.9056536
624 76 76 0.0676207
625 21 21 0.705889
626 8 8 1.0027841
627 31 31 0.3535636
628 38 38 0.2917774
629 2 2 0.8591139
630 42 42 0.1025584
631 12 12 0.7174371
632 8 8 1.1754712
633 53 53 0.1748288
634 29 29 0.0165131
635 38 38 0.0939318
636 4 4 0.2224971
637 12 12 0.7845745
638 1 1 1.523107
639 25 25 0.6440789
640 48 48 0.0337962
641 42 42 0.1134902
642 18 18 0.3764763
643 30 30 0.2778323
644 33 33 0.2674981
645 9 9 0.0752634
646 5 5 0.0789953
647 10 10 0.7255387
648 29 29 0.2541097
649 33 33 0.4360778
650 12 12 1.0118136
651 40 40 0.2345484
652 39 39 0.144172
653 51 51 0.1913862
654 17 17 0.3242276
655 74 74 0.0292461
656 17 17 0.866287
657 24 24 0.3352749
658 58 58 0.0220318
659 53 53 0.0941296
660 40 40 0.0433487
661 1 1 1.2392069
662 34 34 0.2590291
663 37 37 0.0244453
664 24 24 0.5613947
665 56 56 0.0176998
666 76 76 0.0388503
667 16 16 0.7341869
668 13 13 0.0141792
669 18 18 0.2407913
670 28 28 0.29598
671 35 35 0.0985465
672 1 1 1.298449
673 12 12 0.0266286
674 29 29 0.2340746
675 48 48 0.0543611
676 31 31 0.3008981
677 13 13 0.8732106
678 59 59 0.020773
679 51 51 0.0290623
680 15 15 0.1845728
681 63 63 0.0285492
682 28 28 0.236145
683 4 4 1.0322449
684 33 33 0.0128405
685 51 51 0.1452244
686 41 41 0.0621039
687 32 32 0.0900853
688 62 62 0.0280086
689 1 1 1.3293751
690 47 47 0.0811055
691 23 23 0.3155455
692 20 20 0.5138642
693 74 74 0.0525456
694 48 48 0.2122966
695 33 33 0.0452816
696 4 4 0.0952576
697 28 28 0.5387432
698 1 1 1.2827791
699 62 62 0.1376149
700 26 26 0.0563421
701 11 11 0.7058178
702 42 42 0.3669803
703 1 1 1.2563155
704 22 22 0.5488539
705 34 34 0.0286812
706 43 43 0.2563817
707 31 31 0.2482221
708 27 27 0.0212
709 61 61 0.0873093
710 22 22 0.1151714
711 62 62 0.0479471
712 18 18 0.6063195
713 14 14 0.9213576
714 45 45 0.0599951
715 7 7 0.032671
716 32 32 0.163863
717 8 8 0.7219106
718 30 30 0.3177348
719 50 50 0.2578058
720 21 21 0.8353954
721 48 48 0.1529268
722 12 12 0.8273702
723 12 12 0.015478
724 1 1 1.1776432
725 13 13 0.873384
726 44 44 0.0727525
727 26 26 0.3755244
728 41 41 0.2781625
729 54 54 0.0309139
730 54 54 0.2742707
731 21 21 0.5980727
732 31 31 0.5868915
733 30 30 0.120066
734 74 74 0.0238125
735 1 1 1.2240659
736 44 44 0.1688358
737 62 62 0.1117773
738 12 12 0.9985078
739 57 57 0.0999972
740 55 55 0.0175651
741 62 62 0.0927737
742 1 1 1.2501252
743 1 1 1.2379755
744 20 20 0.4070374
745 24 24 0.438405
746 60 60 0.0424753
747 25 25 0.0134989
748 30 30 0.1930313
749 8 8 0.7144268
750 19 19 0.757267
751 67 67 0.0820799
752 19 19 0.200709
753 33 33 0.2066254
754 21 21 0.731092
755 13 13 0.8189427
756 75 75 0.0500088
757 29 29 0.4907894
758 65 65 0.0920754
759 1 1 1.2921089
760 46 46 0.0229641
761 28 28 0.1918381
762 40 40 0.174021
763 59 59 0.0204364
764 33 33 0.2846261
765 12 12 1.0567825
766 33 33 0.4358585
767 43 43 0.0324287
768 59 59 0.0922781
769 39 39 0.3168993
770 12 12 1.0348953
771 6 6 0.4499346
772 23 23 0.528297
773 28 28 0.3028763
774 4 4 0.6992722
775 49 49 0.0728103
776 1 1 1.5682376
777 8 8 1.2406445
778 1 1 1.236157
779 48 48 0.176378
780 10 10 0.7505814
781 53 53 0.0548805
782 29 29 0.0364888
783 1 1 1.1773437
784 5 5 0.8080123
785 51 51 0.0493773
786 8 8 0.5629307
787 28 28 0.1219318
788 55 55 0.130649
789 43 43 0.0935867
790 25 25 0.3407484
791 55 55 0.0297137
792 72 72 0.0600213
793 56 56 0.024473
794 23 23 0.169886
795 88 88 0.020578
796 27 27 0.4629026
797 89 89 0.0380579
798 32 32 0.3003039
799 22 22 0.0204716
800 28 28 0.4226577
801 20 20 0.0880862
802 11 11 0.0149245
803 36 36 0.3813214
804 23 23 0.0156652
805 23 23 0.5125158
806 24 24 0.6025508
807 1 1 1.1944926
808 37 37 0.042599
809 28 28 0.5883365
810 1 1 1.2783333
811 20 20 0.4666927
812 8 8 1.0850607
813 57 57 0.1074768
814 36 36 0.3758324
815 1 1 1.4359623
816 24 24 0.1133349
817 62 62 0.0318022
818 1 1 1.218435
819 59 59 0.0786129
820 44 44 0.0748893
821 8 8 1.0297571
822 12 12 1.00712
823 10 10 1.0175256
824 10 10 0.6941978
825 9 9 0.8317686
826 1 1 1.1974711
827 31 31 0.107089
828 20 20 0.7881779
829 38 38 0.3267885
830 21 21 0.6426776
831 24 24 0.0152622
832 19 19 0.5028779
833 50 50 0.0934425
834 60 60 0.0212542
835 21 21 0.3366668
836 2 2 0.8190519
837 17 17 0.0192943
838 27 27 0.5448728
839 5 5 0.0313002
840 59 59 0.0348093
