1 25 19 0.208821
2 16 15 0.065244
3 30 20 0.057158
4 22 17 0.066456
5 15 14 0.08342
6 22 18 0.039021
7 16 16 0.059089
8 24 19 0.03991
9 22 20 0.060071
10 21 17 0.028685
11 25 17 0.017372
12 25 18 0.019739
13 18 16 0.018443
14 17 16 0.054425
15 19 15 0.01821
16 27 20 0.020231
17 22 19 0.01733
18 26 20 0.01958
19 18 16 0.092735
20 16 14 0.019274
21 22 19 0.050085
22 19 18 0.031327
23 16 16 0.016132
24 24 23 0.016023
25 24 18 0.016518
26 19 17 0.019225
27 19 18 0.015252
28 17 16 0.018146
29 20 17 0.037099
30 20 16 0.015483
31 27 20 0.027679
32 21 16 0.024201
33 21 18 0.040972
34 21 17 0.027314
35 16 16 0.032586
36 19 16 0.029035
37 23 20 0.032052
38 27 20 0.032462
39 24 19 0.028324
40 20 19 0.032809
41 22 18 0.044879
42 17 16 0.032574
43 13 12 0.042926
44 18 16 0.016409
45 21 18 0.01915
46 22 17 0.018054
47 19 16 0.041666
48 27 22 0.015557
49 22 18 0.043916
50 22 18 0.0306
51 22 19 0.016872
52 18 17 0.041566
53 19 16 0.016558
54 20 17 0.0504
55 18 17 0.063702
56 21 17 0.016363
57 16 15 0.015988
58 21 18 0.016249
59 19 17 0.02037
60 14 13 0.018354
61 16 14 0.016368
62 18 15 0.016415
63 20 18 0.03847
64 18 16 0.06053
65 17 16 0.019398
66 18 17 0.015746
67 23 21 0.015053
68 25 20 0.016786
69 23 18 0.038739
70 32 21 0.031513
71 18 15 0.017683
72 18 16 0.016475
73 20 16 0.036676
74 12 12 0.016266
75 20 18 0.016097
76 15 15 0.018784
77 15 14 0.015524
78 32 23 0.014016
79 17 15 0.016214
80 24 20 0.01746
81 21 19 0.018063
82 16 14 0.016046
83 18 15 0.015401
84 19 17 0.017888
85 19 17 0.015973
86 17 15 0.016735
87 19 16 0.016098
88 21 18 0.019077
89 16 15 0.016933
90 15 14 0.016825
91 19 18 0.020683
92 17 14 0.015954
93 23 17 0.016474
94 31 24 0.042844
95 19 16 0.016066
96 24 20 0.014243
97 16 15 0.025611
98 28 22 0.014748
99 22 19 0.016337
100 16 13 0.015412
101 20 19 0.020056
102 15 13 0.015769
103 22 21 0.015396
104 16 14 0.015849
105 18 14 0.015541
106 18 17 0.015735
107 18 17 0.017413
108 22 17 0.015502
109 24 18 0.016589
110 23 20 0.030931
111 19 17 0.031919
112 18 16 0.033228
113 21 15 0.029472
114 23 18 0.013857
115 18 17 0.025731
116 17 16 0.016995
117 25 20 0.013969
118 25 21 0.04262
119 15 15 0.026393
120 22 19 0.017132
121 17 15 0.019914
122 20 17 0.039392
123 27 20 0.037922
124 21 18 0.050796
125 23 18 0.025756
126 32 23 0.041135
127 26 21 0.015571
128 23 17 0.016383
129 16 16 0.016359
130 18 17 0.0294
131 21 16 0.032572
132 16 14 0.030529
133 12 12 0.020559
134 27 23 0.029326
135 22 18 0.064226
136 22 17 0.037357
137 16 14 0.027079
138 22 17 0.024058
139 17 15 0.043196
140 22 18 0.046586
141 19 17 0.035138
142 23 20 0.020063
143 23 18 0.016189
144 20 17 0.017096
145 25 18 0.040201
146 21 18 0.016266
147 18 15 0.016291
148 23 19 0.017846
149 24 19 0.017889
150 21 17 0.019787
151 16 14 0.016453
152 20 15 0.016756
153 23 18 0.015908
154 15 14 0.015743
155 24 20 0.016289
156 20 17 0.017096
157 18 16 0.016466
158 28 21 0.035583
159 17 17 0.016
160 18 16 0.015099
161 20 17 0.029175
162 26 21 0.039381
163 15 15 0.04941
164 30 21 0.016634
165 27 18 0.015708
166 21 18 0.016436
167 21 18 0.016578
168 21 17 0.01691
169 21 18 0.016194
170 28 21 0.01616
171 27 21 0.018536
172 30 21 0.014851
173 19 15 0.015441
174 24 21 0.034576
175 17 14 0.045332
176 16 15 0.015774
177 21 18 0.032392
178 20 16 0.020623
179 22 19 0.016959
180 25 19 0.016197
181 18 16 0.018127
182 22 19 0.016312
183 18 17 0.015266
184 26 20 0.016213
185 15 13 0.017661
186 17 16 0.015213
187 21 19 0.015112
188 17 14 0.016214
189 18 16 0.014673
190 20 17 0.015474
191 15 14 0.016205
192 16 15 0.01742
193 18 16 0.033155
194 24 19 0.015775
195 19 15 0.018457
196 15 15 0.031982
197 14 12 0.016218
198 19 17 0.017934
199 16 14 0.029649
200 27 18 0.03591
201 15 14 0.015414
202 20 17 0.016632
203 29 21 0.018023
204 18 15 0.031236
205 15 14 0.036422
206 19 17 0.014262
207 13 13 0.017027
208 22 19 0.01489
209 25 20 0.01648
210 21 17 0.014066
211 18 17 0.027882
212 15 14 0.016014
213 23 18 0.056562
214 19 16 0.021385
215 23 18 0.019204
216 19 16 0.018084
217 22 17 0.02743
218 17 16 0.017635
219 25 20 0.01578
220 27 21 0.025417
221 22 19 0.02993
222 15 14 0.028898
223 24 19 0.045093
224 19 16 0.040295
225 22 18 0.018491
226 22 16 0.014332
227 15 14 0.015127
228 17 16 0.014349
229 16 15 0.028477
230 19 16 0.041233
231 19 16 0.032674
232 11 11 0.028407
233 18 17 0.029297
234 25 21 0.031317
235 25 19 0.047523
236 24 20 0.041543
237 23 19 0.030693
238 27 21 0.034211
239 27 22 0.02926
240 17 14 0.015415
241 14 13 0.015517
242 20 19 0.017929
243 28 21 0.013914
244 22 17 0.016405
245 20 17 0.017882
246 25 21 0.024899
247 24 20 0.01771
248 27 19 0.016959
249 21 17 0.01571
250 19 16 0.033227
251 31 22 0.056401
252 20 17 0.01591
253 17 15 0.016127
254 20 17 0.029177
255 20 17 0.03539
256 21 17 0.033463
257 20 16 0.02841
258 27 20 0.042642
259 19 17 0.0297
260 19 18 0.031063
261 22 19 0.036863
262 20 16 0.029104
263 22 16 0.032216
264 25 18 0.039083
265 26 20 0.031406
266 26 22 0.0296
267 18 15 0.032563
268 18 16 0.026991
269 20 16 0.048027
270 25 19 0.017265
271 17 16 0.048456
272 23 20 0.031262
273 16 15 0.031566
274 23 20 0.018682
275 18 16 0.015601
276 22 21 0.017367
277 16 16 0.017124
278 19 17 0.015349
279 22 19 0.014183
280 23 19 0.015445
281 18 17 0.018431
282 22 17 0.025244
283 23 19 0.014831
284 19 18 0.031892
285 24 21 0.016347
286 24 20 0.033263
287 22 16 0.043778
288 22 18 0.015903
289 20 17 0.015171
290 20 19 0.016372
291 21 19 0.019793
292 23 20 0.019271
293 13 13 0.016422
294 13 12 0.036953
295 24 18 0.063152
296 22 17 0.035398
297 30 22 0.013857
298 20 16 0.031508
299 24 19 0.043273
300 22 19 0.024056
301 23 20 0.035346
302 19 17 0.015667
303 20 18 0.01671
304 27 20 0.015971
305 20 17 0.040015
306 22 19 0.041887
307 23 19 0.033466
308 24 20 0.01536
309 20 17 0.02838
310 26 20 0.016697
311 20 17 0.016438
312 14 13 0.016171
313 16 14 0.016925
314 22 18 0.01699
315 17 17 0.015896
316 22 17 0.015515
317 23 20 0.032138
318 25 19 0.03961
319 20 17 0.033486
320 19 17 0.017578
321 17 16 0.0176
322 19 18 0.034733
323 19 16 0.015513
324 21 18 0.016617
325 21 17 0.038478
326 20 17 0.015315
327 21 17 0.015236
328 31 22 0.015002
329 13 12 0.016664
330 19 16 0.015032
331 24 19 0.039115
332 18 15 0.032447
333 32 21 0.043767
334 17 16 0.018467
335 18 17 0.017811
336 17 15 0.018545
337 16 15 0.020429
338 26 19 0.014833
339 24 18 0.028562
340 27 20 0.043668
341 18 18 0.036755
342 20 17 0.034296
343 14 14 0.015526
344 17 15 0.015341
345 17 15 0.022269
346 15 14 0.015125
347 17 15 0.016065
348 22 17 0.014638
349 20 17 0.019917
350 19 18 0.016125
351 20 17 0.01786
352 30 22 0.013642
353 17 16 0.017499
354 24 19 0.015889
355 26 20 0.016897
356 20 18 0.016781
357 25 20 0.015412
358 23 19 0.015479
359 24 20 0.016193
360 20 17 0.015726
361 20 19 0.023875
362 24 19 0.01547
363 25 20 0.015422
364 25 19 0.017061
365 17 15 0.015567
366 25 22 0.015355
367 14 14 0.017898
368 21 18 0.015917
369 20 19 0.019151
370 22 19 0.018247
371 20 17 0.017841
372 17 17 0.015923
373 15 15 0.031537
374 23 18 0.025683
375 23 18 0.03249
376 16 15 0.019805
377 18 16 0.019408
378 24 20 0.015253
379 20 17 0.01605
380 25 20 0.014329
381 18 17 0.019914
382 21 17 0.017858
383 24 20 0.015797
384 16 14 0.015108
385 22 20 0.018615
386 19 16 0.017199
387 18 15 0.019735
388 16 15 0.015934
389 17 15 0.015288
390 16 15 0.036114
391 25 19 0.016237
392 16 16 0.015991
393 22 17 0.014405
394 20 18 0.021053
395 21 17 0.041144
396 22 18 0.017033
397 18 17 0.026093
398 19 17 0.018923
399 24 22 0.028626
400 20 16 0.017506
401 19 15 0.032678
402 23 18 0.016643
403 20 17 0.016351
404 18 17 0.050566
405 18 15 0.0484
406 14 13 0.015802
407 27 22 0.019317
408 24 23 0.01509
409 18 17 0.046851
410 16 15 0.053443
411 18 16 0.014196
412 23 20 0.038244
413 25 22 0.025185
414 22 20 0.015867
415 18 16 0.022463
416 18 16 0.015989
417 20 18 0.016576
418 25 20 0.041331
419 14 14 0.024433
420 18 15 0.016102
421 17 15 0.2518248
422 23 19 0.1286863
423 23 17 0.0533584
424 23 18 0.046718
425 19 18 0.0752305
426 23 20 0.0442905
427 14 13 0.0316093
428 22 20 0.0344114
429 21 18 0.0449325
430 28 18 0.0424008
431 17 15 0.0493222
432 11 11 0.0534532
433 27 22 0.035382
434 19 17 0.036576
435 16 14 0.0505133
436 23 18 0.0296313
437 18 18 0.0341786
438 22 21 0.0342564
439 16 15 0.0276337
440 22 18 0.0300585
441 20 17 0.0623987
442 17 16 0.0339105
443 23 19 0.0553571
444 29 23 0.0314393
445 24 18 0.0314285
446 23 18 0.0356541
447 28 22 0.0285542
448 17 16 0.0509469
449 16 14 0.0292513
450 17 15 0.0309778
451 14 12 0.0297049
452 20 17 0.0295532
453 18 16 0.0303241
454 15 14 0.035586
455 23 18 0.0317351
456 18 16 0.0487922
457 16 15 0.0693518
458 20 18 0.0698796
459 20 16 0.0902336
460 22 20 0.1104109
461 20 17 0.1330706
462 29 21 0.1118245
463 25 19 0.0543119
464 26 20 0.0366172
465 23 19 0.0548921
466 24 19 0.0468363
467 20 17 0.0446132
468 16 16 0.030283
469 18 15 0.0348603
470 26 21 0.0545071
471 16 15 0.0410506
472 18 17 0.0449828
473 21 19 0.0326146
474 19 18 0.0256267
475 22 19 0.0272212
476 16 15 0.0523403
477 22 20 0.0254047
478 19 16 0.0308255
479 20 18 0.0362247
480 24 18 0.0427641
481 14 13 0.0514942
482 16 15 0.0762697
483 16 15 0.0581773
484 18 17 0.0252312
485 21 16 0.0728403
486 21 18 0.0443071
487 18 14 0.0385726
488 24 18 0.0283108
489 19 18 0.0267414
490 22 20 0.0400615
491 13 13 0.0702759
492 20 17 0.0622357
493 32 24 0.0309262
494 23 18 0.0592795
495 18 17 0.0511665
496 22 21 0.0561277
497 23 17 0.0505527
498 17 15 0.0507535
499 19 18 0.0512908
500 22 20 0.0480149
501 13 13 0.0274451
502 25 21 0.0517303
503 25 20 0.0458435
504 23 20 0.0464208
505 19 16 0.0538675
506 16 14 0.0543133
507 16 15 0.0312003
508 21 18 0.0591439
509 19 16 0.048512
510 23 19 0.027742
511 21 18 0.0441015
512 30 23 0.0458105
513 27 21 0.0329551
514 18 15 0.0256191
515 15 14 0.0488722
516 28 21 0.0514468
517 20 18 0.0524506
518 22 18 0.0268917
519 16 13 0.0444604
520 23 18 0.0369213
521 19 17 0.0444483
522 18 16 0.0503725
523 15 14 0.0452662
524 21 19 0.0399109
525 27 20 0.035858
526 22 17 0.0758809
527 13 13 0.0299638
528 19 16 0.026686
529 26 18 0.0258441
530 19 17 0.042286
531 31 21 0.0395147
532 23 16 0.056842
533 20 17 0.0422636
534 24 21 0.0275076
535 21 17 0.0369722
536 19 18 0.045939
537 26 20 0.0368874
538 21 17 0.0452231
539 18 15 0.0288952
540 17 15 0.0338105
541 20 18 0.0433966
542 18 16 0.027093
543 24 22 0.0314568
544 22 15 0.0258855
545 16 14 0.0258586
546 18 15 0.0383097
547 13 13 0.0348327
548 17 14 0.0385415
549 14 13 0.0368032
550 27 21 0.0293978
551 31 20 0.0280853
552 20 17 0.0363186
553 21 19 0.0285386
554 14 13 0.040741
555 21 17 0.0613652
556 18 15 0.0357541
557 26 20 0.0258954
558 23 18 0.0267215
559 23 19 0.0248501
560 13 13 0.0338335
561 27 21 0.0391111
562 18 16 0.0341696
563 24 20 0.0363612
564 23 19 0.0334264
565 26 18 0.0323634
566 21 19 0.0283161
567 25 20 0.0394027
568 23 18 0.0252086
569 15 14 0.0465564
570 18 17 0.0364488
571 22 18 0.0326377
572 17 16 0.0282025
573 21 18 0.0440298
574 21 19 0.0247355
575 21 19 0.0239948
576 21 18 0.034242
577 17 17 0.0324753
578 22 21 0.04847
579 22 18 0.0381645
580 21 18 0.0303083
581 21 19 0.0301709
582 21 18 0.052154
583 24 21 0.0361508
584 20 18 0.0369806
585 26 21 0.0334491
586 13 12 0.0340415
587 14 14 0.0412304
588 22 18 0.0300852
589 20 17 0.0302723
590 19 16 0.0274737
591 21 17 0.025076
592 26 20 0.0245471
593 21 17 0.0310138
594 21 18 0.0277341
595 21 18 0.0304188
596 16 15 0.0262405
597 17 16 0.0279938
598 15 14 0.0330155
599 20 18 0.0310244
600 17 16 0.0290448
601 22 19 0.0253865
602 31 24 0.0254328
603 26 21 0.0251139
604 15 14 0.0278666
605 16 15 0.0228574
606 19 16 0.0276683
607 27 21 0.0249269
608 25 20 0.0295056
609 20 16 0.0255437
610 24 19 0.0272434
611 20 16 0.0295863
612 23 18 0.0290798
613 20 17 0.0470017
614 18 16 0.0370495
615 13 12 0.0429258
616 21 19 0.0417522
617 20 16 0.0346369
618 24 20 0.0291958
619 15 14 0.0241798
620 16 15 0.0320056
621 18 14 0.0246537
622 19 17 0.030333
623 17 15 0.0311863
624 14 13 0.0244579
625 20 16 0.0253179
626 27 19 0.0257238
627 27 21 0.0328418
628 22 20 0.0320066
629 22 20 0.0271521
630 22 18 0.0264717
631 21 18 0.0254303
632 32 22 0.0277654
633 25 18 0.0235113
634 32 22 0.034661
635 21 18 0.0280636
636 16 15 0.026203
637 21 16 0.0231984
638 23 18 0.0280769
639 19 17 0.0557247
640 25 19 0.0294595
641 20 16 0.0226592
642 19 16 0.0314517
643 18 14 0.0401891
644 21 18 0.0280436
645 21 18 0.0270928
646 19 15 0.0244303
647 16 16 0.0237624
648 22 19 0.0288961
649 23 19 0.0288772
650 18 17 0.0231791
651 25 19 0.0305092
652 21 18 0.0282431
653 21 18 0.0251257
654 15 12 0.0500408
655 18 16 0.0316072
656 18 16 0.0286228
657 21 17 0.024344
658 23 18 0.0244547
659 19 17 0.0283844
660 20 17 0.0253361
661 20 16 0.0242922
662 24 20 0.0279173
663 16 15 0.0271686
664 14 14 0.0333211
665 24 20 0.0288034
666 26 19 0.0312068
667 19 17 0.0461901
668 18 16 0.023394
669 12 12 0.0285436
670 21 17 0.0276707
671 16 14 0.0239592
672 19 16 0.0255767
673 12 12 0.0285314
674 16 14 0.0246838
675 24 18 0.0261201
676 29 21 0.0244272
677 25 21 0.0289599
678 26 21 0.0249579
679 19 16 0.0244403
680 22 18 0.0234754
681 17 17 0.0282181
682 13 13 0.027762
683 20 17 0.0246677
684 15 13 0.0235085
685 18 15 0.02683
686 17 14 0.0243773
687 17 15 0.0279341
688 19 17 0.0276376
689 17 15 0.0266806
690 19 16 0.0262548
691 19 15 0.0254791
692 25 19 0.0253331
693 18 14 0.0281597
694 24 21 0.0403239
695 23 18 0.0282708
696 21 19 0.0288521
697 21 19 0.0301437
698 20 17 0.0347312
699 19 15 0.0354865
700 22 19 0.0315462
701 17 16 0.0255793
702 19 17 0.0281687
703 18 14 0.0265884
704 18 16 0.0317239
705 18 17 0.0294964
706 20 18 0.0313962
707 23 19 0.0237272
708 19 19 0.0281455
709 15 15 0.0296043
710 21 16 0.0272586
711 24 18 0.0233498
712 19 15 0.0530972
713 20 17 0.0251015
714 17 16 0.0302234
715 22 17 0.0252477
716 24 19 0.0272306
717 24 19 0.0278834
718 22 16 0.0237731
719 21 17 0.0265748
720 21 18 0.0282158
721 19 16 0.0273229
722 14 13 0.0225024
723 23 17 0.0368479
724 23 20 0.025587
725 19 18 0.0274701
726 19 15 0.0249474
727 21 17 0.0231322
728 16 14 0.02951
729 19 16 0.0240545
730 16 15 0.027853
731 13 12 0.0262749
732 28 22 0.0178565
733 20 18 0.021643
734 17 16 0.0234311
735 23 20 0.0250727
736 19 16 0.0224857
737 21 18 0.0265685
738 21 20 0.0261943
739 20 18 0.0265887
740 22 19 0.0197917
741 22 20 0.0226468
742 22 20 0.0295193
743 21 20 0.0268409
744 18 17 0.0223904
745 22 20 0.0316003
746 21 18 0.0256406
747 19 16 0.0228926
748 17 16 0.0281261
749 22 18 0.0264772
750 29 22 0.0219867
751 16 14 0.0233735
752 18 17 0.0247653
753 17 16 0.0177804
754 15 15 0.0230069
755 22 18 0.0258851
756 22 18 0.0262346
757 20 19 0.0246212
758 22 20 0.0228975
759 21 18 0.0202084
760 23 19 0.0170961
761 17 16 0.019186
762 28 23 0.019121
763 24 18 0.0222472
764 15 14 0.0225791
765 15 14 0.0228217
766 16 14 0.0226741
767 22 19 0.0187813
768 21 16 0.0146479
769 17 14 0.0210297
770 23 18 0.0197418
771 20 18 0.0168863
772 22 17 0.0193406
773 17 15 0.0245093
774 24 20 0.0157949
775 18 17 0.0137859
776 24 19 0.0168538
777 23 20 0.0172453
778 18 16 0.0191451
779 21 18 0.0204061
780 19 16 0.0188958
781 24 22 0.0200381
782 22 16 0.0218789
783 20 18 0.0129476
784 15 14 0.0136213
785 27 22 0.0141179
786 21 17 0.0142693
787 24 18 0.0175819
788 19 15 0.0157007
789 18 14 0.0148505
790 18 15 0.0202336
791 16 16 0.0193642
792 17 16 0.0189678
793 21 18 0.0176793
794 18 16 0.0182266
795 26 19 0.0201394
796 22 18 0.01954
797 24 18 0.0208563
798 18 16 0.0153437
799 15 15 0.0185369
800 25 19 0.0206709
801 18 16 0.0198568
802 23 17 0.0171565
803 19 17 0.0210543
804 14 13 0.0216918
805 20 17 0.0255912
806 16 14 0.021954
807 21 19 0.0271518
808 22 16 0.0250389
809 19 16 0.027422
810 17 16 0.0238147
811 26 19 0.0194957
812 26 20 0.0203145
813 21 20 0.020477
814 21 17 0.0206868
815 20 16 0.0150119
816 15 15 0.0201437
817 24 20 0.0182823
818 26 19 0.0222109
819 21 19 0.0183108
820 25 21 0.0182982
821 19 18 0.0261982
822 19 16 0.0204454
823 16 15 0.018869
824 32 23 0.0216278
825 16 15 0.0197241
826 21 19 0.0132329
827 17 16 0.0200792
828 15 14 0.0217291
829 22 19 0.0209847
830 20 17 0.0184191
831 26 19 0.0184999
832 17 15 0.0170134
833 19 16 0.0206306
834 20 17 0.0216461
835 25 19 0.0194433
836 22 20 0.0214157
837 23 17 0.0202213
838 21 17 0.0129094
839 22 17 0.0118356
840 25 21 0.0225783
