1 290 219 13.403923
2 364 282 11.633602
3 315 238 4.901197
4 308 267 14.229546
5 343 279 6.580734
6 420 324 7.742036
7 337 254 8.8923
8 284 219 22.661635
9 380 283 111.430747
10 423 318 4.376618
11 291 220 29.130174
12 278 221 21.736579
13 475 365 3.909589
14 441 332 31.692413
15 274 213 35.017381
16 495 373 26.783527
17 311 240 41.19408
18 325 266 4.510595
19 273 194 57.083786
20 317 246 12.429931
21 238 197 17.043969
22 371 287 24.220174
23 429 328 14.814293
24 292 230 6.652107
25 287 230 11.117173
26 354 284 3.911142
27 311 242 54.477572
28 479 357 7.367962
29 237 184 9.300466
30 314 258 12.353832
31 269 219 21.464113
32 385 285 113.346281
33 379 304 8.901099
34 264 222 4.535517
35 302 229 4.849112
36 384 302 62.599761
37 263 217 20.131544
38 377 298 28.058512
39 398 295 16.985669
40 308 241 21.27645
41 253 185 17.51655
42 245 197 9.449279
43 350 268 89.733741
44 378 299 6.009271
45 417 327 2.402433
46 318 252 9.143066
47 256 208 18.452702
48 292 234 7.490398
49 342 277 18.93674
50 271 219 18.636004
51 209 175 7.870785
52 374 281 0.572039
53 253 193 19.188278
54 483 365 8.95627
55 363 278 7.44164
56 242 189 18.120115
57 339 262 24.557742
58 261 212 4.904081
59 342 267 46.499743
60 325 250 37.423385
61 245 183 9.007113
62 330 247 124.587771
63 458 343 14.013092
64 395 292 6.762141
65 361 279 18.683166
66 303 251 14.559825
67 304 234 68.162916
68 358 265 43.152811
69 289 224 27.943179
70 458 345 18.578
71 442 334 19.539269
72 373 303 18.450868
73 429 337 30.702276
74 378 321 11.551454
75 358 264 14.478073
76 358 289 15.096211
77 409 319 25.026906
78 327 280 10.706656
79 271 223 40.668463
80 321 252 28.206429
81 423 303 74.60868
82 331 260 26.133528
83 357 277 52.355144
84 424 321 2.808609
85 437 328 6.15161
86 378 301 3.538042
87 287 211 39.949011
88 245 191 13.673089
89 358 284 3.138085
90 331 276 24.218208
91 219 173 5.266648
92 321 224 10.062796
93 433 326 85.786673
94 306 258 9.014267
95 453 342 5.345675
96 351 261 2.538362
97 437 326 19.586184
98 261 215 21.135425
99 253 210 10.675677
100 461 344 26.368934
101 370 286 19.587379
102 424 298 3.866979
103 428 319 35.278742
104 306 233 27.721365
105 282 237 16.586872
106 382 297 6.592268
107 207 166 34.619608
108 334 261 9.820649
109 376 297 84.921357
110 306 248 39.761373
111 319 256 2.501709
112 233 189 35.496517
113 308 227 29.008888
114 360 283 5.079267
115 224 171 25.452895
116 333 252 77.9296
117 336 254 8.074231
118 342 261 44.731618
119 318 246 11.997617
120 362 303 10.496387
121 363 286 8.684157
122 240 197 8.192286
123 352 282 56.75862
124 354 264 19.314837
125 440 338 14.666615
126 276 224 9.827443
127 409 329 6.434604
128 287 229 5.597262
129 401 309 52.679734
130 316 235 21.332902
131 348 264 5.440772
132 305 239 28.068359
133 344 258 14.662061
134 374 286 43.085035
135 366 294 14.961831
136 380 299 3.922328
137 291 236 25.291848
138 319 262 10.134525
139 396 312 1.652869
140 372 295 17.66576
141 304 250 10.4329
142 245 207 9.336511
143 219 182 5.151112
144 263 200 31.788002
145 345 289 18.103728
146 308 242 22.802947
147 415 305 19.30954
148 358 271 38.711588
149 218 179 19.664741
150 289 234 42.911097
151 312 255 9.907163
152 374 282 15.921138
153 266 224 5.029103
154 411 320 12.340731
155 297 228 9.237401
156 321 253 4.955133
157 240 196 11.503191
158 368 282 30.620811
159 340 265 5.185653
160 338 274 6.607379
161 289 213 24.893769
162 352 269 7.028375
163 362 298 13.123289
164 266 218 13.576882
165 401 312 11.811287
166 378 296 16.909242
167 312 268 18.010238
168 281 210 31.859038
169 445 319 16.797298
170 362 262 27.963485
171 365 259 96.992881
172 349 260 5.850118
173 254 204 24.389597
174 366 285 26.298784
175 337 268 28.258656
176 354 287 16.463341
177 324 258 56.110191
178 308 228 65.878556
179 382 286 71.333569
180 456 340 24.295727
181 366 289 21.319324
182 403 317 23.108814
183 319 221 141.457053
184 355 273 11.631359
185 357 267 17.161751
186 349 282 10.405551
187 366 284 48.532896
188 228 182 24.627326
189 278 226 15.130214
190 225 188 26.205008
191 296 242 45.344017
192 330 258 3.767391
193 385 305 47.299111
194 233 201 2.48715
195 417 333 8.914316
196 371 293 5.2257
197 407 314 27.371828
198 444 341 10.76741
199 354 275 10.425475
200 369 274 72.19673
201 352 279 4.016645
202 479 356 4.874705
203 403 302 27.103025
204 316 246 4.748417
205 283 230 7.441416
206 469 337 8.284118
207 386 292 13.07755
208 296 220 59.788101
209 366 294 10.731508
210 396 302 4.538125
211 464 351 2.662789
212 340 260 10.254922
213 319 249 4.051775
214 344 266 13.766439
215 364 247 89.067239
216 330 260 5.498149
217 271 221 6.846464
218 416 311 33.137447
219 334 244 83.391503
220 226 176 36.500557
221 339 269 19.015815
222 246 199 11.247534
223 260 207 22.088204
224 445 333 3.792079
225 469 349 22.043502
226 352 275 37.389934
227 311 247 9.266025
228 306 244 15.597906
229 291 220 9.652879
230 356 289 5.912808
231 273 207 35.059994
232 264 213 18.482891
233 339 271 25.16319
234 347 273 51.100886
235 395 294 11.649982
236 268 210 12.32441
237 340 266 21.040066
238 242 194 26.579493
239 398 302 1.030706
240 402 303 26.609584
241 347 263 10.992176
242 363 276 27.018054
243 313 239 17.928563
244 246 200 13.831389
245 300 243 7.579593
246 341 255 11.024303
247 394 289 84.592113
248 361 274 29.373873
249 430 321 4.636909
250 377 297 2.837809
251 410 311 8.536122
252 376 286 27.671715
253 328 252 9.774109
254 328 250 54.325377
255 366 295 8.105407
256 351 260 59.497905
257 324 269 7.263897
258 343 260 45.559357
259 295 231 14.340971
260 323 236 21.578424
261 395 300 4.391901
262 264 208 12.081056
263 418 323 1.231049
264 491 381 4.428296
265 398 316 104.779357
266 391 300 5.274187
267 308 257 12.079695
268 236 175 57.315982
269 367 289 10.891203
270 282 212 41.767718
271 226 186 4.695577
272 421 317 31.991131
273 325 245 24.173208
274 305 239 27.128692
275 317 238 21.184214
276 327 253 15.556755
277 409 308 8.342335
278 458 345 2.619386
279 337 270 51.069184
280 302 237 8.702635
281 361 299 7.071603
282 378 296 15.777546
283 292 241 27.427472
284 411 295 35.093697
285 279 220 13.91363
286 291 230 81.941524
287 298 247 35.671639
288 276 218 8.577104
289 405 317 22.253223
290 352 274 33.191846
291 220 171 7.603573
292 335 247 9.55451
293 327 247 48.198417
294 375 278 6.190901
295 351 286 8.82009
296 462 363 3.899757
297 414 326 2.716026
298 333 256 7.351517
299 349 276 6.960992
300 344 280 5.666161
301 303 250 4.366019
302 375 282 22.419684
303 399 327 9.578749
304 359 263 2.347128
305 318 251 3.568637
306 410 310 10.129003
307 384 297 42.330272
308 299 235 18.310764
309 304 247 123.252288
310 431 331 4.042421
311 419 322 60.957213
312 361 289 8.996517
313 267 222 12.078274
314 320 260 4.758989
315 387 288 20.178044
316 354 262 32.080962
317 345 283 14.788434
318 296 235 17.023492
319 244 210 8.837165
320 336 269 3.228029
321 441 328 64.710477
322 430 313 6.9531
323 338 258 36.962221
324 388 285 19.152162
325 340 265 9.102756
326 368 288 11.00862
327 270 212 44.330373
328 522 368 32.310636
329 371 281 6.559175
330 379 289 47.292163
331 302 242 76.35235
332 261 208 19.178102
333 374 295 10.095713
334 360 288 4.193269
335 326 261 23.95508
336 306 242 15.752178
337 324 256 12.550078
338 377 289 9.907307
339 440 336 6.767337
340 349 269 26.936107
341 291 215 91.415429
342 364 282 17.530179
343 324 243 30.381666
344 391 312 10.328687
345 281 219 10.435788
346 357 269 68.203839
347 351 262 14.450712
348 329 270 11.830032
349 277 212 17.703519
350 261 208 5.934814
351 455 340 2.713086
352 287 230 13.328989
353 285 232 9.333285
354 319 265 6.454967
355 301 251 6.300381
356 396 301 38.579813
357 283 210 11.412156
358 341 283 22.278802
359 292 226 39.810147
360 330 255 10.667245
361 451 345 73.32197
362 380 314 1.879274
363 349 259 64.326439
364 274 231 4.9789
365 376 304 6.498233
366 259 211 4.918399
367 385 290 24.181455
368 336 265 20.620678
369 316 251 17.347266
370 278 211 14.507909
371 214 170 26.221537
372 410 300 34.248425
373 446 343 3.578674
374 293 227 6.039113
375 285 230 2.413914
376 211 190 9.777082
377 430 325 16.034934
378 428 325 6.447712
379 404 304 8.536164
380 250 196 8.442674
381 335 268 25.097779
382 306 251 40.512746
383 206 173 10.081572
384 315 241 21.670937
385 462 336 20.754673
386 302 233 14.523743
387 323 251 65.006663
388 255 197 8.815381
389 305 242 4.508709
390 423 304 21.32413
391 380 294 4.416269
392 384 293 3.196277
393 362 278 30.751686
394 462 350 2.695308
395 276 224 11.322167
396 523 384 25.899072
397 283 216 14.068618
398 281 217 36.351631
399 407 325 4.186487
400 313 232 85.200473
401 358 273 13.497245
402 364 274 40.072524
403 370 290 12.471279
404 365 288 17.295053
405 384 293 3.075074
406 233 181 33.043695
407 387 297 2.571135
408 525 382 4.871807
409 476 356 66.245036
410 337 251 21.604802
411 307 251 5.266216
412 452 345 2.45292
413 325 259 8.474188
414 414 308 29.817447
415 401 310 4.502076
416 318 238 62.917578
417 274 221 7.429068
418 359 287 109.554697
419 383 300 4.119894
420 381 308 30.22476
421 428 329 23.0579638
422 263 217 68.3976337
423 368 280 20.5465369
424 358 286 9.3202579
425 316 244 42.8476619
426 294 221 66.5105979
427 327 276 12.6384127
428 392 280 108.1055287
429 371 293 12.1956461
430 234 174 33.5544703
431 368 280 11.1739744
432 275 244 19.3422328
433 449 352 3.2028518
434 319 271 9.1048318
435 368 283 32.0586602
436 252 208 30.0826886
437 385 288 45.1539624
438 385 297 33.6264836
439 248 204 14.7266973
440 309 240 18.7442485
441 451 338 29.8372904
442 355 277 8.9055637
443 330 267 4.5438577
444 431 325 7.7065224
445 356 280 12.3793185
446 308 240 26.7360443
447 421 320 22.9197069
448 391 296 20.3523905
449 275 232 7.0036639
450 483 344 7.9325007
451 366 262 7.1071313
452 323 251 15.4299033
453 332 255 16.3467904
454 373 267 17.6531882
455 249 200 18.3415713
456 309 241 16.1843991
457 332 255 26.4901022
458 324 247 122.7922055
459 236 183 13.7275953
460 437 337 14.3076072
461 438 331 3.0404781
462 419 321 15.0952813
463 344 274 14.7108845
464 304 223 10.0019317
465 335 271 9.1718492
466 310 240 9.1867816
467 432 331 10.2379573
468 349 267 11.1591428
469 323 257 6.649406
470 322 269 5.0890012
471 300 230 41.3625912
472 424 319 40.1291847
473 289 228 34.7079987
474 375 277 9.7542032
475 221 184 9.0532352
476 341 271 2.8044663
477 368 272 10.3448254
478 302 239 4.7261583
479 272 216 12.7962333
480 246 204 14.8434631
481 336 276 55.2566222
482 267 211 88.2150549
483 214 178 15.3503874
484 347 267 11.2326949
485 454 332 27.5455629
486 355 281 4.3270974
487 296 246 4.4222589
488 270 224 26.8581229
489 350 276 9.2262511
490 345 279 3.0113477
491 255 216 28.8829686
492 388 291 15.1021272
493 245 211 6.8697847
494 289 212 11.5297006
495 382 281 5.0990314
496 399 303 11.9414945
497 283 217 47.9361091
498 193 144 24.504742
499 481 344 19.0279062
500 236 178 25.3323209
501 393 311 7.4140088
502 278 200 25.4178059
503 194 157 15.1503592
504 243 194 28.431343
505 320 250 22.4501513
506 436 325 3.431078
507 263 218 2.6717407
508 229 188 7.6206548
509 422 305 15.2142033
510 368 280 4.7654797
511 522 368 0.7256755
512 324 259 11.8329781
513 294 238 9.6022064
514 358 285 5.6647371
515 319 252 34.8418995
516 335 272 12.9723315
517 247 194 16.6673563
518 276 218 27.4681262
519 393 319 4.7603155
520 521 366 12.2789902
521 314 245 14.6356126
522 372 288 18.2331776
523 350 262 14.7282852
524 332 268 10.1452107
525 366 290 7.8569298
526 316 246 14.190946
527 223 185 10.1056547
528 433 336 14.4677106
529 267 207 25.4350492
530 382 308 3.1698205
531 318 241 47.7604196
532 444 332 26.6001124
533 323 241 44.4779343
534 267 215 3.6149182
535 330 254 49.2025249
536 450 340 7.1828459
537 330 269 10.6631561
538 286 217 44.1450813
539 338 257 6.3796565
540 275 212 5.6161154
541 343 265 23.9715186
542 362 280 19.588207
543 282 216 18.7408782
544 322 248 24.1683417
545 369 270 4.1531516
546 285 217 19.4827124
547 318 252 5.8163219
548 243 204 17.5074139
549 278 229 7.3950481
550 365 285 2.7588646
551 400 311 7.3493699
552 365 262 27.8347597
553 347 266 20.1551252
554 443 332 7.8470578
555 385 325 7.8662418
556 357 257 6.2315681
557 353 260 4.1893605
558 387 292 4.467595
559 333 271 5.0719792
560 371 279 31.9842225
561 311 238 42.5123872
562 298 225 30.0809551
563 349 273 13.7178724
564 251 215 11.1486467
565 297 255 9.3048021
566 310 252 7.7863501
567 349 270 39.2077479
568 391 297 13.684778
569 345 273 16.0255695
570 385 292 13.4889147
571 432 313 7.2192391
572 393 319 18.153647
573 347 267 6.7017687
574 446 343 11.641616
575 415 313 60.6798066
576 436 333 9.853985
577 291 232 12.775923
578 290 241 14.926956
579 351 260 65.1956859
580 413 319 5.1007715
581 297 249 3.7207354
582 356 289 15.460096
583 325 245 8.0253093
584 359 270 7.5509599
585 285 240 10.9737336
586 359 291 18.276003
587 349 279 11.7187239
588 310 254 18.7646409
589 320 251 45.4824189
590 403 296 15.9341049
591 401 312 11.6108031
592 303 230 32.558339
593 400 313 3.2266061
594 300 222 45.0695013
595 381 309 8.3077263
596 201 170 9.3671357
597 298 251 9.423532
598 338 257 48.1665866
599 314 239 15.6875857
600 323 241 20.5145867
601 334 263 17.3261197
602 295 242 8.197116
603 309 224 14.6637245
604 437 319 34.2148186
605 277 206 46.9207738
606 332 254 8.3572309
607 389 296 14.1155516
608 262 208 21.3192853
609 312 234 7.8670146
610 375 285 10.6523236
611 305 254 7.7324897
612 404 306 2.380963
613 386 319 3.3004142
614 271 222 4.6475197
615 330 267 18.6726481
616 423 316 24.4700518
617 327 252 37.889206
618 314 243 3.2930475
619 225 180 11.3811347
620 290 241 11.2371043
621 492 370 4.7929595
622 297 226 74.138644
623 315 225 3.3265222
624 312 247 4.0253447
625 364 279 19.6105834
626 369 280 10.6628243
627 345 268 20.829807
628 278 216 14.2483194
629 358 264 21.397579
630 515 374 3.2137157
631 297 249 7.0858189
632 349 278 9.7208419
633 332 241 32.5772719
634 402 302 17.0253771
635 378 277 10.4523542
636 282 214 8.3288519
637 365 287 23.3544308
638 346 257 29.6081977
639 373 272 4.4136527
640 387 279 25.4455295
641 343 269 9.1860875
642 239 195 15.6625228
643 432 336 23.1303317
644 523 368 48.9274231
645 249 199 40.0513909
646 523 382 4.9587619
647 330 249 47.1708081
648 380 279 9.4696245
649 280 224 18.8713635
650 423 328 10.957313
651 306 231 5.8503285
652 305 237 36.780339
653 266 207 13.2028695
654 352 280 5.884847
655 347 269 20.156923
656 409 320 14.4597283
657 418 306 4.0657957
658 333 243 7.2676456
659 285 231 14.1591117
660 306 248 20.222972
661 311 249 3.6589436
662 398 300 21.37489
663 410 319 7.1749257
664 430 352 8.3086256
665 202 175 7.3524726
666 369 290 8.0327465
667 309 229 32.6265576
668 306 240 14.6406645
669 394 276 15.6591373
670 370 289 3.5473819
671 408 310 1.5967358
672 379 278 12.2558666
673 329 260 6.709964
674 349 266 2.326097
675 320 253 14.818439
676 375 287 47.4812581
677 384 294 3.7815784
678 412 324 6.2460576
679 323 259 2.9444689
680 346 263 7.7998203
681 371 288 5.7318947
682 293 245 8.6004364
683 386 306 18.7598037
684 300 238 7.0870259
685 299 243 9.7868734
686 300 233 15.2984984
687 374 294 2.0843515
688 317 252 3.8943045
689 344 264 23.6315522
690 289 233 8.5942215
691 271 220 5.1420729
692 520 383 3.9652922
693 406 309 38.8330544
694 337 265 48.1585478
695 351 266 21.5892638
696 453 333 15.2970974
697 333 259 18.9257438
698 391 294 9.8301412
699 379 282 12.9957756
700 345 267 6.7149748
701 338 267 4.0679425
702 271 232 9.4261493
703 302 233 16.4106672
704 451 332 16.3488313
705 371 283 4.424346
706 363 281 19.0316143
707 390 294 15.1385625
708 449 312 38.951262
709 371 298 2.0501579
710 432 323 1.982566
711 389 296 11.6560055
712 393 310 4.2481167
713 366 280 6.8018032
714 367 281 2.8218388
715 401 302 4.2683129
716 363 287 13.2978694
717 303 243 2.5419278
718 307 229 46.9394654
719 388 302 16.9143448
720 430 324 3.5531887
721 359 292 7.9668059
722 286 212 18.3185363
723 360 299 11.8893572
724 326 262 10.2461943
725 216 177 10.0594808
726 320 254 5.8619332
727 356 250 21.2360755
728 256 212 21.1734024
729 259 217 16.1826698
730 358 290 3.1771807
731 383 313 1.1832953
732 370 285 13.9832293
733 339 264 15.4545782
734 339 250 40.8394416
735 276 210 12.7448325
736 313 231 17.1676475
737 372 282 19.1875707
738 380 295 12.0944196
739 397 316 7.0737989
740 309 241 33.8982536
741 313 242 14.4815721
742 335 270 3.0581211
743 368 292 11.4856254
744 340 266 17.8037456
745 437 326 11.0353955
746 351 275 29.8018463
747 250 187 35.4231574
748 272 214 16.1205599
749 519 383 4.3511737
750 418 309 16.1225908
751 212 183 6.6963319
752 294 239 9.6324534
753 332 265 4.069921
754 439 331 3.2139456
755 403 309 2.3686032
756 302 233 19.8752403
757 444 346 2.7947438
758 324 246 11.6855688
759 332 252 7.6672832
760 233 185 7.165911
761 372 272 87.7862867
762 389 290 4.9575503
763 504 372 38.1767431
764 301 259 10.2622331
765 322 235 2.2300159
766 295 217 69.7141099
767 336 285 5.3560651
768 399 312 4.9711553
769 294 230 24.0749714
770 340 276 7.1446744
771 324 253 10.7576196
772 208 172 4.2570639
773 305 237 6.6851931
774 323 264 13.1214672
775 400 306 1.7141312
776 396 302 7.700838
777 307 253 3.3858609
778 230 177 3.9425919
779 369 296 15.0446704
780 324 258 4.5640822
781 496 359 7.0645492
782 198 163 3.354661
783 287 228 12.598902
784 351 271 28.1598896
785 372 292 2.9029008
786 450 337 11.8172745
787 343 279 10.0036864
788 354 270 2.7467408
789 292 239 3.0625945
790 293 231 7.30784
791 303 240 5.1721357
792 208 171 10.7232929
793 405 328 6.2943328
794 258 217 34.479956
795 347 269 33.8822923
796 230 182 11.2134089
797 353 248 48.4790954
798 356 278 4.8904734
799 321 257 7.6446972
800 355 283 6.1802913
801 386 302 7.9125466
802 337 271 5.0907131
803 397 291 7.0701779
804 322 248 5.1360679
805 393 313 3.6401096
806 399 315 5.6190487
807 291 233 7.6114935
808 241 180 15.510102
809 448 335 10.0540323
810 233 180 9.1397165
811 395 288 5.5785893
812 424 310 19.2704406
813 340 253 8.4457303
814 250 201 3.4436403
815 181 151 16.0950326
816 426 341 7.1889797
817 389 296 18.4921681
818 261 210 17.6599136
819 238 189 7.5008485
820 411 298 32.7958789
821 347 276 4.7906053
822 317 251 5.2076472
823 413 325 4.2883421
824 244 188 32.5706277
825 344 269 5.5397525
826 383 268 20.0284166
827 311 254 16.687438
828 323 246 22.6271071
829 296 236 11.2091711
830 302 238 14.5259756
831 435 336 7.2102513
832 393 304 3.0992389
833 299 233 6.6047116
834 350 281 3.488772
835 366 287 28.5282436
836 290 240 9.3205267
837 336 263 4.5471978
838 272 214 21.7909871
839 377 293 8.6148262
840 334 266 11.5151323
