1 14 13 0.095172
2 17 14 0.035241
3 14 13 0.03888
4 19 14 0.021443
5 15 14 0.080132
6 14 14 0.022046
7 14 14 0.021917
8 15 14 0.017595
9 15 13 0.012984
10 13 13 0.012893
11 15 13 0.017624
12 15 14 0.013642
13 15 14 0.012724
14 13 13 0.011763
15 15 14 0.01236
16 15 14 0.026601
17 15 13 0.011851
18 15 14 0.01298
19 14 13 0.013862
20 12 12 0.025479
21 15 13 0.012454
22 15 14 0.012176
23 15 13 0.012576
24 15 14 0.024388
25 18 14 0.011885
26 14 14 0.011972
27 15 14 0.028617
28 14 14 0.012192
29 15 14 0.013116
30 17 14 0.012952
31 18 14 0.028676
32 13 13 0.012142
33 15 14 0.047265
34 14 13 0.011948
35 15 14 0.011429
36 15 14 0.011738
37 14 13 0.01225
38 14 14 0.012853
39 16 14 0.011658
40 12 12 0.014277
41 14 13 0.032759
42 13 13 0.011872
43 13 13 0.029496
44 14 13 0.01373
45 15 14 0.012896
46 15 14 0.048089
47 14 14 0.013086
48 13 13 0.030283
49 13 13 0.01296
50 16 14 0.029506
51 15 14 0.03258
52 14 14 0.029379
53 15 14 0.011981
54 13 13 0.029897
55 15 14 0.029623
56 14 13 0.012192
57 16 14 0.011499
58 14 14 0.036613
59 14 14 0.012134
60 14 13 0.012848
61 16 13 0.012887
62 16 14 0.01284
63 12 12 0.013153
64 17 14 0.011816
65 14 13 0.011714
66 16 14 0.011923
67 14 14 0.011445
68 14 13 0.019323
69 15 14 0.011496
70 15 14 0.011276
71 15 14 0.011668
72 15 14 0.017371
73 15 13 0.011736
74 12 12 0.012065
75 15 14 0.012403
76 14 14 0.012274
77 13 13 0.028766
78 14 13 0.035719
79 13 13 0.028327
80 14 14 0.045125
81 12 12 0.039425
82 16 14 0.028961
83 14 13 0.029241
84 16 14 0.036068
85 14 13 0.036732
86 14 13 0.061445
87 14 14 0.035734
88 13 13 0.03674
89 17 14 0.036519
90 14 14 0.036402
91 13 13 0.036898
92 12 12 0.034164
93 15 14 0.032183
94 15 13 0.031837
95 13 13 0.048896
96 14 13 0.035737
97 15 14 0.036851
98 14 14 0.035921
99 16 14 0.033367
100 13 13 0.036202
101 16 14 0.032386
102 13 13 0.032349
103 14 13 0.034105
104 15 14 0.035859
105 18 14 0.035982
106 13 13 0.024491
107 15 14 0.064741
108 16 14 0.060514
109 16 13 0.045988
110 17 14 0.054388
111 13 13 0.040085
112 16 14 0.046228
113 16 14 0.038762
114 14 14 0.047975
115 14 14 0.05467
116 16 14 0.045381
117 15 13 0.033354
118 12 12 0.02771
119 17 14 0.012796
120 14 14 0.050391
121 14 14 0.027604
122 14 14 0.02793
123 14 14 0.012006
124 17 14 0.011646
125 17 14 0.011312
126 19 14 0.011497
127 14 13 0.012018
128 16 14 0.011745
129 14 13 0.011929
130 14 13 0.012176
131 14 14 0.012248
132 16 14 0.011776
133 12 12 0.011219
134 14 14 0.011475
135 14 13 0.012284
136 15 14 0.011861
137 16 14 0.010996
138 16 14 0.011145
139 15 14 0.017569
140 15 14 0.012066
141 15 13 0.012721
142 13 13 0.012204
143 14 13 0.011985
144 15 14 0.011345
145 14 14 0.011078
146 14 13 0.011237
147 14 13 0.011858
148 15 14 0.011945
149 15 13 0.011977
150 14 13 0.011015
151 14 14 0.011714
152 16 14 0.010694
153 15 14 0.011395
154 17 14 0.010655
155 15 14 0.012115
156 15 13 0.011482
157 15 14 0.011049
158 13 13 0.011251
159 13 13 0.011749
160 14 13 0.011268
161 13 13 0.012408
162 14 14 0.01164
163 17 14 0.02246
164 15 13 0.011732
165 14 14 0.011286
166 14 14 0.010937
167 15 14 0.010412
168 16 14 0.011371
169 15 14 0.011931
170 16 14 0.010945
171 14 14 0.010935
172 12 12 0.018841
173 12 12 0.011258
174 13 13 0.011149
175 14 14 0.011521
176 16 14 0.01089
177 15 14 0.011145
178 15 13 0.010958
179 16 14 0.010941
180 15 14 0.011391
181 15 14 0.013213
182 16 14 0.012988
183 12 12 0.011916
184 15 14 0.010815
185 14 13 0.01078
186 15 14 0.011152
187 14 14 0.010892
188 16 14 0.010521
189 15 14 0.013979
190 19 14 0.011112
191 15 13 0.01104
192 13 13 0.01108
193 16 14 0.011261
194 17 14 0.011982
195 14 13 0.018491
196 18 13 0.030848
197 14 14 0.031691
198 14 14 0.025151
199 16 14 0.020847
200 13 13 0.012542
201 16 14 0.036325
202 14 14 0.020158
203 13 13 0.02474
204 17 14 0.015549
205 13 13 0.021617
206 15 13 0.032931
207 17 14 0.019062
208 14 13 0.020145
209 14 13 0.011499
210 15 14 0.030098
211 12 12 0.024721
212 14 13 0.027966
213 13 13 0.028928
214 15 13 0.020313
215 13 13 0.027966
216 16 14 0.011357
217 15 14 0.03557
218 15 14 0.028507
219 15 14 0.052631
220 13 13 0.011663
221 12 12 0.028119
222 14 13 0.026076
223 14 14 0.027346
224 14 13 0.02831
225 16 14 0.027312
226 17 14 0.050201
227 14 14 0.028336
228 14 14 0.027791
229 16 14 0.025412
230 16 14 0.011511
231 13 13 0.024761
232 15 14 0.011994
233 15 14 0.01124
234 15 14 0.011148
235 17 14 0.011418
236 13 13 0.013869
237 16 14 0.029718
238 15 14 0.030771
239 16 14 0.069012
240 16 14 0.028852
241 15 14 0.024761
242 15 14 0.026536
243 15 14 0.023123
244 13 13 0.011031
245 15 13 0.010971
246 15 14 0.010972
247 15 14 0.01149
248 13 13 0.0112
249 17 14 0.010426
250 13 13 0.012311
251 13 13 0.012367
252 13 13 0.024418
253 17 14 0.019388
254 14 14 0.010875
255 18 14 0.011271
256 14 14 0.024405
257 12 12 0.012003
258 15 13 0.0118
259 15 14 0.012677
260 14 14 0.028455
261 17 14 0.036928
262 14 14 0.019347
263 15 13 0.028809
264 12 12 0.014386
265 13 13 0.012556
266 15 13 0.012326
267 15 14 0.012095
268 16 14 0.011261
269 13 13 0.011558
270 15 14 0.012206
271 13 13 0.012694
272 17 13 0.011187
273 16 14 0.011556
274 14 13 0.013588
275 14 13 0.018765
276 12 12 0.020625
277 17 14 0.017483
278 15 13 0.019112
279 13 13 0.03216
280 15 14 0.011634
281 15 14 0.011823
282 14 13 0.008642
283 15 14 0.008907
284 15 14 0.00804
285 14 13 0.008674
286 15 14 0.008929
287 13 13 0.009069
288 16 14 0.008573
289 15 14 0.010377
290 15 14 0.008928
291 15 14 0.00945
292 17 14 0.009481
293 18 14 0.009642
294 15 13 0.009638
295 15 13 0.009509
296 16 14 0.010299
297 15 14 0.010877
298 15 14 0.010423
299 14 14 0.01103
300 13 13 0.01108
301 15 14 0.010642
302 13 13 0.012301
303 13 13 0.011061
304 13 13 0.0117
305 15 13 0.01134
306 14 13 0.010776
307 14 14 0.025895
308 14 14 0.010765
309 14 14 0.011252
310 16 14 0.011772
311 15 13 0.01084
312 13 13 0.013354
313 14 13 0.010829
314 14 14 0.010962
315 14 14 0.010593
316 15 13 0.01082
317 17 14 0.011322
318 17 14 0.010982
319 12 12 0.01077
320 13 13 0.011501
321 14 14 0.012174
322 15 14 0.028375
323 13 13 0.019958
324 13 13 0.011267
325 13 13 0.012031
326 14 14 0.012428
327 13 13 0.01256
328 17 14 0.010648
329 15 14 0.011182
330 16 14 0.010825
331 13 13 0.011056
332 12 12 0.010601
333 17 14 0.010582
334 14 13 0.018711
335 12 12 0.011905
336 15 14 0.015653
337 14 14 0.011957
338 15 14 0.011538
339 14 13 0.01104
340 15 14 0.015563
341 15 14 0.011921
342 12 12 0.011409
343 15 14 0.011686
344 15 14 0.011406
345 14 14 0.010939
346 14 14 0.011076
347 14 13 0.011689
348 14 14 0.011488
349 17 14 0.010991
350 15 13 0.011662
351 13 13 0.011945
352 14 14 0.01174
353 14 14 0.011214
354 16 14 0.011525
355 15 13 0.011513
356 16 14 0.011418
357 16 14 0.011462
358 13 13 0.011577
359 14 14 0.010635
360 13 13 0.011269
361 15 14 0.012396
362 16 14 0.011355
363 15 13 0.011671
364 14 13 0.028593
365 14 13 0.01127
366 17 14 0.010875
367 13 13 0.0119
368 15 14 0.011601
369 16 14 0.011507
370 15 14 0.011067
371 18 14 0.010479
372 13 13 0.010831
373 16 14 0.01096
374 14 13 0.010619
375 12 12 0.010694
376 14 13 0.01065
377 13 13 0.024484
378 15 13 0.03869
379 12 12 0.031881
380 14 14 0.011301
381 15 14 0.012219
382 15 14 0.011313
383 12 12 0.011408
384 14 14 0.02118
385 17 14 0.071821
386 15 14 0.023211
387 12 12 0.012062
388 14 14 0.011715
389 14 14 0.011099
390 14 14 0.01127
391 16 13 0.011348
392 15 14 0.012207
393 15 14 0.011424
394 15 13 0.011645
395 13 13 0.012767
396 17 14 0.011846
397 20 14 0.019902
398 13 13 0.024218
399 14 14 0.011543
400 16 14 0.011582
401 16 14 0.01193
402 14 13 0.01183
403 14 13 0.012234
404 14 13 0.027836
405 15 14 0.027744
406 14 14 0.011226
407 16 14 0.01094
408 13 13 0.011263
409 13 13 0.012353
410 14 13 0.01171
411 16 14 0.010769
412 14 13 0.013344
413 15 13 0.011841
414 16 14 0.01147
415 14 14 0.011495
416 17 14 0.010639
417 13 13 0.011372
418 13 13 0.010983
419 15 14 0.011653
420 15 14 0.011575
421 12 12 0.1586472
422 16 14 0.072247
423 15 14 0.0333925
424 13 13 0.0648899
425 14 14 0.0804558
426 14 14 0.0435626
427 14 13 0.0627762
428 16 14 0.0244614
429 18 14 0.0262686
430 14 14 0.0254191
431 14 14 0.0252043
432 14 14 0.0225595
433 17 14 0.020199
434 16 14 0.0264818
435 16 14 0.0271464
436 13 13 0.0247813
437 12 12 0.0232849
438 15 13 0.031683
439 13 13 0.0258162
440 17 14 0.0229254
441 15 14 0.0227978
442 15 14 0.0216882
443 16 14 0.0217817
444 13 13 0.0279345
445 13 13 0.0233763
446 13 13 0.0371713
447 14 14 0.036955
448 16 14 0.0288848
449 15 14 0.0191701
450 14 13 0.0214274
451 14 13 0.024302
452 14 13 0.0304198
453 12 12 0.0225421
454 13 13 0.0216096
455 15 13 0.0268336
456 15 14 0.0217044
457 17 14 0.0233334
458 14 14 0.0277385
459 18 14 0.0207558
460 14 13 0.0194558
461 16 14 0.0328192
462 13 13 0.0196091
463 16 14 0.0233616
464 14 13 0.0195299
465 13 13 0.0197687
466 14 14 0.0197559
467 14 14 0.0195042
468 13 13 0.0307068
469 14 14 0.0218031
470 15 13 0.0207931
471 16 14 0.0246926
472 15 14 0.0216538
473 13 13 0.0239608
474 14 13 0.024815
475 13 13 0.0215047
476 14 14 0.02697
477 15 14 0.0189959
478 15 13 0.0217908
479 14 13 0.0252807
480 17 14 0.0215523
481 14 13 0.0220444
482 15 14 0.0197178
483 14 14 0.0292786
484 16 14 0.0216572
485 15 14 0.0258414
486 13 13 0.0357644
487 13 13 0.0240575
488 14 14 0.0256584
489 13 13 0.0208162
490 14 14 0.0222709
491 14 14 0.0219881
492 15 14 0.02245
493 13 13 0.0190187
494 14 13 0.021607
495 14 14 0.0192559
496 14 14 0.0185225
497 15 13 0.0193101
498 18 14 0.0227581
499 15 14 0.0222868
500 15 14 0.0204412
501 14 14 0.0235802
502 13 13 0.0236097
503 13 13 0.0207638
504 14 13 0.0199891
505 15 13 0.0205196
506 13 13 0.0200875
507 16 14 0.0189224
508 14 14 0.0261357
509 14 14 0.0192911
510 15 14 0.0202926
511 13 13 0.022052
512 17 14 0.0233426
513 14 13 0.0228762
514 14 13 0.0216832
515 14 13 0.0194919
516 13 13 0.0207273
517 16 14 0.0210474
518 13 13 0.0248594
519 14 14 0.0188139
520 14 13 0.042838
521 13 13 0.0257243
522 17 13 0.0275569
523 15 14 0.021982
524 15 14 0.0242996
525 13 13 0.0194169
526 13 13 0.0249517
527 15 13 0.0199924
528 14 14 0.027397
529 15 13 0.0249089
530 14 14 0.0204379
531 15 14 0.0232497
532 17 14 0.0236036
533 16 14 0.0204006
534 14 13 0.0247739
535 15 14 0.0253896
536 14 13 0.0301323
537 15 14 0.0199444
538 13 13 0.0197575
539 16 14 0.027986
540 12 12 0.0221465
541 17 14 0.0226604
542 15 13 0.0206301
543 19 14 0.0169367
544 15 14 0.019969
545 15 14 0.0208332
546 12 12 0.0236374
547 15 14 0.0262481
548 15 14 0.0284715
549 13 13 0.0216673
550 15 14 0.0198666
551 13 13 0.0207647
552 14 14 0.0195602
553 13 13 0.0234592
554 13 13 0.0260129
555 14 13 0.024425
556 16 14 0.0204999
557 13 13 0.0203631
558 15 14 0.0219051
559 14 13 0.019115
560 13 13 0.0199399
561 13 13 0.0192068
562 15 14 0.0220451
563 15 14 0.0184415
564 14 14 0.0214281
565 15 14 0.0204981
566 15 14 0.019839
567 16 14 0.018098
568 14 14 0.0201167
569 13 13 0.0229009
570 13 13 0.017042
571 15 14 0.02438
572 16 14 0.0225214
573 15 14 0.0203637
574 14 14 0.0181671
575 15 13 0.0282204
576 15 14 0.0175607
577 12 12 0.0254735
578 16 14 0.0192603
579 17 14 0.0179962
580 14 14 0.0204411
581 14 14 0.0229284
582 14 13 0.0245843
583 14 13 0.0247589
584 13 13 0.0674999
585 15 14 0.0221246
586 14 13 0.0280316
587 14 13 0.0197647
588 17 14 0.0200304
589 15 14 0.0199414
590 15 14 0.0220334
591 13 13 0.028902
592 13 13 0.026633
593 14 14 0.0251785
594 15 13 0.0263456
595 19 14 0.0241727
596 13 13 0.0226867
597 12 12 0.0202751
598 13 13 0.0239986
599 14 14 0.0260141
600 13 13 0.0253992
601 15 13 0.0242674
602 15 14 0.0223071
603 13 13 0.0258671
604 15 14 0.0280023
605 17 14 0.0255097
606 14 14 0.018353
607 14 14 0.0224471
608 16 14 0.0275707
609 15 13 0.0234753
610 14 13 0.0268785
611 15 14 0.0184139
612 14 14 0.0209674
613 16 14 0.0333347
614 12 12 0.0310093
615 17 14 0.0181176
616 15 14 0.0271954
617 15 14 0.0228386
618 14 14 0.021908
619 15 14 0.0183012
620 18 14 0.0187423
621 18 14 0.0193517
622 14 14 0.0188966
623 14 13 0.0189429
624 15 14 0.0196745
625 15 14 0.033051
626 16 14 0.0222781
627 14 13 0.0238798
628 15 13 0.0240742
629 14 14 0.0236858
630 14 13 0.0185616
631 15 14 0.0196982
632 14 13 0.0261907
633 14 13 0.0227426
634 15 14 0.0222593
635 14 13 0.0206591
636 12 12 0.0241877
637 14 13 0.0194005
638 14 13 0.022937
639 16 13 0.0286261
640 13 13 0.0211798
641 15 14 0.022625
642 14 13 0.0219874
643 16 14 0.0197646
644 14 14 0.0214921
645 16 14 0.0298019
646 18 14 0.044351
647 14 14 0.0202748
648 12 12 0.0175646
649 13 13 0.0188253
650 14 13 0.0191087
651 13 13 0.021978
652 16 14 0.0185134
653 15 14 0.0174816
654 15 13 0.0183804
655 15 13 0.0196858
656 12 12 0.0205603
657 16 13 0.0206669
658 15 14 0.0256622
659 17 14 0.0226329
660 13 13 0.019377
661 15 14 0.021648
662 16 14 0.0197908
663 15 14 0.0231111
664 16 14 0.0205805
665 14 13 0.0297619
666 14 14 0.0204869
667 12 12 0.0199818
668 14 14 0.02482
669 13 13 0.0236841
670 13 13 0.0242351
671 15 14 0.0260929
672 15 13 0.0174743
673 16 14 0.0227865
674 12 12 0.0228755
675 14 14 0.0212737
676 16 14 0.0243763
677 14 14 0.0206337
678 18 14 0.0306049
679 13 13 0.0177859
680 13 13 0.0317704
681 13 13 0.0265604
682 14 13 0.0269484
683 12 12 0.0207171
684 17 14 0.0189075
685 19 14 0.016845
686 16 14 0.0185931
687 14 13 0.0238582
688 17 14 0.0192882
689 14 13 0.0286578
690 17 14 0.0215735
691 19 14 0.0188812
692 14 13 0.0198917
693 17 14 0.0177699
694 12 12 0.0188421
695 13 13 0.0183322
696 15 14 0.0241776
697 14 14 0.0189487
698 16 14 0.0176989
699 14 13 0.0217594
700 15 14 0.0180209
701 14 13 0.0169903
702 14 14 0.0269033
703 12 12 0.0190752
704 16 14 0.018147
705 16 14 0.0247579
706 16 14 0.0190862
707 15 13 0.0200104
708 14 13 0.0205677
709 13 13 0.0237846
710 16 14 0.0323971
711 16 14 0.0192422
712 18 14 0.0238998
713 14 14 0.0215705
714 16 14 0.019728
715 12 12 0.0202789
716 14 14 0.0193816
717 13 13 0.0254485
718 12 12 0.019631
719 17 14 0.0188855
720 15 14 0.017111
721 13 13 0.0255876
722 14 14 0.0197865
723 17 14 0.0187162
724 15 14 0.018054
725 15 14 0.0226133
726 17 14 0.0253766
727 15 14 0.0289587
728 17 14 0.0190396
729 15 14 0.0178034
730 13 13 0.0194744
731 12 12 0.0219379
732 13 13 0.026991
733 13 13 0.0208072
734 17 14 0.0210786
735 15 13 0.0256908
736 18 14 0.0227635
737 13 13 0.026142
738 14 14 0.0229212
739 15 14 0.0224457
740 16 14 0.0177118
741 13 13 0.0219749
742 15 14 0.0188141
743 15 14 0.0191439
744 12 12 0.0217258
745 15 14 0.0185722
746 12 12 0.0351828
747 14 13 0.019398
748 15 14 0.0187032
749 16 14 0.0194093
750 14 13 0.0198681
751 14 13 0.0200035
752 17 14 0.0176654
753 16 14 0.0211564
754 16 14 0.0197139
755 14 13 0.0220244
756 17 13 0.0241585
757 13 13 0.0284606
758 14 14 0.0268827
759 14 14 0.0276377
760 15 14 0.0235538
761 16 14 0.0363025
762 14 13 0.0198124
763 18 14 0.0169762
764 14 14 0.0193494
765 15 14 0.0251929
766 18 14 0.0219382
767 14 13 0.0224444
768 17 14 0.0194544
769 16 13 0.0175428
770 13 13 0.0191795
771 14 13 0.0243473
772 15 13 0.0234017
773 12 12 0.0252838
774 16 13 0.0223815
775 15 14 0.0203039
776 15 14 0.0199458
777 14 14 0.0219322
778 14 13 0.0222027
779 16 14 0.0186707
780 14 13 0.0269109
781 16 13 0.0253926
782 13 13 0.0253721
783 17 14 0.022729
784 15 14 0.0235609
785 14 13 0.023454
786 17 14 0.0246276
787 18 14 0.0216417
788 15 14 0.0176831
789 15 14 0.0192999
790 14 13 0.0184011
791 14 14 0.0183958
792 13 13 0.0170888
793 13 13 0.0200002
794 17 14 0.023127
795 15 14 0.0195828
796 17 14 0.0236926
797 16 14 0.0186507
798 15 14 0.0209939
799 15 13 0.0207097
800 16 13 0.0175928
801 14 13 0.0257695
802 15 14 0.0192687
803 14 14 0.0226977
804 14 13 0.0272795
805 15 14 0.0236379
806 13 13 0.02302
807 16 14 0.0203035
808 15 14 0.0218946
809 16 14 0.0236924
810 15 14 0.022448
811 13 13 0.0183009
812 13 13 0.0208725
813 15 13 0.0175505
814 14 14 0.0238501
815 14 13 0.0237534
816 15 14 0.0281151
817 13 13 0.0188193
818 14 14 0.0224529
819 14 14 0.02625
820 17 14 0.0183364
821 14 14 0.0249958
822 12 12 0.0196524
823 14 13 0.0173312
824 16 14 0.02503
825 15 13 0.0192748
826 15 13 0.0216932
827 13 13 0.0209855
828 15 14 0.016984
829 15 14 0.0243971
830 16 14 0.0176658
831 16 14 0.0187349
832 14 14 0.0233915
833 14 14 0.0210321
834 18 14 0.0249499
835 15 14 0.0211409
836 15 13 0.0189345
837 15 13 0.0194153
838 17 14 0.019044
839 16 14 0.0180839
840 14 13 0.0180486
