1 21 17 0.136782
2 24 21 0.040378
3 19 18 0.033552
4 28 23 0.036281
5 19 18 0.043019
6 28 23 0.019613
7 29 24 0.04443
8 30 23 0.021575
9 25 20 0.021934
10 23 20 0.019762
11 27 19 0.015979
12 26 21 0.017713
13 28 20 0.019309
14 18 18 0.025449
15 18 17 0.017627
16 23 20 0.0176
17 25 21 0.032405
18 24 19 0.028344
19 29 23 0.015625
20 18 16 0.015765
21 20 16 0.016388
22 21 17 0.023603
23 19 17 0.027401
24 16 14 0.030953
25 24 21 0.042098
26 22 19 0.018942
27 28 22 0.017408
28 22 20 0.015622
29 16 14 0.016349
30 24 19 0.035333
31 29 24 0.01776
32 30 23 0.019407
33 26 20 0.028919
34 26 21 0.016342
35 25 21 0.046483
36 20 16 0.029032
37 21 17 0.035164
38 22 17 0.03216
39 23 17 0.031972
40 15 15 0.017411
41 25 22 0.017338
42 26 23 0.062054
43 16 16 0.06605
44 30 25 0.045297
45 24 18 0.015594
46 17 16 0.015566
47 19 15 0.0345
48 17 16 0.049272
49 26 21 0.031989
50 19 16 0.033807
51 30 23 0.016489
52 20 17 0.016396
53 21 19 0.015708
54 20 16 0.049124
55 29 24 0.017672
56 18 17 0.016507
57 25 21 0.0235
58 27 19 0.015966
59 24 19 0.017175
60 20 16 0.017155
61 27 20 0.040032
62 17 15 0.016538
63 28 20 0.016293
64 22 19 0.018962
65 34 24 0.035393
66 22 20 0.016422
67 27 23 0.017576
68 16 15 0.019933
69 24 19 0.015035
70 17 15 0.027045
71 21 17 0.033393
72 28 20 0.029084
73 18 18 0.018077
74 18 16 0.035444
75 25 20 0.01869
76 33 23 0.016448
77 29 22 0.015645
78 23 18 0.018049
79 23 19 0.018077
80 30 22 0.016955
81 19 15 0.040133
82 22 19 0.017651
83 20 19 0.018703
84 22 19 0.019459
85 23 21 0.022389
86 21 18 0.037986
87 25 21 0.020172
88 22 17 0.016505
89 28 19 0.017081
90 25 21 0.047271
91 18 18 0.035163
92 19 18 0.034205
93 22 17 0.015321
94 27 23 0.031582
95 18 15 0.037955
96 18 17 0.036193
97 18 18 0.040568
98 19 16 0.035409
99 19 16 0.059309
100 24 21 0.054086
101 15 14 0.0311
102 20 18 0.043681
103 26 21 0.045648
104 28 20 0.048563
105 29 22 0.033657
106 23 19 0.033187
107 23 20 0.035051
108 25 18 0.035019
109 18 17 0.031306
110 30 22 0.045655
111 20 18 0.048361
112 19 18 0.033846
113 20 18 0.054678
114 31 24 0.033675
115 24 18 0.047968
116 17 17 0.031534
117 28 22 0.032761
118 21 19 0.045324
119 21 18 0.037576
120 25 19 0.016783
121 19 17 0.020431
122 25 20 0.027988
123 26 19 0.031049
124 24 18 0.046657
125 19 16 0.028652
126 26 21 0.036482
127 23 18 0.039949
128 26 19 0.043635
129 33 23 0.03194
130 18 17 0.032845
131 25 22 0.031671
132 27 23 0.015362
133 20 18 0.028312
134 16 16 0.017025
135 24 21 0.027863
136 24 19 0.022293
137 27 21 0.016833
138 21 19 0.02321
139 27 21 0.015253
140 18 16 0.016278
141 23 19 0.022085
142 22 18 0.033365
143 28 22 0.034443
144 24 20 0.03665
145 26 20 0.024819
146 23 19 0.016757
147 26 20 0.015784
148 21 16 0.023079
149 22 19 0.014832
150 23 19 0.017304
151 23 20 0.015967
152 20 19 0.014601
153 22 19 0.016769
154 23 19 0.015782
155 22 18 0.03205
156 16 15 0.016054
157 26 21 0.017089
158 26 21 0.016279
159 21 18 0.017145
160 18 15 0.016466
161 29 22 0.024071
162 25 19 0.015371
163 24 20 0.01481
164 18 17 0.030865
165 19 16 0.015941
166 20 18 0.017255
167 17 17 0.018899
168 23 18 0.016367
169 21 18 0.017956
170 28 20 0.015816
171 18 15 0.046566
172 17 16 0.01631
173 17 15 0.01693
174 24 19 0.020976
175 20 17 0.016671
176 24 19 0.015892
177 26 22 0.016563
178 27 21 0.03736
179 28 20 0.036771
180 23 19 0.032808
181 23 19 0.038093
182 26 21 0.036437
183 23 18 0.035405
184 17 16 0.035625
185 21 17 0.038153
186 28 23 0.025772
187 19 16 0.03759
188 21 16 0.040196
189 29 22 0.029618
190 18 17 0.034232
191 25 19 0.037167
192 17 15 0.043051
193 21 18 0.036056
194 18 15 0.060063
195 20 17 0.030717
196 18 15 0.047527
197 22 18 0.032406
198 27 23 0.045558
199 27 21 0.035187
200 26 25 0.037044
201 21 18 0.036529
202 20 17 0.017476
203 24 19 0.016106
204 24 19 0.016205
205 19 16 0.016205
206 31 24 0.021478
207 21 19 0.015828
208 17 15 0.025056
209 25 20 0.01584
210 26 21 0.036458
211 17 16 0.036585
212 23 21 0.016038
213 19 18 0.01755
214 22 19 0.015254
215 23 19 0.016086
216 18 17 0.02019
217 20 18 0.016685
218 16 16 0.043677
219 29 24 0.015241
220 30 26 0.016259
221 22 18 0.034294
222 28 24 0.019826
223 26 22 0.01776
224 21 17 0.039284
225 27 22 0.031943
226 20 19 0.049089
227 20 17 0.021499
228 22 19 0.035315
229 20 16 0.026994
230 26 20 0.015219
231 18 17 0.035661
232 19 18 0.015086
233 16 15 0.015829
234 19 16 0.016447
235 23 20 0.0417
236 22 18 0.025641
237 25 20 0.052478
238 15 14 0.035286
239 22 17 0.018726
240 17 16 0.016717
241 28 23 0.033563
242 19 17 0.035339
243 25 18 0.047493
244 24 19 0.027811
245 20 16 0.018602
246 27 19 0.019758
247 24 18 0.01833
248 25 19 0.03233
249 22 19 0.039893
250 14 13 0.018983
251 16 16 0.01821
252 16 15 0.018753
253 23 18 0.04072
254 21 19 0.028544
255 23 18 0.032442
256 25 21 0.041361
257 30 24 0.024152
258 20 18 0.026124
259 15 15 0.016095
260 15 15 0.014768
261 24 18 0.014726
262 17 15 0.014929
263 28 20 0.015121
264 27 22 0.013344
265 27 21 0.032764
266 27 21 0.022535
267 16 16 0.017059
268 18 18 0.017834
269 24 20 0.017026
270 17 16 0.045093
271 26 19 0.049106
272 21 20 0.021096
273 24 22 0.015601
274 26 20 0.018639
275 16 16 0.019551
276 22 19 0.017349
277 25 21 0.047524
278 30 24 0.032236
279 27 20 0.015288
280 22 16 0.040943
281 20 17 0.018894
282 24 20 0.016949
283 22 19 0.031552
284 24 19 0.017516
285 18 17 0.016222
286 16 15 0.017745
287 20 18 0.035425
288 22 20 0.018992
289 29 23 0.015503
290 26 20 0.017667
291 24 19 0.018188
292 16 14 0.016978
293 16 15 0.018781
294 29 21 0.014723
295 15 14 0.015708
296 20 18 0.021739
297 25 18 0.014974
298 29 24 0.017255
299 20 17 0.017428
300 22 19 0.032394
301 19 16 0.015629
302 22 20 0.01505
303 14 14 0.029852
304 18 17 0.034555
305 21 20 0.032451
306 25 19 0.070362
307 26 21 0.017637
308 19 16 0.016014
309 34 22 0.016201
310 24 20 0.015309
311 26 20 0.060684
312 30 21 0.014475
313 18 16 0.013606
314 23 19 0.017925
315 20 18 0.015004
316 26 21 0.01541
317 21 18 0.015262
318 22 19 0.023122
319 22 20 0.023922
320 20 17 0.038736
321 14 14 0.032808
322 21 17 0.031112
323 33 23 0.042076
324 27 22 0.044759
325 23 17 0.046044
326 26 19 0.038083
327 20 18 0.043404
328 21 19 0.029716
329 24 22 0.036121
330 19 16 0.045878
331 20 17 0.030323
332 19 17 0.018703
333 21 18 0.025558
334 21 16 0.018819
335 21 16 0.01736
336 24 18 0.017202
337 26 19 0.025354
338 23 18 0.020056
339 24 20 0.020081
340 20 16 0.01606
341 26 22 0.016508
342 20 16 0.019583
343 27 20 0.016289
344 23 20 0.018109
345 18 17 0.024701
346 20 17 0.017628
347 26 20 0.016282
348 24 19 0.049811
349 25 20 0.020538
350 24 18 0.018856
351 20 19 0.018332
352 16 15 0.023281
353 29 21 0.018053
354 26 22 0.01594
355 24 18 0.01751
356 21 16 0.031719
357 20 17 0.044871
358 24 21 0.031302
359 22 19 0.037219
360 30 23 0.02894
361 23 18 0.026617
362 22 18 0.029535
363 28 20 0.015685
364 25 20 0.056012
365 23 21 0.040407
366 29 21 0.027224
367 15 15 0.017792
368 21 18 0.024914
369 20 18 0.041341
370 25 22 0.029711
371 22 20 0.015562
372 23 19 0.04165
373 20 17 0.032053
374 14 13 0.017544
375 18 16 0.031707
376 25 17 0.031739
377 16 15 0.017267
378 18 17 0.017813
379 18 16 0.019485
380 15 14 0.018097
381 24 20 0.017825
382 21 18 0.025967
383 22 20 0.022888
384 23 18 0.020433
385 20 19 0.016449
386 21 18 0.018639
387 22 20 0.017412
388 28 22 0.020217
389 17 16 0.015871
390 23 20 0.018262
391 24 19 0.02816
392 25 21 0.043126
393 19 17 0.04738
394 16 15 0.028723
395 16 16 0.028058
396 22 19 0.037226
397 25 21 0.029217
398 22 20 0.030705
399 24 20 0.046339
400 24 20 0.016028
401 15 13 0.015484
402 21 19 0.0293
403 16 15 0.02843
404 24 20 0.01584
405 23 20 0.015767
406 27 21 0.017758
407 28 21 0.016044
408 20 20 0.042495
409 26 22 0.01741
410 26 20 0.032385
411 25 21 0.016356
412 19 17 0.018465
413 26 21 0.014844
414 21 19 0.015063
415 33 23 0.016609
416 18 15 0.016101
417 23 18 0.014839
418 24 21 0.017461
419 30 23 0.014001
420 26 19 0.014733
421 20 18 0.209952
422 17 17 0.0821401
423 33 24 0.0611284
424 21 18 0.0654183
425 26 21 0.1220134
426 27 22 0.051533
427 26 20 0.064306
428 24 20 0.1298241
429 21 18 0.0931068
430 28 22 0.1026869
431 20 17 0.1171098
432 28 20 0.0341575
433 27 22 0.156537
434 28 24 0.0762865
435 22 19 0.0430079
436 20 17 0.0319897
437 24 20 0.0258516
438 20 18 0.0641738
439 26 21 0.0331597
440 19 18 0.0338703
441 22 19 0.0315264
442 27 23 0.0336788
443 20 18 0.047545
444 24 21 0.0259793
445 19 16 0.0692278
446 25 23 0.0564007
447 16 16 0.0864898
448 17 16 0.1288891
449 15 14 0.1049551
450 22 18 0.0996502
451 23 19 0.0988686
452 27 19 0.1161362
453 16 15 0.1022706
454 28 23 0.1008625
455 20 19 0.1147952
456 28 23 0.1074695
457 18 15 0.0816213
458 26 22 0.0905972
459 19 16 0.0264618
460 19 16 0.1127549
461 29 24 0.0233135
462 27 20 0.1268753
463 17 15 0.025838
464 22 18 0.1438245
465 23 19 0.0437559
466 33 24 0.0984509
467 28 23 0.0704011
468 17 16 0.0889431
469 19 17 0.1066271
470 22 17 0.1277509
471 28 21 0.1061491
472 27 21 0.0909177
473 23 18 0.0889785
474 18 16 0.0780907
475 19 18 0.0734295
476 22 17 0.0948385
477 20 18 0.0890297
478 22 17 0.0723391
479 21 16 0.0639063
480 27 21 0.0733069
481 22 18 0.0772907
482 21 19 0.0810417
483 16 15 0.0822461
484 27 21 0.0946882
485 38 26 0.094281
486 19 19 0.0271876
487 18 18 0.1090602
488 23 17 0.0971254
489 16 14 0.1141896
490 22 18 0.0933996
491 18 15 0.1234393
492 24 18 0.0940318
493 17 16 0.0273821
494 21 17 0.110866
495 20 19 0.0238113
496 21 19 0.1092164
497 27 21 0.0243534
498 29 22 0.1265367
499 23 19 0.1173202
500 24 20 0.0318753
501 25 22 0.1231339
502 16 15 0.1203908
503 18 17 0.0320618
504 19 17 0.026935
505 20 19 0.095927
506 22 18 0.0250466
507 24 20 0.0980872
508 19 17 0.1050052
509 33 27 0.0261706
510 21 18 0.0269147
511 20 18 0.1060031
512 30 21 0.099245
513 25 21 0.1076691
514 32 23 0.1041187
515 25 19 0.1065014
516 31 21 0.1001245
517 17 16 0.0740487
518 18 17 0.0947985
519 25 20 0.0260233
520 22 16 0.0266342
521 25 19 0.0892851
522 18 16 0.0246832
523 21 18 0.0259094
524 17 15 0.0254295
525 16 14 0.0258557
526 20 17 0.0279145
527 33 24 0.0832808
528 25 21 0.025139
529 27 19 0.0936869
530 23 17 0.0252271
531 17 16 0.0246348
532 21 19 0.0906102
533 24 21 0.1127432
534 24 18 0.0930217
535 18 17 0.028374
536 24 18 0.0253525
537 27 22 0.0299618
538 22 20 0.0397419
539 29 25 0.0227847
540 18 16 0.097619
541 26 21 0.1144422
542 23 19 0.0934555
543 24 21 0.0233914
544 15 15 0.0244078
545 20 18 0.0287713
546 17 16 0.0262651
547 23 20 0.0246553
548 28 19 0.0222942
549 18 18 0.0260061
550 18 17 0.0918474
551 23 20 0.0859342
552 23 18 0.0900287
553 22 19 0.0246057
554 19 16 0.0263164
555 32 22 0.0272732
556 23 20 0.0607074
557 27 22 0.0676769
558 18 16 0.0258446
559 17 15 0.0731994
560 22 18 0.0275743
561 27 24 0.0270351
562 18 16 0.0453832
563 23 19 0.0741424
564 32 23 0.0667571
565 20 17 0.0280093
566 16 16 0.031881
567 29 24 0.0406195
568 18 15 0.0271334
569 27 22 0.0301214
570 17 16 0.0304928
571 15 15 0.0271794
572 15 15 0.0843078
573 17 16 0.0287685
574 23 18 0.0266041
575 29 21 0.0226541
576 27 20 0.0551267
577 24 20 0.0233898
578 19 17 0.0249487
579 29 23 0.0211464
580 27 20 0.061841
581 17 16 0.0512005
582 17 16 0.0334665
583 29 23 0.0237385
584 19 16 0.0596751
585 19 17 0.0369302
586 22 18 0.0315284
587 20 18 0.0264983
588 29 22 0.0243567
589 22 18 0.0255984
590 24 20 0.0222677
591 25 20 0.0205991
592 25 19 0.0230656
593 26 22 0.0232639
594 18 16 0.0248771
595 21 18 0.0278745
596 17 16 0.0273341
597 17 16 0.0279502
598 17 15 0.0243057
599 23 22 0.0227273
600 14 14 0.023394
601 24 19 0.0296164
602 16 15 0.0298315
603 23 19 0.0332329
604 18 15 0.028161
605 23 19 0.0266776
606 25 19 0.0234436
607 30 23 0.024339
608 29 21 0.0233021
609 21 17 0.0295577
610 23 18 0.0226772
611 15 13 0.0212598
612 21 16 0.0261124
613 28 22 0.0240996
614 21 18 0.0182183
615 20 19 0.0236439
616 25 20 0.0225248
617 18 17 0.0243358
618 26 21 0.0234138
619 25 22 0.0196486
620 18 17 0.0222029
621 18 16 0.0230908
622 27 19 0.0240529
623 23 18 0.018414
624 23 21 0.0168374
625 28 19 0.0176702
626 28 21 0.0179801
627 29 21 0.0219351
628 24 19 0.021994
629 27 22 0.0196876
630 28 22 0.0188247
631 23 19 0.0155239
632 25 19 0.02194
633 21 18 0.0175774
634 19 18 0.0171517
635 19 16 0.0240293
636 20 18 0.0184205
637 22 18 0.0227032
638 22 19 0.0171442
639 17 15 0.0217748
640 18 15 0.0178719
641 23 18 0.0153537
642 22 18 0.0191861
643 30 21 0.0197447
644 19 18 0.023536
645 26 21 0.023558
646 20 19 0.0207533
647 23 17 0.020818
648 21 19 0.0175127
649 24 21 0.024791
650 26 21 0.0215803
651 16 14 0.0224308
652 20 17 0.0235405
653 30 21 0.0218183
654 23 20 0.02235
655 25 20 0.01726
656 18 15 0.0222504
657 28 22 0.0313077
658 28 23 0.0229089
659 21 19 0.0244219
660 16 16 0.0211281
661 22 17 0.0263188
662 23 20 0.0234025
663 27 19 0.0244905
664 19 17 0.026963
665 23 20 0.0212035
666 33 24 0.0170876
667 25 18 0.018627
668 24 21 0.0162334
669 28 20 0.0202173
670 19 16 0.0208515
671 25 21 0.0172954
672 21 16 0.0173526
673 23 20 0.0226963
674 32 25 0.0169109
675 23 20 0.0243209
676 26 22 0.0150986
677 23 19 0.0141452
678 20 16 0.0211856
679 29 22 0.0207325
680 20 18 0.0221845
681 21 18 0.0216148
682 23 21 0.0205342
683 19 18 0.0244026
684 26 23 0.0192592
685 28 22 0.0222484
686 27 21 0.0214094
687 23 21 0.0215998
688 18 16 0.0154799
689 29 22 0.0189719
690 22 18 0.0211919
691 24 19 0.019894
692 28 21 0.0185557
693 18 17 0.0167098
694 15 15 0.016366
695 22 19 0.0184163
696 19 16 0.0178449
697 30 23 0.0130483
698 23 20 0.0176054
699 28 23 0.0146602
700 25 22 0.0126151
701 24 18 0.0133077
702 21 16 0.0187031
703 29 23 0.0199153
704 16 15 0.0199463
705 21 19 0.0182517
706 28 22 0.0130434
707 19 16 0.0155646
708 24 20 0.0142035
709 25 22 0.0131417
710 20 18 0.0140112
711 22 21 0.012853
712 22 19 0.0138941
713 34 26 0.0109234
714 31 24 0.0114517
715 21 18 0.013462
716 19 16 0.0149801
717 27 22 0.0173182
718 22 18 0.0153685
719 23 19 0.0139534
720 27 21 0.0186354
721 27 22 0.0188646
722 21 18 0.0180331
723 22 20 0.0154152
724 26 21 0.0136891
725 17 16 0.018139
726 22 18 0.022854
727 20 17 0.0156577
728 23 18 0.0124498
729 24 20 0.0132858
730 22 18 0.0132895
731 25 21 0.0109582
732 26 20 0.013188
733 25 20 0.0112412
734 29 23 0.0118662
735 18 15 0.0121269
736 18 16 0.0129574
737 31 25 0.0147719
738 20 17 0.0149692
739 24 19 0.011867
740 33 22 0.0128047
741 30 24 0.0127176
742 23 19 0.0133086
743 17 16 0.0142561
744 16 15 0.0169161
745 15 15 0.0175032
746 28 21 0.016041
747 18 17 0.015308
748 23 19 0.0147306
749 25 23 0.0143558
750 24 21 0.0145374
751 24 20 0.013162
752 20 16 0.0131304
753 34 26 0.0121928
754 23 20 0.0192399
755 23 16 0.0125421
756 14 14 0.0143531
757 20 18 0.0139387
758 31 23 0.0118916
759 22 17 0.0129439
760 18 16 0.0155163
761 22 19 0.0137702
762 21 18 0.0122653
763 21 17 0.0114593
764 16 14 0.012282
765 23 17 0.0120307
766 22 19 0.015323
767 23 18 0.0135472
768 20 17 0.01173
769 23 20 0.0139867
770 29 24 0.0135042
771 20 18 0.0145166
772 24 22 0.0109141
773 26 21 0.0130915
774 28 20 0.011698
775 24 19 0.012023
776 20 18 0.0150402
777 24 17 0.0113875
778 22 19 0.0144408
779 20 20 0.013535
780 31 23 0.0113594
781 28 21 0.0093847
782 24 21 0.0112878
783 20 18 0.011066
784 34 25 0.0092866
785 31 23 0.0094716
786 23 20 0.0099256
787 23 18 0.0101931
788 19 18 0.0125258
789 17 17 0.012283
790 21 19 0.0116594
791 21 18 0.0106905
792 22 18 0.0108851
793 25 20 0.0099813
794 25 21 0.0094508
795 17 16 0.012181
796 24 21 0.0125523
797 24 18 0.0111893
798 25 20 0.0105815
799 20 18 0.0099554
800 20 18 0.0104578
801 17 16 0.0110266
802 30 25 0.0105509
803 22 20 0.0103885
804 24 18 0.0109769
805 30 23 0.0110591
806 23 17 0.0104516
807 26 19 0.0104666
808 16 16 0.0117462
809 26 19 0.0108869
810 33 25 0.0112581
811 20 17 0.0111108
812 23 19 0.0121648
813 19 19 0.0118055
814 25 20 0.0107467
815 16 16 0.0104637
816 25 20 0.0109818
817 25 23 0.0125719
818 20 17 0.0108222
819 17 15 0.0117908
820 21 19 0.0113577
821 16 16 0.0126135
822 20 18 0.0131612
823 20 20 0.0175458
824 20 16 0.0113452
825 27 22 0.0112431
826 29 21 0.010478
827 21 19 0.0126293
828 24 21 0.0106467
829 27 22 0.0113863
830 14 14 0.0104906
831 16 16 0.0107011
832 15 15 0.0104503
833 21 18 0.0100224
834 24 20 0.0104746
835 19 17 0.0126513
836 19 16 0.0113167
837 21 20 0.0105953
838 19 17 0.0112105
839 22 20 0.0104535
840 18 18 0.0112095
