1 47 40 0.390536
2 28 24 0.113973
3 35 30 0.089184
4 52 40 0.049609
5 41 35 0.060696
6 38 30 0.042454
7 43 35 0.058558
8 41 32 0.038353
9 58 43 0.04357
10 38 31 0.049639
11 47 38 0.071466
12 65 46 0.044125
13 47 39 0.074148
14 43 30 0.042373
15 36 31 0.046749
16 54 38 0.04223
17 49 39 0.052032
18 25 22 0.056394
19 34 27 0.034143
20 57 45 0.050069
21 38 27 0.042307
22 55 36 0.066042
23 40 31 0.051404
24 33 28 0.092167
25 49 34 0.044774
26 51 34 0.066289
27 46 33 0.050543
28 22 20 0.043272
29 70 47 0.090408
30 49 40 0.033251
31 29 24 0.04719
32 41 33 0.0374
33 42 29 0.047282
34 47 36 0.041059
35 41 32 0.078222
36 30 29 0.041342
37 50 37 0.03978
38 63 46 0.032804
39 53 40 0.047026
40 30 26 0.040374
41 49 37 0.05048
42 33 29 0.044247
43 48 39 0.086153
44 31 30 0.091876
45 40 35 0.086844
46 48 36 0.081348
47 45 35 0.051237
48 31 27 0.041237
49 59 43 0.041126
50 41 31 0.041344
51 34 30 0.04888
52 50 36 0.051209
53 30 27 0.068412
54 32 25 0.075152
55 47 34 0.073067
56 48 38 0.039689
57 41 33 0.051966
58 41 32 0.048786
59 49 37 0.060997
60 38 28 0.044376
61 37 29 0.032405
62 41 32 0.046294
63 49 39 0.080911
64 38 32 0.089381
65 50 39 0.04579
66 53 42 0.043055
67 37 29 0.06341
68 34 31 0.060272
69 42 30 0.048888
70 28 24 0.053488
71 39 27 0.095181
72 48 38 0.050468
73 46 38 0.06217
74 26 24 0.052488
75 40 32 0.045268
76 39 29 0.049727
77 53 38 0.041396
78 47 37 0.037722
79 42 32 0.04378
80 41 33 0.08308
81 38 30 0.058918
82 27 24 0.056741
83 41 31 0.027507
84 45 32 0.04729
85 33 28 0.068938
86 52 43 0.088013
87 36 29 0.087054
88 33 26 0.036047
89 43 36 0.06018
90 33 24 0.053563
91 45 36 0.03601
92 43 33 0.093647
93 52 43 0.044408
94 44 33 0.057985
95 46 35 0.093262
96 37 31 0.043143
97 53 39 0.067521
98 46 33 0.079593
99 41 34 0.080348
100 40 29 0.077248
101 32 28 0.029946
102 38 32 0.034822
103 45 32 0.062303
104 37 31 0.080399
105 53 38 0.141055
106 46 36 0.040352
107 36 31 0.093279
108 34 27 0.049612
109 40 32 0.065956
110 46 34 0.056502
111 38 32 0.058793
112 48 35 0.043982
113 52 43 0.038962
114 37 31 0.077735
115 37 30 0.116375
116 42 34 0.067796
117 48 39 0.0389
118 33 27 0.038656
119 37 32 0.087118
120 54 42 0.058585
121 38 32 0.040617
122 61 42 0.038712
123 33 23 0.047466
124 38 31 0.034739
125 31 27 0.046295
126 50 40 0.056391
127 49 38 0.090903
128 35 30 0.098249
129 38 30 0.071672
130 42 35 0.043916
131 49 35 0.036147
132 60 45 0.0412
133 38 30 0.034969
134 34 32 0.045356
135 39 30 0.048044
136 37 32 0.04012
137 42 34 0.040711
138 52 41 0.036983
139 35 31 0.053439
140 46 33 0.069556
141 35 25 0.058218
142 53 42 0.123334
143 47 32 0.092337
144 47 34 0.1128
145 55 42 0.114651
146 42 32 0.093369
147 50 38 0.060384
148 43 31 0.061711
149 64 47 0.054672
150 52 35 0.112491
151 48 38 0.082528
152 39 32 0.113209
153 41 30 0.042544
154 39 33 0.047813
155 33 27 0.046535
156 42 36 0.071368
157 32 27 0.065727
158 56 42 0.060652
159 48 38 0.049056
160 36 31 0.063663
161 36 29 0.044476
162 55 42 0.049775
163 39 31 0.050034
164 50 40 0.098301
165 43 30 0.038641
166 44 34 0.039505
167 35 31 0.037546
168 40 32 0.042958
169 40 32 0.047382
170 29 25 0.031069
171 38 29 0.040787
172 37 31 0.043733
173 33 29 0.037043
174 34 26 0.035933
175 49 38 0.046022
176 33 26 0.073777
177 41 32 0.040324
178 47 36 0.029438
179 33 30 0.045236
180 30 26 0.036756
181 42 31 0.049812
182 52 40 0.045961
183 37 30 0.04424
184 34 27 0.040018
185 39 30 0.046352
186 52 40 0.064428
187 40 31 0.048118
188 25 23 0.043608
189 45 35 0.03653
190 53 36 0.059539
191 53 40 0.075388
192 34 27 0.063437
193 57 40 0.053962
194 34 29 0.047636
195 55 42 0.04625
196 49 38 0.046723
197 38 30 0.063821
198 49 39 0.04137
199 36 27 0.048212
200 34 32 0.066316
201 40 32 0.051571
202 32 27 0.051166
203 38 33 0.035163
204 57 41 0.038665
205 62 47 0.053639
206 43 34 0.045338
207 48 37 0.038972
208 36 30 0.041565
209 42 33 0.030215
210 30 25 0.039954
211 57 41 0.060077
212 29 25 0.08569
213 30 24 0.065713
214 55 41 0.045906
215 37 29 0.059069
216 53 39 0.043937
217 28 26 0.060075
218 42 32 0.093964
219 43 36 0.077772
220 37 31 0.088117
221 59 43 0.054771
222 45 35 0.143654
223 45 34 0.132511
224 47 38 0.047041
225 35 30 0.0472
226 52 42 0.045231
227 36 29 0.050151
228 41 32 0.052566
229 48 33 0.044823
230 39 29 0.077677
231 49 34 0.063047
232 39 33 0.062986
233 32 27 0.053119
234 28 24 0.045292
235 33 25 0.085368
236 41 34 0.050603
237 44 33 0.136815
238 50 39 0.098454
239 37 30 0.122793
240 38 31 0.044948
241 35 28 0.046977
242 40 33 0.043053
243 35 28 0.041256
244 48 35 0.042984
245 33 28 0.05087
246 48 36 0.042367
247 41 30 0.058725
248 58 43 0.043685
249 49 35 0.059217
250 47 39 0.041957
251 45 35 0.036912
252 41 36 0.037195
253 48 34 0.062594
254 43 33 0.039373
255 45 35 0.121893
256 45 35 0.06913
257 43 36 0.084707
258 37 29 0.094955
259 35 30 0.087464
260 46 38 0.165619
261 29 26 0.084026
262 43 35 0.09462
263 38 32 0.089431
264 36 28 0.091737
265 37 32 0.060064
266 46 37 0.063465
267 38 28 0.10349
268 47 38 0.069221
269 40 33 0.038798
270 42 33 0.052378
271 58 40 0.050753
272 42 34 0.04364
273 51 38 0.067623
274 41 33 0.071292
275 45 35 0.080163
276 42 37 0.062605
277 30 26 0.082169
278 35 29 0.046936
279 49 35 0.033313
280 41 31 0.038417
281 42 33 0.038086
282 52 41 0.028724
283 26 22 0.081157
284 45 33 0.078224
285 39 29 0.062593
286 28 23 0.041865
287 43 34 0.050222
288 44 34 0.043131
289 47 36 0.05077
290 30 28 0.054603
291 48 38 0.046102
292 29 24 0.039988
293 34 33 0.052902
294 51 39 0.074936
295 53 36 0.082712
296 39 33 0.043558
297 50 37 0.029225
298 38 30 0.036755
299 48 36 0.043196
300 49 35 0.049232
301 41 32 0.027809
302 46 37 0.058
303 55 41 0.035032
304 49 36 0.076989
305 46 37 0.062756
306 53 42 0.035352
307 48 40 0.042941
308 52 38 0.057336
309 54 41 0.045366
310 36 30 0.043771
311 49 40 0.055001
312 46 36 0.053031
313 37 30 0.039949
314 46 36 0.030583
315 42 34 0.047543
316 45 38 0.04554
317 49 40 0.049511
318 35 28 0.044683
319 36 31 0.036956
320 40 29 0.031592
321 31 28 0.044653
322 43 34 0.101502
323 59 42 0.04227
324 50 34 0.037806
325 33 27 0.05317
326 57 42 0.043948
327 56 43 0.047704
328 47 36 0.110834
329 57 45 0.079856
330 54 40 0.048028
331 50 36 0.045036
332 62 45 0.048031
333 44 35 0.044905
334 34 31 0.047581
335 40 32 0.048911
336 44 32 0.092867
337 35 27 0.057176
338 42 36 0.044696
339 44 35 0.043729
340 49 39 0.051282
341 56 37 0.067022
342 40 32 0.044992
343 46 33 0.062703
344 48 33 0.038724
345 41 35 0.042919
346 42 35 0.037357
347 43 34 0.047187
348 34 28 0.048986
349 45 37 0.049652
350 35 27 0.041806
351 34 28 0.038278
352 39 35 0.053452
353 39 30 0.04228
354 46 35 0.045946
355 46 37 0.05849
356 59 39 0.046082
357 35 30 0.059337
358 39 32 0.043257
359 45 34 0.055067
360 42 33 0.045227
361 45 38 0.054479
362 54 43 0.064492
363 34 29 0.040148
364 39 33 0.045332
365 51 38 0.083525
366 47 39 0.055246
367 40 33 0.141883
368 34 29 0.035127
369 39 31 0.077984
370 41 29 0.046817
371 38 30 0.035103
372 32 28 0.044225
373 36 31 0.03521
374 56 45 0.033133
375 39 30 0.060781
376 29 26 0.073893
377 48 36 0.040105
378 45 36 0.038336
379 36 28 0.044578
380 38 28 0.084373
381 35 30 0.111386
382 36 31 0.070852
383 40 31 0.039349
384 48 35 0.062262
385 61 44 0.051276
386 35 31 0.05108
387 42 32 0.068444
388 48 40 0.037087
389 34 28 0.041448
390 37 33 0.038844
391 40 30 0.070671
392 30 27 0.0418
393 28 26 0.0422
394 40 31 0.04552
395 46 38 0.045242
396 30 24 0.032348
397 26 24 0.054689
398 53 39 0.091989
399 38 32 0.060914
400 40 31 0.041729
401 32 28 0.10648
402 36 32 0.065278
403 54 42 0.063727
404 36 30 0.038665
405 35 30 0.057189
406 58 43 0.047657
407 33 24 0.060239
408 38 31 0.03491
409 51 39 0.047856
410 51 37 0.048609
411 44 35 0.174215
412 54 43 0.068277
413 43 34 0.074622
414 44 37 0.038772
415 44 33 0.059097
416 47 36 0.094522
417 51 38 0.040715
418 40 35 0.0851
419 51 42 0.034262
420 50 39 0.045919
421 55 40 0.287027
422 47 37 0.1531097
423 39 34 0.1081208
424 48 31 0.1297687
425 54 40 0.1240211
426 31 27 0.0747544
427 40 32 0.1195462
428 38 33 0.0961879
429 34 28 0.1015593
430 32 28 0.0767888
431 52 40 0.1135182
432 43 32 0.1038236
433 61 46 0.2250445
434 43 37 0.0838151
435 48 38 0.1112089
436 40 29 0.0947508
437 61 45 0.0885562
438 34 30 0.0984379
439 38 30 0.1195557
440 51 38 0.1006285
441 45 34 0.1362723
442 34 30 0.1224125
443 41 33 0.100937
444 51 36 0.1110254
445 33 27 0.1299364
446 40 32 0.0976449
447 44 34 0.0862464
448 54 38 0.1352234
449 39 31 0.0807528
450 36 31 0.0903439
451 39 30 0.1468266
452 42 31 0.0916446
453 29 29 0.0948477
454 44 33 0.1187134
455 37 29 0.1142671
456 38 28 0.0827394
457 65 49 0.1201912
458 35 30 0.1183949
459 49 39 0.0816657
460 43 33 0.0758672
461 31 28 0.1100499
462 36 29 0.1264243
463 27 24 0.1303753
464 51 39 0.1318514
465 32 27 0.0916373
466 51 39 0.1088024
467 45 35 0.126387
468 41 36 0.1262696
469 38 28 0.0826895
470 51 37 0.0876771
471 49 43 0.076348
472 36 29 0.0864244
473 39 31 0.0913167
474 57 42 0.0937666
475 47 36 0.1158859
476 29 24 0.1285494
477 49 39 0.1067729
478 50 38 0.1169479
479 45 35 0.0947843
480 34 30 0.1354176
481 39 31 0.0736101
482 30 28 0.0928531
483 40 31 0.109355
484 31 28 0.0967134
485 48 39 0.0767272
486 39 28 0.082118
487 34 28 0.1087419
488 56 43 0.0999442
489 42 31 0.0705478
490 58 41 0.1040967
491 42 29 0.1043654
492 41 34 0.0782791
493 33 29 0.0742202
494 39 31 0.083394
495 56 42 0.0785476
496 61 42 0.0750342
497 52 38 0.0713625
498 44 35 0.0838719
499 45 36 0.1173588
500 44 36 0.1136446
501 34 32 0.1059094
502 40 30 0.0727662
503 39 27 0.1111586
504 48 42 0.0802855
505 39 34 0.0986874
506 38 30 0.1089238
507 32 30 0.0979404
508 49 34 0.0799932
509 39 32 0.1221842
510 52 39 0.0734594
511 43 32 0.0766153
512 32 25 0.0762059
513 30 26 0.0737089
514 37 31 0.07634
515 69 45 0.0887052
516 37 29 0.1081636
517 32 27 0.1037701
518 55 40 0.0760928
519 41 33 0.1024336
520 41 35 0.0938618
521 36 33 0.0627276
522 58 41 0.0941903
523 53 42 0.0939779
524 47 33 0.1134653
525 43 34 0.0823486
526 42 32 0.0885809
527 41 36 0.075807
528 41 31 0.099058
529 45 35 0.0706861
530 37 29 0.1119802
531 49 36 0.1020538
532 42 32 0.0772072
533 30 24 0.0712245
534 30 27 0.1070188
535 30 27 0.0903849
536 58 42 0.1209118
537 42 33 0.0988839
538 56 46 0.079307
539 51 40 0.0843193
540 48 33 0.1002406
541 57 43 0.1143741
542 37 29 0.1111366
543 26 24 0.1175839
544 37 29 0.0717833
545 50 44 0.0647247
546 45 34 0.0715768
547 58 40 0.0665184
548 46 37 0.0981691
549 26 24 0.0731631
550 51 35 0.0594552
551 50 37 0.111135
552 30 27 0.1093299
553 60 43 0.0920099
554 34 27 0.1090406
555 40 34 0.0779129
556 56 46 0.0613972
557 51 36 0.0576706
558 35 31 0.0832755
559 54 39 0.086974
560 33 29 0.0739653
561 43 34 0.0609501
562 55 39 0.0972148
563 51 37 0.0803507
564 54 38 0.065485
565 51 39 0.0985755
566 54 38 0.0826424
567 24 22 0.0860012
568 42 33 0.0851302
569 54 43 0.066918
570 48 38 0.0671354
571 50 36 0.0845807
572 52 39 0.0574471
573 46 34 0.0696574
574 31 27 0.0958091
575 49 38 0.0655541
576 40 33 0.0954923
577 29 26 0.0665139
578 55 40 0.1075864
579 48 36 0.0999288
580 52 44 0.0608034
581 45 35 0.0754159
582 43 35 0.0944186
583 27 26 0.0890189
584 45 40 0.0899947
585 47 37 0.0891697
586 42 37 0.093268
587 55 37 0.077628
588 41 34 0.065153
589 40 33 0.0869678
590 50 38 0.0889245
591 49 40 0.0877629
592 34 27 0.090872
593 40 28 0.0994291
594 42 34 0.0809429
595 32 25 0.0856988
596 29 26 0.0935089
597 44 34 0.0889165
598 28 23 0.0792079
599 41 28 0.0634647
600 32 28 0.0735078
601 49 40 0.0963788
602 45 33 0.088776
603 44 33 0.065867
604 42 34 0.0862956
605 66 47 0.0811597
606 25 24 0.0661536
607 54 40 0.0584724
608 38 33 0.0509769
609 22 21 0.0578364
610 40 31 0.0556226
611 56 42 0.0435409
612 45 35 0.0572863
613 48 37 0.0799733
614 49 35 0.0445199
615 46 35 0.060136
616 39 27 0.0629158
617 46 39 0.0516886
618 36 30 0.0593075
619 54 39 0.0477773
620 35 29 0.0466252
621 33 29 0.0480341
622 53 38 0.0503359
623 33 29 0.0495114
624 24 23 0.053044
625 41 30 0.0802597
626 34 26 0.0718413
627 55 42 0.063357
628 49 37 0.072462
629 37 31 0.0563834
630 64 51 0.0767304
631 45 34 0.0724906
632 34 28 0.0643245
633 63 49 0.0606984
634 41 30 0.0602099
635 29 26 0.0657044
636 47 39 0.0669627
637 19 19 0.0503973
638 34 29 0.0525376
639 38 35 0.0428205
640 47 36 0.0662749
641 56 42 0.0461606
642 42 32 0.0640492
643 47 36 0.0505043
644 46 38 0.0434547
645 44 38 0.0526175
646 52 40 0.0500449
647 27 24 0.0471743
648 54 43 0.0451744
649 44 35 0.0312522
650 42 33 0.0526688
651 38 30 0.0337167
652 43 38 0.0411553
653 35 29 0.0625693
654 24 20 0.0521037
655 29 25 0.039823
656 47 35 0.0572669
657 55 44 0.0548545
658 44 34 0.0511272
659 38 28 0.0444886
660 47 38 0.0530023
661 49 34 0.0452934
662 38 30 0.0458681
663 49 39 0.0409915
664 28 23 0.0431568
665 41 30 0.0523301
666 36 26 0.0419526
667 47 32 0.0402232
668 49 34 0.0337852
669 39 32 0.0391374
670 43 34 0.0471986
671 52 38 0.1092939
672 36 33 0.05395
673 41 30 0.0442164
674 39 31 0.0506403
675 38 30 0.0559989
676 54 40 0.0528013
677 25 23 0.0600506
678 43 33 0.0529308
679 40 31 0.0454192
680 29 26 0.0385151
681 42 31 0.0394644
682 45 34 0.0365555
683 38 27 0.0424253
684 48 34 0.0515278
685 53 44 0.0357933
686 35 31 0.0412562
687 48 35 0.0310819
688 31 26 0.0457974
689 40 32 0.0352482
690 50 36 0.0554836
691 48 34 0.0414985
692 53 41 0.032116
693 33 28 0.0439202
694 36 32 0.0420691
695 53 41 0.0276762
696 40 31 0.0446861
697 41 30 0.0423587
698 31 25 0.0394675
699 43 36 0.0351811
700 38 32 0.0400354
701 41 36 0.0351629
702 45 34 0.0362998
703 34 29 0.030725
704 47 33 0.0382947
705 37 30 0.0462928
706 44 34 0.0367373
707 32 28 0.0351837
708 33 25 0.0471378
709 28 27 0.0499688
710 27 23 0.043628
711 51 42 0.0502248
712 39 30 0.0362836
713 32 28 0.0434903
714 39 29 0.0428205
715 49 38 0.0373473
716 49 35 0.0340039
717 43 32 0.0356692
718 46 35 0.0386314
719 60 42 0.0360587
720 36 27 0.0399463
721 34 29 0.0299637
722 31 28 0.0605582
723 33 28 0.0317735
724 44 34 0.0342738
725 60 41 0.0298756
726 34 27 0.0333266
727 43 33 0.0280049
728 41 30 0.0300028
729 43 33 0.0484426
730 40 33 0.0461714
731 46 34 0.0242721
732 30 26 0.0315881
733 56 42 0.0345667
734 35 30 0.0276327
735 44 37 0.0274963
736 52 36 0.0412683
737 39 32 0.0344476
738 28 25 0.0324546
739 48 35 0.0367717
740 43 36 0.047104
741 36 29 0.0373463
742 51 39 0.042115
743 39 32 0.0418088
744 38 31 0.0411552
745 31 26 0.048175
746 54 40 0.0464005
747 45 35 0.0392029
748 36 30 0.0377901
749 30 28 0.0477849
750 47 39 0.0400712
751 47 35 0.0597694
752 46 33 0.0565125
753 32 29 0.0464726
754 40 31 0.0411626
755 35 30 0.036068
756 64 47 0.028972
757 46 36 0.0352705
758 39 32 0.0309851
759 61 43 0.0345895
760 40 32 0.0411235
761 42 35 0.0249623
762 48 40 0.0343372
763 49 35 0.0349997
764 39 35 0.0348291
765 48 35 0.0395801
766 30 26 0.0470495
767 35 27 0.037427
768 37 31 0.0306088
769 43 36 0.0447773
770 35 28 0.0331998
771 30 24 0.0252216
772 36 29 0.0302697
773 35 28 0.0301756
774 36 28 0.0290092
775 33 28 0.0457268
776 42 32 0.0322443
777 51 40 0.0670008
778 50 38 0.0262326
779 36 32 0.0292052
780 30 25 0.0435623
781 45 34 0.0331284
782 39 32 0.0433229
783 39 33 0.0236522
784 42 36 0.0225595
785 43 31 0.0369931
786 44 37 0.0384003
787 33 27 0.0355296
788 37 31 0.0316923
789 43 33 0.0374082
790 61 45 0.0377497
791 51 37 0.0262023
792 31 28 0.0355421
793 41 33 0.0356157
794 31 24 0.0337018
795 50 39 0.029652
796 39 33 0.0439441
797 44 38 0.0322175
798 45 36 0.0395425
799 35 27 0.0346307
800 45 32 0.0446217
801 49 35 0.0368068
802 28 25 0.0331572
803 28 25 0.0386103
804 42 35 0.0393735
805 31 25 0.037899
806 55 40 0.0400402
807 51 39 0.0404353
808 46 41 0.0338291
809 46 35 0.0391044
810 42 32 0.0301923
811 42 34 0.0284857
812 45 35 0.0382857
813 40 29 0.0336833
814 39 32 0.0326332
815 27 23 0.0309418
816 36 27 0.0292069
817 25 22 0.0475511
818 39 29 0.0326924
819 25 20 0.0289047
820 57 44 0.042406
821 39 33 0.0317319
822 29 25 0.0294418
823 50 37 0.0253021
824 48 35 0.0265448
825 38 38 0.0236963
826 67 52 0.0288382
827 30 25 0.0296519
828 47 36 0.0312028
829 42 32 0.0300681
830 37 31 0.027678
831 36 30 0.0303706
832 48 38 0.0347655
833 51 41 0.0387347
834 39 33 0.0325713
835 40 34 0.0321499
836 46 35 0.0320165
837 44 35 0.0363823
838 56 46 0.0298915
839 43 37 0.0290297
840 46 35 0.0327842
