1 362 265 15.998508
2 548 378 36.258576
3 364 276 12.830842
4 400 308 2.710282
5 371 294 9.345568
6 367 278 21.077907
7 356 287 18.088278
8 350 268 3.064345
9 405 311 5.661062
10 411 318 10.592692
11 331 258 62.028482
12 304 238 25.456935
13 374 280 26.410596
14 469 360 27.096737
15 382 291 26.169167
16 383 290 9.521079
17 285 220 13.736437
18 411 307 111.747366
19 415 297 2.741306
20 376 285 5.947671
21 283 226 5.877281
22 321 238 59.146673
23 319 245 7.426501
24 333 257 72.054287
25 454 332 41.916674
26 434 301 7.231337
27 422 322 20.318075
28 347 271 31.159999
29 343 266 19.659912
30 348 272 34.205427
31 394 323 10.634999
32 407 316 25.108797
33 358 282 5.832814
34 436 307 686.091812
35 270 201 13.601382
36 366 284 28.226826
37 342 254 22.912469
38 392 288 60.486629
39 441 341 37.002571
40 482 360 34.902075
41 317 232 6.224724
42 559 408 6.530116
43 375 284 6.030232
44 265 213 38.561176
45 408 317 12.910422
46 299 235 3.823543
47 347 271 12.973602
48 329 257 27.113882
49 341 277 5.257569
50 327 257 33.517801
51 302 267 5.63013
52 362 258 66.299449
53 455 345 3.570654
54 356 285 8.824472
55 372 292 4.871282
56 444 335 4.685482
57 257 204 13.086402
58 304 233 5.735274
59 400 314 9.272174
60 478 344 7.233424
61 350 267 11.930555
62 377 251 948.224444
63 362 290 60.546203
64 353 278 60.73823
65 390 294 2.643156
66 365 266 41.797691
67 331 265 15.384084
68 411 307 9.78542
69 438 338 15.746095
70 496 358 247.218042
71 315 245 8.651019
72 421 316 115.973836
73 405 300 108.35463
74 350 275 11.857604
75 453 331 45.658224
76 292 228 15.810232
77 426 314 51.269736
78 305 234 16.415178
79 337 269 71.999226
80 348 257 9.519431
81 330 266 13.235171
82 263 193 87.129139
83 340 261 25.956296
84 355 272 38.990852
85 318 236 15.030375
86 418 310 16.501991
87 406 320 28.602305
88 488 372 1.609138
89 450 328 14.755888
90 579 417 20.914296
91 387 301 14.471757
92 414 324 3.325006
93 363 279 15.887751
94 341 282 4.124491
95 536 393 11.372323
96 226 183 13.571543
97 253 198 53.731772
98 312 254 26.0177
99 285 243 11.226568
100 299 230 13.139594
101 448 344 37.718123
102 399 301 28.811897
103 331 242 10.638174
104 272 230 3.716005
105 464 352 75.215337
106 295 220 82.110053
107 256 218 5.237975
108 307 250 7.319769
109 367 286 4.434798
110 323 235 10.201197
111 333 264 17.598024
112 362 271 20.486103
113 316 242 67.447702
114 277 214 16.841816
115 449 352 2.628288
116 334 254 14.987834
117 339 263 36.336641
118 408 303 4.5643
119 412 301 53.882341
120 337 255 15.138729
121 400 297 5.697831
122 306 242 95.079843
123 358 271 42.946441
124 396 302 54.501921
125 394 322 18.56806
126 380 275 53.771902
127 345 279 9.581809
128 360 277 8.407104
129 471 337 68.37976
130 490 367 8.41795
131 406 308 47.436551
132 414 319 64.392062
133 205 165 9.355681
134 425 317 40.300148
135 535 387 45.053615
136 307 250 31.089971
137 343 256 39.714791
138 417 279 20.613153
139 333 263 12.433897
140 307 234 10.503411
141 332 259 18.449925
142 328 246 83.479827
143 414 318 15.546206
144 309 250 46.837069
145 305 230 41.46133
146 464 352 3.588833
147 472 346 32.680027
148 354 284 27.260012
149 399 305 13.081868
150 345 271 4.046617
151 321 255 9.974775
152 494 350 106.861368
153 479 352 4.324215
154 427 336 6.785781
155 349 257 24.329189
156 396 307 34.738029
157 387 298 27.5056
158 453 339 15.836189
159 448 354 1.928183
160 380 296 7.000176
161 518 381 2.846951
162 357 299 5.297318
163 335 258 12.928748
164 360 295 15.328091
165 432 316 6.258204
166 398 304 22.145116
167 456 337 7.478623
168 318 260 34.366927
169 452 336 23.119969
170 330 245 12.526656
171 371 286 53.426831
172 316 249 10.242858
173 333 252 31.424192
174 451 321 39.671047
175 341 268 12.533469
176 404 305 33.216373
177 369 285 4.121145
178 323 243 82.849968
179 274 226 26.225264
180 240 196 22.691611
181 327 257 4.261646
182 304 248 22.948334
183 417 307 8.590499
184 346 274 28.994711
185 469 365 16.846962
186 350 265 14.928039
187 344 277 15.181911
188 362 271 16.964597
189 440 297 104.800489
190 357 264 34.617563
191 260 225 9.493063
192 470 340 78.497851
193 436 310 61.359675
194 421 310 13.160579
195 525 358 41.922538
196 304 251 16.272388
197 405 298 184.291176
198 308 232 30.716685
199 338 269 28.117194
200 424 331 70.992783
201 355 271 99.200644
202 383 294 22.787669
203 522 388 11.158533
204 460 343 2.748613
205 535 377 13.131142
206 406 304 36.323837
207 515 393 42.499115
208 279 221 19.461104
209 459 345 33.081137
210 430 316 5.750736
211 315 229 101.230729
212 445 320 5.234497
213 340 241 114.6221
214 453 327 19.83882
215 329 253 82.531785
216 388 296 3.477824
217 374 278 105.824405
218 352 272 83.767563
219 395 316 18.733328
220 369 287 4.099443
221 428 331 15.500349
222 402 311 18.246807
223 415 301 13.548319
224 249 193 14.44199
225 393 296 6.233161
226 287 231 51.788454
227 282 226 28.928022
228 360 271 90.653876
229 306 241 19.107179
230 469 345 15.280035
231 441 338 1.067487
232 277 240 19.185848
233 235 195 18.645129
234 344 274 11.905056
235 434 329 90.938566
236 478 328 22.243484
237 353 266 67.779028
238 493 350 77.087931
239 245 192 26.005506
240 411 313 13.776017
241 339 264 29.881792
242 453 348 8.993605
243 353 267 48.809936
244 408 334 7.862825
245 467 328 36.702501
246 442 343 7.068607
247 506 376 76.277928
248 353 285 12.789504
249 437 321 87.726423
250 463 338 11.755633
251 335 258 22.802839
252 308 235 44.846481
253 467 352 16.719702
254 441 320 15.714447
255 420 323 2.865834
256 316 245 15.236423
257 346 271 10.681234
258 372 268 80.959609
259 406 298 119.25327
260 379 296 3.594167
261 394 299 3.272074
262 336 253 92.046589
263 386 305 7.304386
264 432 315 24.88416
265 392 302 16.220922
266 339 261 9.727081
267 311 233 8.479777
268 315 231 12.040489
269 467 347 131.04365
270 281 227 15.01806
271 501 353 121.671662
272 371 281 55.619828
273 483 350 11.142068
274 392 291 128.470579
275 422 312 34.141578
276 456 363 17.749718
277 291 223 66.654216
278 359 268 20.693176
279 317 260 34.881923
280 452 320 6.586805
281 451 357 46.610861
282 428 324 21.585146
283 464 336 7.340149
284 379 284 11.847606
285 371 291 2.497391
286 371 279 49.311073
287 358 285 35.192028
288 459 355 14.252664
289 417 320 74.749376
290 235 194 15.120764
291 384 299 8.307477
292 412 312 2.849916
293 397 292 384.849787
294 326 236 92.592349
295 397 313 6.009093
296 224 174 54.769287
297 486 359 5.333687
298 391 295 6.563901
299 473 337 4.948491
300 337 256 3.005611
301 317 260 6.101436
302 344 265 41.360586
303 304 239 15.352825
304 422 309 44.018475
305 410 325 11.261048
306 431 329 2.762911
307 419 312 54.079378
308 410 310 28.078202
309 444 341 5.628819
310 387 296 63.171811
311 193 155 22.647908
312 364 287 11.440016
313 296 228 20.563075
314 218 173 17.071608
315 355 282 5.404024
316 498 361 3.412796
317 402 306 35.296716
318 258 200 20.692616
319 469 336 4.469003
320 409 306 56.685285
321 364 284 6.676597
322 251 191 40.113697
323 316 246 82.06424
324 418 329 9.558997
325 370 281 102.829538
326 423 299 15.517841
327 448 345 14.609678
328 262 183 51.555511
329 347 280 85.032709
330 380 274 75.839088
331 435 331 22.495652
332 371 278 18.311272
333 353 265 7.106595
334 395 304 13.206845
335 263 217 21.969082
336 331 263 11.904658
337 485 357 2.599385
338 383 299 14.696002
339 491 365 75.752098
340 409 310 47.470056
341 368 285 28.057862
342 510 380 9.621707
343 436 328 37.062159
344 369 267 49.165763
345 427 322 28.448462
346 273 219 62.479983
347 469 339 4.781313
348 395 298 53.597807
349 413 312 89.143242
350 293 233 7.780347
351 370 284 30.836206
352 366 267 46.420995
353 373 279 54.071022
354 481 367 47.875378
355 403 295 14.80564
356 295 239 20.058776
357 405 318 8.495713
358 362 273 18.346875
359 348 263 47.516124
360 339 268 25.668203
361 358 275 17.044731
362 354 281 5.942083
363 384 282 8.20955
364 423 314 20.041912
365 270 217 7.260623
366 506 378 2.915034
367 297 217 76.313353
368 436 316 26.81934
369 429 309 46.572278
370 458 360 13.291314
371 384 283 74.995835
372 353 277 13.298098
373 379 295 82.948724
374 432 309 10.563154
375 349 256 81.637386
376 383 296 7.091569
377 459 339 22.121605
378 298 237 17.294284
379 384 292 81.595943
380 362 285 38.35905
381 391 306 7.964507
382 413 321 27.353226
383 394 314 18.758545
384 243 193 8.584708
385 402 289 74.303929
386 379 289 45.409336
387 330 256 27.769643
388 484 369 9.155444
389 342 279 3.558572
390 260 213 8.955445
391 364 282 12.542367
392 275 211 15.458101
393 362 279 104.720105
394 378 295 83.772025
395 372 280 23.07346
396 345 262 33.908042
397 322 252 15.732379
398 308 248 3.379527
399 481 353 3.69189
400 303 244 51.156167
401 487 349 27.448739
402 398 310 7.417444
403 421 307 15.258029
404 334 274 13.394169
405 256 196 5.974919
406 443 331 6.618095
407 298 241 9.823702
408 344 259 4.377768
409 460 350 4.521983
410 357 287 6.311604
411 360 295 14.176588
412 288 216 32.834074
413 410 316 34.55386
414 471 343 24.447499
415 411 308 11.53152
416 464 341 36.264333
417 452 334 1.847152
418 205 160 21.18204
419 335 254 68.245677
420 402 303 5.884916
421 321 250 8.7641872
422 376 278 25.323893
423 377 288 93.5338243
424 302 225 34.3046377
425 422 314 18.5177495
426 267 203 21.4572373
427 431 333 28.2222802
428 323 252 22.8204632
429 429 333 30.0449033
430 469 351 21.0309528
431 408 342 10.9877301
432 390 299 6.294718
433 386 283 39.7269045
434 397 312 5.6308454
435 421 313 9.6944344
436 258 216 12.6847859
437 282 227 20.1297012
438 380 297 15.8586804
439 378 281 50.1185113
440 402 307 4.9454737
441 465 359 12.5430874
442 312 236 21.0662542
443 437 336 6.6874484
444 472 338 52.9601555
445 348 270 11.8195682
446 294 243 8.911334
447 380 295 9.3449633
448 437 342 34.9795137
449 428 313 30.7041977
450 411 298 47.8592139
451 403 297 9.235869
452 404 316 37.3361898
453 528 362 9.7862983
454 376 299 52.2343915
455 348 271 35.1719525
456 417 310 9.4706076
457 397 287 46.0509476
458 397 303 84.265494
459 448 330 31.4553664
460 407 293 8.8486348
461 513 357 61.4806953
462 305 227 22.9633601
463 363 292 5.7767633
464 408 316 14.542573
465 223 171 22.0626324
466 382 285 32.9780107
467 504 357 8.4537014
468 249 205 12.1980712
469 421 309 22.0120014
470 352 286 5.3018592
471 438 325 5.5175864
472 395 299 17.5350604
473 498 389 45.5882923
474 447 335 3.187108
475 320 240 112.0234828
476 462 344 72.0106756
477 464 332 31.2569377
478 214 157 27.6958194
479 391 299 21.9638544
480 293 223 21.1109157
481 316 235 20.5477121
482 341 264 12.9247802
483 362 277 8.2828254
484 408 303 29.3263387
485 332 274 17.2102184
486 255 204 12.7635533
487 431 328 15.5022428
488 371 282 12.8957544
489 488 351 2.9759423
490 401 289 36.3693845
491 438 328 2.7413322
492 340 282 35.2337629
493 432 344 9.4963027
494 335 262 27.9699869
495 507 379 6.6386654
496 452 359 13.1301365
497 415 326 38.6826144
498 318 252 29.9953054
499 304 238 45.1073158
500 434 349 12.1654703
501 383 301 27.1110464
502 206 183 11.2853243
503 507 367 10.4465284
504 441 332 58.9606107
505 361 266 24.1435868
506 306 237 61.6609289
507 311 236 38.4992104
508 435 321 17.4398366
509 393 278 26.386618
510 411 325 9.9912771
511 422 327 8.7063283
512 476 351 5.3668234
513 352 254 49.0865321
514 227 191 9.6898246
515 460 343 19.9086769
516 276 227 14.3796863
517 392 315 8.4204619
518 481 372 8.7965251
519 349 268 10.4412119
520 442 338 4.9720476
521 316 247 10.0151749
522 410 318 18.3426038
523 459 346 6.0638926
524 240 184 42.9562325
525 426 315 57.8596356
526 423 337 9.945107
527 413 321 6.1233766
528 420 316 5.0019208
529 492 357 2.3508027
530 368 298 16.8555779
531 274 235 11.6613029
532 496 376 23.6515109
533 291 219 27.0057375
534 431 317 12.7449024
535 480 359 7.9518726
536 392 294 16.4678166
537 370 288 34.8254299
538 424 334 7.885613
539 339 269 2.8003971
540 372 277 43.4689677
541 197 163 12.8946451
542 455 341 27.8197354
543 315 254 7.6586982
544 389 290 25.2436261
545 262 206 8.9505494
546 349 286 5.7102412
547 396 309 20.1314464
548 364 283 4.2537828
549 306 244 20.4949469
550 357 271 11.8859661
551 413 316 10.7414346
552 395 285 35.1761546
553 388 280 33.1657972
554 478 351 10.2330013
555 427 316 54.2294323
556 457 329 27.8564438
557 534 373 17.1773355
558 403 310 27.7630419
559 454 356 2.3732949
560 389 287 15.7311758
561 335 254 41.3737115
562 385 279 25.2369036
563 385 292 37.550239
564 343 273 8.7684043
565 358 284 6.7696495
566 427 326 13.7286467
567 294 228 21.076211
568 310 245 27.2499984
569 513 375 14.0767998
570 303 229 8.657217
571 421 323 11.7530914
572 524 384 1.2212594
573 423 319 15.2503047
574 419 316 57.8035178
575 376 297 15.8049795
576 301 220 54.5407296
577 398 319 17.2473371
578 281 249 8.8202217
579 363 265 34.8020405
580 270 197 16.0935798
581 449 324 2.0077116
582 294 230 20.271902
583 429 327 20.0024163
584 318 257 11.4541628
585 377 300 37.5147125
586 391 301 14.4238695
587 399 306 9.7180122
588 462 327 1.3467799
589 456 360 19.6358064
590 372 296 19.2896628
591 241 184 10.6086796
592 440 336 9.9837742
593 377 296 5.6828089
594 373 286 4.3950799
595 245 193 55.1219115
596 352 263 11.6269179
597 320 238 19.6312948
598 318 243 11.1594074
599 361 266 57.8653503
600 314 255 6.7401892
601 325 252 9.5301517
602 248 199 8.7808986
603 305 237 18.1018529
604 421 324 5.7818657
605 363 271 26.9977641
606 416 304 7.1148586
607 318 239 18.1925669
608 419 321 3.3111355
609 455 331 16.0882321
610 206 182 9.0135525
611 311 239 12.2434587
612 275 224 7.1994396
613 309 253 18.897696
614 304 247 14.5227656
615 443 323 17.2868228
616 515 376 6.1379933
617 410 301 61.0924952
618 409 296 18.1182882
619 239 177 68.5671991
620 556 400 3.1582644
621 437 324 24.5226378
622 374 270 5.1985903
623 454 336 27.0012673
624 313 253 9.450429
625 363 276 24.4093697
626 271 208 23.0647824
627 511 366 6.0202081
628 323 262 16.200527
629 393 301 37.9630184
630 436 318 28.2693768
631 273 218 17.6386478
632 412 299 24.2323976
633 512 380 10.8916036
634 267 210 21.8128745
635 424 335 7.7525379
636 390 300 17.6157625
637 321 244 15.1780343
638 353 259 21.5652009
639 380 301 6.2628736
640 225 174 21.0982027
641 417 310 14.2096723
642 418 302 56.7952077
643 317 242 46.1646574
644 346 261 21.474913
645 364 291 7.790947
646 319 253 8.9435524
647 224 183 14.5964571
648 389 307 2.5099802
649 423 336 15.3418739
650 378 255 32.8637281
651 269 215 14.5626714
652 414 326 13.0949213
653 282 223 8.660008
654 467 347 44.6234586
655 373 275 309.2205034
656 351 278 5.1511032
657 421 303 4.2465001
658 413 301 32.6679095
659 427 308 29.0439413
660 355 270 12.7681506
661 429 323 18.5382557
662 395 308 4.2289451
663 324 245 8.2949419
664 395 311 5.4431703
665 377 280 45.7154084
666 296 237 12.6372974
667 318 237 19.2852625
668 349 261 17.3797095
669 419 315 6.8934531
670 370 292 8.9449443
671 333 263 6.396867
672 335 276 13.7598217
673 336 272 5.6263552
674 325 254 4.7561833
675 305 244 4.8823363
676 339 272 5.8629794
677 381 312 2.9097669
678 390 296 16.4716737
679 516 374 4.6784604
680 349 260 12.110812
681 386 273 10.2178309
682 393 303 23.0950065
683 410 313 3.7423354
684 389 284 27.015398
685 300 238 6.7901311
686 384 298 10.2034979
687 286 216 6.3238598
688 357 283 14.2845869
689 436 307 40.4333822
690 396 306 20.4083594
691 360 299 4.9180125
692 408 300 21.1074143
693 325 259 11.647989
694 296 225 38.3513331
695 542 390 11.6734085
696 366 280 15.3754218
697 315 236 26.7905523
698 329 241 2.2879771
699 482 379 8.8081786
700 386 300 3.6628205
701 361 290 1.8004066
702 323 258 7.6990914
703 340 255 17.5352645
704 397 313 3.0163088
705 463 323 13.4822218
706 398 289 15.2850684
707 416 314 2.6642811
708 449 350 9.1469803
709 238 174 49.0379049
710 316 242 17.494365
711 375 289 17.6421654
712 421 304 18.4184675
713 277 219 13.8139992
714 335 276 4.9565633
715 362 265 4.818552
716 433 306 3.4589999
717 375 292 25.2946167
718 363 289 20.888026
719 358 261 20.3637183
720 386 307 15.5065915
721 297 220 20.0669816
722 442 324 20.2817971
723 509 356 10.5882238
724 344 265 3.9390953
725 319 260 11.3023055
726 422 322 23.3653457
727 531 416 8.8092038
728 500 389 23.2161403
729 330 268 2.148462
730 394 303 2.7055823
731 406 305 4.2386312
732 371 278 9.7759118
733 397 323 3.3615955
734 385 288 30.8113563
735 300 238 11.5927655
736 437 332 22.6174348
737 390 289 4.9383727
738 432 326 10.7553064
739 308 239 5.03569
740 484 366 5.7745429
741 426 316 1.862684
742 418 310 14.7679206
743 495 361 8.4098337
744 387 275 10.8783117
745 364 282 9.5717128
746 398 304 81.9587568
747 391 314 7.366394
748 479 360 9.610641
749 466 361 25.3101254
750 381 290 6.0072431
751 368 295 3.389754
752 368 290 7.7966712
753 320 248 6.4812953
754 451 326 24.6827637
755 426 311 13.8034984
756 364 273 4.4172264
757 355 287 4.1804752
758 355 270 33.025053
759 327 259 7.3806139
760 537 389 3.3804854
761 439 343 7.8904877
762 340 250 17.5212033
763 350 269 15.9890877
764 290 217 25.1162911
765 323 247 29.8186451
766 366 279 7.2235955
767 295 240 12.868054
768 443 358 11.8011748
769 290 223 20.0915388
770 443 339 7.6183512
771 261 212 22.329102
772 328 247 14.8449687
773 434 317 18.7946087
774 382 288 33.6076597
775 401 297 6.0238655
776 497 364 10.3241426
777 307 240 7.8785157
778 348 258 9.9285887
779 395 294 19.1293228
780 376 292 17.8037637
781 454 318 35.903616
782 436 327 7.3893498
783 365 284 33.4414836
784 411 307 14.1382174
785 375 307 3.7768741
786 421 320 6.8766385
787 285 204 23.6418643
788 379 300 4.4653165
789 306 240 17.6492357
790 355 289 4.8093703
791 355 270 19.2306984
792 400 302 4.6992045
793 486 357 10.2260664
794 247 181 20.6278503
795 355 273 32.9272101
796 344 270 15.757212
797 380 295 18.8607403
798 307 232 18.6008037
799 396 315 18.8962932
800 498 381 18.1068062
801 320 247 12.4222349
802 539 380 38.388053
803 304 222 15.5303066
804 401 294 22.1328961
805 329 237 5.3508052
806 489 353 2.9374051
807 427 317 2.4436442
808 349 266 37.4438884
809 371 278 18.163838
810 360 275 34.7247957
811 424 322 14.1023913
812 388 313 10.6018626
813 460 342 1.7573879
814 251 205 14.3913472
815 348 253 65.1347041
816 425 322 15.2852876
817 354 263 17.1035534
818 330 263 15.6413668
819 468 353 11.6942438
820 390 310 9.8676257
821 424 325 16.6836396
822 346 268 11.166886
823 392 299 5.8027801
824 485 355 32.1546384
825 438 318 2.6669841
826 360 274 13.5144178
827 413 326 9.4053565
828 324 246 12.6175778
829 415 298 61.4877374
830 348 262 29.1244585
831 358 267 20.0678774
832 456 329 15.5936405
833 526 388 2.236896
834 468 345 4.4505585
835 327 280 3.0953745
836 279 207 29.4625281
837 314 240 7.9165958
838 385 295 2.7545295
839 394 311 14.3200814
840 393 296 5.026883
