1 151 116 1.190729
2 233 167 0.958965
3 240 179 1.058459
4 162 127 0.825028
5 224 162 1.047882
6 187 149 0.782752
7 135 109 1.164773
8 145 107 5.751847
9 235 179 1.439014
10 225 176 1.271767
11 201 154 1.229816
12 171 134 3.873775
13 245 176 1.954814
14 193 145 1.5831
15 205 154 1.454589
16 213 155 0.59024
17 241 176 1.918432
18 189 142 0.831942
19 186 136 1.203045
20 215 166 3.132018
21 217 155 2.282733
22 115 97 1.030814
23 240 161 4.762532
24 211 160 0.721166
25 233 177 1.881779
26 228 158 0.634566
27 206 155 1.393648
28 163 115 3.401388
29 132 109 0.992042
30 204 160 2.330552
31 285 215 1.195506
32 187 151 1.23469
33 182 139 1.58285
34 137 108 3.008642
35 224 165 2.61777
36 182 139 0.853237
37 188 131 0.750135
38 138 110 0.807637
39 227 175 1.107682
40 183 135 1.526947
41 139 105 1.202875
42 215 156 2.287095
43 176 139 1.918045
44 141 108 1.474834
45 186 139 1.186777
46 194 140 0.987198
47 197 152 0.6453
48 210 164 0.967233
49 170 130 0.714613
50 223 157 1.158921
51 189 147 11.185116
52 148 111 2.954333
53 165 138 1.001129
54 141 122 0.745492
55 214 157 1.012014
56 218 160 4.860139
57 195 146 0.838476
58 222 167 0.613337
59 214 161 0.452118
60 236 167 11.511353
61 252 188 0.981437
62 201 152 1.898201
63 169 129 1.261337
64 247 178 0.82729
65 194 141 1.858704
66 163 124 1.045258
67 164 130 1.358231
68 164 127 1.672947
69 137 107 0.653466
70 213 161 2.045312
71 192 155 1.064563
72 199 153 6.131303
73 167 136 1.657435
74 192 145 1.848413
75 229 161 0.750179
76 203 144 0.650772
77 234 163 1.13054
78 168 127 0.953517
79 236 172 1.571257
80 209 154 2.123235
81 209 162 1.277002
82 128 99 0.94507
83 172 130 1.190334
84 245 183 1.562794
85 173 130 1.388662
86 194 142 0.723405
87 178 129 0.790106
88 161 123 1.177349
89 227 155 0.704702
90 225 162 2.917813
91 169 125 0.789729
92 153 107 0.938774
93 230 167 1.075066
94 211 146 0.757205
95 247 165 1.251213
96 199 162 0.620006
97 165 119 1.058568
98 303 201 1.457002
99 149 125 1.019636
100 161 117 0.532087
101 193 155 1.130511
102 180 146 0.73429
103 225 171 2.355483
104 254 195 0.484323
105 234 178 0.781541
106 223 171 0.51578
107 156 111 0.641022
108 155 116 0.514687
109 263 189 0.77382
110 244 193 1.610853
111 254 177 1.567991
112 256 183 8.606004
113 159 116 4.100753
114 225 159 1.331249
115 262 189 0.643345
116 108 85 0.810699
117 192 142 1.454783
118 143 108 1.507558
119 255 182 0.402042
120 184 140 1.048799
121 237 168 1.380681
122 257 175 0.523104
123 173 143 0.828751
124 187 146 0.6192
125 199 152 0.971449
126 175 134 1.64169
127 125 94 3.424956
128 224 158 1.289945
129 233 185 1.088501
130 192 143 3.727227
131 208 149 1.205189
132 227 166 1.431636
133 203 146 1.003281
134 241 173 1.74994
135 182 137 0.872452
136 150 112 0.944299
137 220 157 1.710303
138 209 145 1.164222
139 222 174 1.515799
140 195 155 0.820075
141 193 146 2.035096
142 124 103 1.508627
143 212 143 0.671631
144 147 118 1.99514
145 278 201 6.38492
146 278 195 1.193464
147 236 166 1.344317
148 197 149 2.439628
149 170 123 1.845554
150 192 131 1.235393
151 241 181 8.846647
152 210 145 0.905918
153 226 170 1.953422
154 174 133 1.299675
155 211 172 0.338645
156 177 133 2.598885
157 282 199 1.044864
158 205 159 2.041763
159 260 182 1.057304
160 220 163 1.072635
161 191 145 0.803232
162 199 146 5.180443
163 155 125 1.187146
164 208 158 0.839574
165 214 163 0.465859
166 240 179 2.009964
167 173 135 1.006128
168 190 143 6.06099
169 212 152 0.857107
170 142 116 1.518701
171 192 141 10.332063
172 248 180 1.951543
173 206 156 0.846361
174 177 139 0.823364
175 199 142 1.43513
176 214 153 0.22245
177 145 119 0.744088
178 191 139 1.307016
179 213 164 0.614496
180 227 166 1.510042
181 197 158 1.389884
182 200 163 0.785606
183 232 172 3.275303
184 177 141 0.964364
185 191 145 0.982023
186 211 162 1.074277
187 200 141 3.650202
188 198 153 0.976891
189 150 118 1.416976
190 186 135 1.872914
191 206 153 0.535486
192 187 140 0.72128
193 222 164 2.198643
194 183 140 1.713861
195 190 143 1.21662
196 185 143 1.014897
197 226 166 2.351023
198 214 156 4.065036
199 242 169 5.515717
200 184 139 0.980203
201 299 215 0.891299
202 198 156 1.082939
203 219 171 1.577486
204 244 175 2.13164
205 233 170 0.729824
206 201 154 0.972727
207 149 121 1.000007
208 152 117 1.159501
209 236 167 1.056581
210 149 121 0.760127
211 157 127 0.64886
212 221 167 0.661922
213 234 169 0.670402
214 194 160 0.868609
215 180 138 0.657027
216 171 141 1.201246
217 197 150 1.072321
218 179 142 0.484163
219 157 125 0.82396
220 222 165 0.957298
221 144 116 0.81738
222 231 172 0.697769
223 186 134 2.370524
224 243 165 0.483586
225 167 131 1.581321
226 243 171 0.657564
227 181 143 1.580754
228 287 198 1.69841
229 174 131 1.185483
230 142 106 1.332018
231 230 164 1.276711
232 176 136 1.056582
233 177 145 1.682416
234 197 153 0.86326
235 96 77 1.038994
236 223 150 1.798451
237 198 151 0.991111
238 219 159 0.721699
239 218 170 0.66285
240 252 189 1.086224
241 166 129 0.846117
242 168 131 0.676099
243 170 133 1.007786
244 153 107 1.697734
245 223 163 0.618657
246 218 158 0.926946
247 295 215 0.768475
248 204 145 1.258933
249 181 138 1.259391
250 194 147 2.429148
251 251 193 1.330781
252 175 143 1.28253
253 195 152 0.36895
254 208 159 4.52931
255 217 169 1.529533
256 224 167 1.626297
257 212 147 1.348803
258 198 153 0.374538
259 226 165 3.744043
260 246 180 1.209267
261 127 99 1.213136
262 249 190 0.544984
263 254 183 2.645268
264 199 148 0.791577
265 170 133 0.921146
266 283 201 1.440663
267 222 164 2.811733
268 273 200 2.923701
269 205 152 0.736813
270 162 126 0.932479
271 164 110 1.800112
272 193 155 0.666635
273 160 119 2.01964
274 292 211 1.969111
275 188 143 0.961075
276 166 126 1.65145
277 151 122 2.32235
278 250 176 0.798846
279 151 113 7.86772
280 201 151 0.779189
281 151 118 0.866657
282 221 161 0.686278
283 198 150 1.040025
284 220 167 1.282901
285 243 186 1.425297
286 236 178 1.211501
287 208 145 2.572332
288 263 186 5.752176
289 151 125 0.891534
290 165 127 1.011907
291 138 106 1.411355
292 211 149 0.89979
293 265 196 0.512
294 192 145 1.199373
295 174 131 0.495421
296 176 135 1.294101
297 221 167 6.281819
298 203 146 0.901431
299 193 154 0.600939
300 210 147 6.583721
301 195 147 0.956366
302 244 174 0.728684
303 196 147 1.245995
304 211 166 0.581404
305 189 139 0.85452
306 202 139 3.374711
307 137 120 0.771893
308 218 157 0.788012
309 149 110 1.054184
310 111 87 2.086177
311 149 111 3.441169
312 147 109 0.673665
313 257 180 1.454259
314 243 181 2.070101
315 172 132 0.854861
316 203 153 0.829955
317 282 197 3.747316
318 174 127 1.180266
319 122 96 0.963271
320 193 142 1.157798
321 234 174 0.422761
322 213 168 0.932036
323 169 131 3.03916
324 192 137 2.749504
325 204 155 0.826194
326 211 161 3.792145
327 153 118 0.569975
328 217 173 2.00452
329 228 170 3.193646
330 186 138 0.598795
331 211 160 1.011406
332 233 170 0.515368
333 173 125 1.133682
334 269 192 0.639673
335 142 106 1.119798
336 207 148 0.872434
337 180 140 1.572921
338 168 131 1.087518
339 165 117 1.122624
340 194 144 0.838964
341 202 151 1.058988
342 218 152 8.588871
343 167 129 0.870663
344 175 130 1.145898
345 155 126 0.883306
346 240 180 0.359884
347 164 124 1.771377
348 211 148 1.795274
349 198 145 0.811903
350 135 104 1.628903
351 202 145 4.675912
352 199 148 0.698327
353 240 179 0.823513
354 193 138 1.170567
355 232 171 1.031993
356 139 108 1.443599
357 151 116 0.772642
358 225 160 1.833315
359 113 90 1.317059
360 168 122 2.406386
361 230 171 0.861127
362 197 145 0.801089
363 174 139 1.055542
364 228 165 2.750746
365 146 121 1.018928
366 272 192 1.054321
367 218 165 2.660991
368 150 117 0.785974
369 202 149 1.706728
370 211 167 1.675693
371 195 139 1.742035
372 169 130 0.972184
373 172 139 1.281274
374 234 188 1.15162
375 229 166 1.31464
376 205 158 1.031495
377 187 137 0.468042
378 201 157 0.797666
379 151 119 1.249569
380 227 162 2.082525
381 208 152 0.941733
382 219 158 5.698753
383 173 138 1.118536
384 273 196 1.207253
385 169 124 2.858002
386 189 147 1.437308
387 258 178 2.157877
388 223 161 0.749589
389 206 161 0.765054
390 173 131 1.012316
391 150 117 0.664196
392 218 158 0.887575
393 241 161 2.987042
394 170 127 1.034849
395 162 145 0.663923
396 268 185 1.01626
397 205 157 0.512011
398 133 105 2.647677
399 179 136 1.424581
400 231 166 0.937961
401 168 130 4.052254
402 201 163 0.771493
403 179 135 0.778843
404 209 156 2.093014
405 215 162 2.288265
406 152 122 0.857856
407 187 144 0.840307
408 201 157 1.055394
409 150 118 1.345919
410 190 146 0.548322
411 246 163 1.194111
412 163 119 1.805319
413 161 114 1.055759
414 179 139 0.62342
415 189 137 5.04334
416 182 141 2.049784
417 178 145 1.075306
418 158 130 1.241856
419 214 153 0.956242
420 253 174 0.947099
421 159 125 2.7981514
422 175 128 1.9871187
423 194 147 2.672629
424 148 118 1.4398639
425 208 143 2.3954772
426 209 138 15.4265641
427 196 153 1.5802591
428 188 148 1.1796236
429 287 203 0.9704226
430 203 153 0.6567543
431 197 145 0.9195385
432 159 115 5.8906323
433 205 151 1.4685201
434 176 139 1.8636252
435 196 147 1.4544606
436 206 154 1.3520396
437 113 82 1.9237127
438 184 142 3.0987028
439 173 125 1.3042513
440 191 149 1.8362124
441 222 159 1.0623306
442 240 178 1.2164104
443 175 137 1.5449157
444 176 131 1.2698028
445 209 142 1.6067229
446 206 160 0.840553
447 146 110 1.0387745
448 274 178 2.475216
449 177 129 1.3907478
450 205 152 3.1492833
451 185 134 2.3694882
452 177 136 1.6688075
453 230 175 2.0940202
454 195 150 1.8642274
455 206 167 0.9047255
456 200 151 1.0279128
457 198 134 0.8659798
458 226 171 0.9627135
459 189 144 1.7358529
460 180 133 1.6997514
461 110 90 2.1053763
462 163 129 1.2842012
463 215 151 8.3632553
464 146 107 1.5385116
465 226 163 1.3524282
466 157 127 2.4356896
467 168 135 0.8595182
468 112 91 1.635226
469 166 122 1.5624419
470 186 135 1.5322919
471 184 144 3.0022393
472 213 163 1.3115864
473 189 137 1.5622313
474 205 161 1.7906423
475 150 115 1.5887054
476 241 168 1.4949593
477 218 163 1.602772
478 163 144 1.8148662
479 152 124 5.1345133
480 234 167 1.5155419
481 116 90 2.056304
482 192 135 2.0897704
483 214 151 2.1235665
484 216 163 1.3313133
485 217 163 0.9991658
486 207 155 1.293874
487 223 161 1.3015928
488 246 169 4.8374808
489 174 139 4.9842228
490 210 165 1.135593
491 189 147 1.1197172
492 257 186 1.217064
493 186 149 1.448017
494 197 150 1.0627076
495 190 147 1.2450864
496 230 166 1.653061
497 214 165 3.1847361
498 192 143 1.8760039
499 190 134 0.8331612
500 189 137 1.0258084
501 168 132 1.0644313
502 87 74 1.4665684
503 244 173 0.8371283
504 164 127 2.7511317
505 316 221 8.2657375
506 200 142 1.4895174
507 146 118 0.9972794
508 274 189 0.7936199
509 208 164 0.9415988
510 169 126 1.8034001
511 251 188 0.4889948
512 188 133 2.0399079
513 165 135 3.384864
514 144 130 1.0332191
515 208 164 0.9325126
516 176 136 1.4152712
517 193 147 0.8684834
518 165 121 0.9063795
519 166 130 1.1305425
520 167 129 1.0077254
521 231 169 2.7991229
522 144 109 1.1756186
523 204 155 0.571261
524 205 154 0.63814
525 216 177 0.938168
526 159 126 1.6796757
527 168 127 1.4161611
528 221 159 1.2031484
529 206 156 2.2478008
530 146 117 1.0828418
531 130 114 0.9616913
532 211 162 0.9274569
533 169 135 0.6478326
534 213 161 1.0332622
535 208 156 1.172179
536 139 108 0.8760983
537 238 170 0.6082429
538 243 172 1.1543043
539 183 143 0.8129786
540 261 187 2.6896487
541 170 127 1.2512928
542 250 179 0.942072
543 121 97 1.3259986
544 205 151 2.0753817
545 266 189 1.0525134
546 174 138 0.8763232
547 177 141 0.858647
548 198 148 2.3894175
549 203 155 0.9455233
550 126 105 1.5126701
551 199 148 1.3473354
552 209 158 0.5878634
553 133 105 1.251859
554 215 159 0.9219253
555 202 152 0.8684256
556 198 154 1.1622443
557 185 146 0.9760504
558 179 140 0.7281665
559 218 156 1.1204067
560 167 127 0.852888
561 154 117 0.8944224
562 209 158 0.6896216
563 200 151 1.2196258
564 215 162 0.9595066
565 213 155 4.8938167
566 231 163 1.2836432
567 165 126 0.9664193
568 227 161 0.9416577
569 226 162 0.5473076
570 230 168 0.5774455
571 222 152 0.9020398
572 231 168 0.9939826
573 188 141 1.0722573
574 138 107 1.0382258
575 166 124 1.2082929
576 184 125 0.6367383
577 203 144 0.6350644
578 206 144 1.2715381
579 176 137 1.3796705
580 173 129 2.9248278
581 197 146 0.6931027
582 237 174 0.7037574
583 149 110 1.825798
584 193 133 1.0165388
585 220 155 1.0084933
586 219 154 1.5443133
587 245 170 0.466407
588 226 161 0.9321424
589 211 155 0.8691855
590 216 157 1.6065234
591 149 127 0.9840266
592 256 190 1.0951547
593 173 136 0.8603448
594 208 151 1.0387606
595 193 148 0.5661504
596 161 133 0.7777608
597 155 129 1.242143
598 197 149 0.6954082
599 92 74 0.7759253
600 227 171 1.0681667
601 213 157 3.6528662
602 185 134 0.7189388
603 233 166 0.7701705
604 183 141 0.800229
605 201 148 1.2283876
606 195 153 1.0774491
607 156 109 0.9871081
608 109 83 3.4972568
609 202 149 0.5812578
610 212 161 0.849538
611 224 166 0.9954332
612 177 139 0.6480548
613 235 176 0.7418413
614 168 130 0.8814043
615 196 145 0.4774141
616 131 107 0.7464875
617 166 129 1.7026784
618 163 137 1.4521753
619 139 113 0.6332152
620 220 164 2.6839617
621 177 142 2.0018829
622 204 154 0.4574399
623 178 134 1.085804
624 224 162 2.8428345
625 173 128 0.6708856
626 184 141 0.8008113
627 207 161 0.736521
628 217 150 1.2088889
629 148 104 3.583738
630 111 93 0.9091762
631 235 174 0.8301532
632 149 100 0.9862426
633 209 154 0.7800138
634 108 84 1.1872724
635 157 128 0.7541324
636 185 149 0.4211329
637 194 157 0.5908867
638 163 135 0.7238765
639 214 154 0.7005132
640 207 156 0.5904757
641 167 128 0.681755
642 235 169 0.503695
643 189 154 1.0699916
644 215 150 0.5190944
645 193 159 0.5758523
646 217 149 0.5485459
647 204 148 1.0710016
648 231 155 0.8544835
649 200 152 1.0194427
650 232 178 1.0493617
651 143 115 0.9018112
652 228 167 0.5998093
653 156 124 0.9117226
654 156 130 0.9270818
655 153 121 0.9909817
656 221 180 0.9449571
657 220 168 0.6684298
658 245 171 0.7272102
659 279 183 0.9226903
660 201 164 0.8218931
661 150 117 1.0353264
662 195 148 0.8766414
663 232 160 0.5940841
664 230 175 0.5847541
665 151 122 0.8821019
666 143 118 0.7656713
667 168 135 0.7805061
668 166 115 0.8485408
669 157 125 1.1080581
670 184 133 0.7108051
671 195 146 1.0405671
672 210 152 1.0249429
673 167 126 1.3637955
674 219 160 0.8585314
675 266 200 0.7860364
676 244 169 0.5789345
677 158 134 1.0404971
678 188 148 0.7168453
679 199 142 0.758807
680 275 197 0.7091513
681 177 137 0.970722
682 181 133 1.5072783
683 170 132 0.6808424
684 181 143 0.4783096
685 189 142 0.5209835
686 192 144 1.0178751
687 201 150 0.741556
688 175 137 0.7539632
689 199 153 0.7299212
690 244 167 0.6778567
691 203 150 0.5176497
692 221 144 4.6562926
693 189 142 0.8944913
694 215 171 0.2107187
695 242 184 1.5770687
696 167 143 0.5788493
697 236 173 0.8361968
698 172 122 0.7592237
699 121 94 0.5274174
700 196 158 1.5062615
701 189 146 0.5845927
702 114 87 0.9133208
703 232 169 0.6004798
704 108 91 1.1586614
705 164 113 0.6412402
706 240 181 0.7747219
707 156 117 0.7138785
708 182 136 0.8237171
709 223 165 0.7015537
710 264 181 2.5041306
711 211 159 0.6942173
712 184 147 0.8067459
713 153 111 0.6176909
714 230 181 0.8153592
715 179 136 0.9359202
716 299 209 0.4595382
717 176 133 0.6769957
718 126 103 0.6531576
719 180 143 0.3864374
720 177 126 0.8594189
721 171 127 1.6261913
722 191 146 0.4838682
723 203 155 1.5930503
724 138 108 0.7845672
725 222 163 0.5317358
726 197 142 0.823993
727 184 138 0.6554072
728 149 113 0.8236905
729 210 158 1.7912377
730 149 120 0.3638129
731 155 123 0.9583295
732 197 147 0.4873257
733 267 198 1.416839
734 174 128 0.8298357
735 236 167 0.7175202
736 180 138 0.8819574
737 182 131 0.7351387
738 148 114 1.0843493
739 270 182 0.6189584
740 223 175 0.7228084
741 356 233 0.1941533
742 240 176 0.662062
743 216 153 0.9553312
744 192 143 0.4986281
745 122 103 0.6332295
746 187 144 0.7048975
747 208 159 0.6162539
748 147 114 0.8710334
749 184 138 0.8788158
750 187 144 1.1441629
751 175 137 0.51312
752 225 180 0.6170838
753 191 149 1.0073851
754 217 165 0.5322758
755 208 162 0.524924
756 266 197 1.5204708
757 189 146 0.4881918
758 158 116 0.7571394
759 146 118 0.7063611
760 173 126 1.5283947
761 189 140 0.5425502
762 210 152 2.0330269
763 140 119 0.8259656
764 196 151 0.7770193
765 162 130 3.385511
766 147 120 0.9163937
767 189 140 1.5350573
768 252 174 0.6378765
769 189 132 3.2776465
770 182 136 1.2187244
771 140 102 0.8101958
772 187 137 1.6961429
773 203 155 1.4901892
774 187 140 0.752125
775 151 109 0.8812009
776 174 131 0.4895056
777 124 100 0.515411
778 257 199 0.298009
779 164 136 0.4361027
780 197 161 0.6925628
781 236 169 0.2368105
782 173 129 0.8897114
783 184 132 0.624231
784 161 118 0.6379648
785 178 134 3.794206
786 161 132 0.5979252
787 180 138 0.8837372
788 165 119 1.2371376
789 189 142 0.6059873
790 210 158 0.44155
791 186 142 0.3677159
792 223 164 0.4453358
793 221 160 0.7168557
794 247 193 1.4365918
795 191 141 0.9593426
796 218 158 0.951968
797 146 113 1.1385349
798 214 167 0.5827146
799 204 148 0.7498939
800 162 131 0.5965368
801 104 79 0.7388731
802 202 134 0.4433127
803 251 181 0.357029
804 201 154 0.4162346
805 171 129 0.5341947
806 166 129 0.4500645
807 204 147 0.440601
808 228 168 0.3091507
809 195 158 0.4083583
810 188 144 0.7669158
811 178 143 0.5613708
812 148 116 0.9646842
813 217 153 0.464053
814 193 144 0.5283236
815 200 146 0.7455814
816 178 136 0.4626852
817 198 136 3.3392638
818 131 100 0.60304
819 202 148 1.6701743
820 172 133 0.5360515
821 246 176 0.3637122
822 167 130 0.5381643
823 236 163 0.8883107
824 213 161 0.4740365
825 238 168 1.7132132
826 177 133 0.7418173
827 257 192 1.8559114
828 239 178 0.6789184
829 170 131 0.5780837
830 239 180 0.7539602
831 166 126 0.4293607
832 196 147 0.9697965
833 127 97 0.6663945
834 202 156 0.4153817
835 181 143 0.6159384
836 185 142 0.4462964
837 186 142 0.6060629
838 198 149 0.4264889
839 201 155 0.4198398
840 183 137 0.7347164
