1 116 83 0.602443
2 114 82 0.245311
3 117 86 0.179831
4 84 67 0.21042
5 89 72 0.275268
6 109 79 0.157707
7 61 51 0.210359
8 113 87 0.154154
9 111 79 0.255725
10 114 85 0.15392
11 85 69 0.208605
12 108 81 0.14466
13 78 66 0.190111
14 106 81 0.188333
15 90 63 0.209516
16 68 57 0.288681
17 140 91 0.297544
18 126 90 0.132815
19 88 69 0.218179
20 99 74 0.156975
21 94 76 0.204705
22 120 90 0.194801
23 116 86 0.237546
24 91 67 0.173583
25 57 47 0.314438
26 112 79 0.469162
27 91 63 0.238116
28 95 69 0.191377
29 93 73 0.17098
30 102 77 0.211482
31 100 76 0.302052
32 80 65 0.163046
33 80 66 0.152394
34 135 97 0.195979
35 83 64 0.144076
36 132 95 0.176532
37 123 89 0.146551
38 121 90 0.290648
39 92 74 0.243767
40 122 84 0.165144
41 128 93 0.122709
42 87 62 0.405358
43 88 72 0.400272
44 86 66 0.193059
45 104 79 0.16126
46 93 70 0.265771
47 124 87 0.157989
48 107 79 0.278492
49 108 86 0.269012
50 92 65 0.212267
51 108 80 0.161325
52 83 61 0.33033
53 110 83 0.177846
54 123 95 0.130205
55 144 108 0.230737
56 104 79 0.486297
57 133 95 0.472183
58 128 91 0.151963
59 112 89 0.227708
60 102 82 0.206831
61 114 82 0.174874
62 86 70 0.171924
63 60 48 0.139396
64 70 53 0.179201
65 86 67 0.15484
66 101 73 0.201632
67 88 61 0.169945
68 108 76 0.180808
69 117 80 0.195229
70 107 84 0.320952
71 87 66 0.205824
72 109 83 0.179495
73 87 67 0.484337
74 67 54 0.343516
75 136 90 0.174835
76 115 84 0.577889
77 104 76 0.245845
78 119 82 0.429474
79 77 57 1.073003
80 103 74 0.201784
81 109 78 0.250119
82 121 86 0.192363
83 88 63 0.228043
84 77 56 0.147394
85 99 73 0.239461
86 109 74 0.171879
87 83 69 0.176904
88 119 87 0.174574
89 149 103 0.207909
90 95 67 0.309496
91 81 61 0.273591
92 85 69 0.238754
93 73 50 0.419157
94 114 77 0.245501
95 123 95 0.180558
96 135 93 0.177621
97 121 90 0.175823
98 123 89 0.205001
99 107 79 0.226676
100 97 73 0.305504
101 126 88 0.11539
102 111 84 0.127765
103 90 69 0.271995
104 75 53 0.158414
105 101 83 0.153359
106 128 93 0.126541
107 100 74 0.233277
108 68 54 0.130089
109 104 76 0.317518
110 93 73 0.283289
111 111 79 0.153717
112 106 80 0.154985
113 100 73 0.161243
114 113 86 0.223696
115 85 70 0.373726
116 90 73 0.171606
117 109 93 0.289619
118 106 83 0.251601
119 105 71 0.189246
120 82 66 0.185184
121 112 86 0.289477
122 106 78 0.171231
123 138 96 0.205151
124 102 81 0.16935
125 88 66 0.161888
126 89 71 0.23503
127 103 76 0.221062
128 99 76 0.419011
129 131 95 0.469886
130 71 59 0.511105
131 95 71 0.411601
132 96 71 0.222896
133 63 59 0.181203
134 113 83 0.183616
135 89 64 0.196812
136 73 59 0.237057
137 125 92 0.236913
138 86 64 0.416988
139 99 72 0.181646
140 120 83 0.343676
141 94 71 0.224953
142 111 84 0.108592
143 103 80 0.150499
144 135 97 0.171099
145 117 88 0.268854
146 90 69 0.208415
147 124 90 0.200338
148 83 63 0.207345
149 66 50 0.192911
150 99 72 0.182179
151 128 89 0.176755
152 97 77 0.130089
153 84 67 0.136099
154 97 76 0.303158
155 90 65 0.352946
156 106 74 0.258431
157 118 87 0.284752
158 88 67 0.312973
159 74 64 0.160948
160 115 81 0.229144
161 102 77 0.169349
162 101 85 0.166285
163 63 49 0.236419
164 115 78 0.214688
165 82 59 0.136163
166 117 90 0.180882
167 93 71 0.169079
168 79 63 0.122444
169 120 87 0.194215
170 110 80 0.479888
171 106 75 0.167694
172 104 78 0.319024
173 150 109 0.212616
174 110 79 0.173358
175 113 82 0.207453
176 106 80 0.171735
177 92 74 0.088878
178 83 60 0.207633
179 96 72 0.256517
180 96 69 0.16518
181 120 91 0.237793
182 98 78 0.188104
183 90 73 0.131771
184 115 78 0.173012
185 119 88 0.134626
186 108 80 0.117067
187 71 57 0.174374
188 120 89 0.166046
189 96 73 0.248085
190 121 86 0.391225
191 117 89 0.475771
192 98 77 0.215843
193 119 86 0.17608
194 106 74 0.664652
195 109 76 0.461008
196 76 60 0.191775
197 115 81 0.382541
198 123 85 0.236003
199 74 61 0.166676
200 97 78 0.34757
201 74 57 0.149454
202 122 86 0.175594
203 98 72 0.226999
204 130 95 0.103303
205 78 60 0.138692
206 118 86 0.351809
207 105 82 0.284069
208 111 83 0.158581
209 78 63 0.270845
210 95 78 0.111446
211 106 80 0.14941
212 93 71 0.258222
213 120 82 0.18726
214 103 80 0.216477
215 109 79 0.263455
216 98 68 0.166228
217 96 73 0.144422
218 108 79 0.12536
219 122 84 0.160067
220 113 78 0.170173
221 109 85 0.366348
222 93 75 0.182242
223 90 65 0.151048
224 114 83 0.194399
225 112 83 0.200138
226 108 82 0.148183
227 86 70 0.204029
228 59 46 0.478593
229 92 67 0.183651
230 111 75 0.21277
231 94 74 0.121968
232 121 86 0.401006
233 72 56 0.20658
234 92 72 0.150678
235 85 74 0.189912
236 92 73 0.316179
237 80 59 0.15095
238 110 82 0.518071
239 131 98 0.206567
240 75 62 0.32245
241 114 75 0.162084
242 106 78 0.413293
243 84 63 0.16589
244 103 77 0.16821
245 102 75 0.178454
246 107 82 0.300347
247 74 58 0.17528
248 90 70 0.140366
249 79 64 0.272051
250 82 63 0.118808
251 108 82 0.21308
252 89 72 0.138851
253 126 91 0.139975
254 84 69 0.184009
255 85 71 0.166457
256 102 81 0.189435
257 86 60 0.210886
258 92 69 0.346531
259 114 83 0.213041
260 92 70 0.209929
261 85 68 0.235811
262 97 84 0.171905
263 144 97 0.259379
264 128 91 0.150684
265 86 66 0.276883
266 113 80 0.16337
267 128 96 0.116654
268 98 79 0.192843
269 145 99 0.240249
270 120 82 0.647924
271 86 65 0.269466
272 53 44 0.156654
273 110 84 0.169678
274 118 85 0.207697
275 124 88 0.263876
276 105 82 0.276564
277 64 53 0.189486
278 101 72 0.214272
279 111 84 0.133547
280 115 78 0.172737
281 106 80 0.141604
282 115 82 0.129995
283 92 71 0.166563
284 107 75 0.226044
285 94 70 0.612162
286 97 68 0.234987
287 98 73 0.218395
288 127 89 0.214765
289 78 63 0.197882
290 105 74 0.261535
291 121 88 0.12575
292 107 83 0.210172
293 66 51 0.141169
294 94 73 0.204605
295 103 76 0.176577
296 111 74 0.295414
297 94 68 0.137626
298 102 80 0.154882
299 73 56 0.168884
300 153 100 0.303171
301 126 90 0.155464
302 100 71 0.16486
303 116 81 0.189261
304 86 66 0.223318
305 114 86 0.231056
306 78 62 0.268012
307 132 90 0.207313
308 126 81 0.156748
309 96 71 0.184521
310 103 75 0.179776
311 117 90 0.234439
312 96 77 0.240543
313 118 83 0.175822
314 114 76 0.182221
315 94 77 0.392191
316 89 69 0.170369
317 134 101 0.248184
318 139 95 0.202364
319 99 74 0.137005
320 79 58 0.24248
321 116 88 0.142761
322 115 81 0.184042
323 104 77 0.295412
324 95 76 0.115204
325 119 93 0.144293
326 84 62 0.178876
327 79 57 0.209253
328 138 99 0.395864
329 78 62 0.206898
330 96 70 0.255271
331 93 73 0.313937
332 104 83 0.192217
333 107 81 0.259831
334 86 68 0.315751
335 107 82 0.261362
336 73 57 0.143107
337 53 45 0.206234
338 128 89 0.873885
339 99 73 0.23297
340 109 85 0.173762
341 104 76 0.51842
342 106 74 0.350575
343 106 85 0.428516
344 116 87 0.179362
345 85 70 0.180602
346 119 85 0.212806
347 112 82 0.368042
348 88 68 0.488711
349 95 70 0.118457
350 110 82 0.136234
351 110 75 0.213238
352 137 89 0.17838
353 107 79 0.159824
354 101 80 0.115305
355 90 67 0.152807
356 123 92 0.165033
357 101 75 0.245779
358 107 79 0.229232
359 76 59 0.186791
360 91 70 0.435839
361 89 65 0.162864
362 103 74 0.430977
363 90 71 0.136135
364 126 86 0.140784
365 128 90 0.23686
366 132 99 0.103621
367 87 58 0.223956
368 124 91 0.166653
369 124 90 0.145067
370 137 90 0.143423
371 84 66 0.146503
372 90 72 0.359671
373 82 61 0.112774
374 53 47 0.180367
375 134 92 0.131895
376 107 78 0.233411
377 88 69 0.172074
378 98 73 0.209449
379 83 62 0.430114
380 87 66 0.156522
381 104 80 0.300761
382 107 79 0.22004
383 82 60 0.185661
384 72 60 0.199001
385 103 74 0.235145
386 93 66 0.16251
387 127 99 0.150051
388 113 80 0.119223
389 68 58 0.138731
390 111 84 0.201612
391 123 96 0.105651
392 71 59 0.214142
393 109 83 0.204027
394 90 71 0.243597
395 74 61 0.181178
396 99 75 0.182195
397 98 72 0.207307
398 93 71 0.241062
399 99 76 0.296124
400 100 75 0.14171
401 59 45 0.242813
402 132 92 0.394528
403 103 79 0.262273
404 105 79 0.26947
405 114 78 0.140906
406 93 70 0.230541
407 98 76 0.287498
408 103 77 0.289502
409 120 89 0.118273
410 99 77 0.212099
411 125 88 0.484105
412 123 85 0.180715
413 122 86 0.267515
414 141 100 0.221892
415 86 66 0.114337
416 119 89 0.283639
417 111 78 0.189421
418 127 92 0.179415
419 112 88 0.220607
420 138 91 0.212787
421 95 75 0.7653666
422 82 59 0.6070278
423 84 64 0.4483935
424 86 65 0.4023123
425 103 80 0.3255384
426 113 83 0.3606312
427 109 73 0.3936982
428 93 73 0.3017352
429 95 70 0.4802883
430 107 81 0.4968295
431 103 77 0.3705046
432 117 80 0.3977577
433 75 61 0.3030275
434 82 60 0.4216936
435 72 56 0.410663
436 120 91 0.362965
437 100 71 0.3066221
438 102 75 0.5913714
439 139 92 0.3014063
440 113 79 0.5356721
441 111 78 0.2747703
442 75 57 0.2973512
443 96 71 0.4283882
444 124 82 0.477297
445 98 77 0.4103979
446 89 72 0.4823413
447 126 90 0.3505469
448 101 77 0.6128648
449 104 72 0.4172989
450 86 70 0.6098622
451 84 66 1.1680183
452 133 92 0.4560423
453 110 87 0.418595
454 120 89 0.3328659
455 91 69 0.4166255
456 97 71 0.2915651
457 91 68 0.3964999
458 88 73 0.4613327
459 94 73 0.4062388
460 133 87 0.2732065
461 82 67 0.4220147
462 118 86 0.3631952
463 90 69 0.5349907
464 118 86 0.3463045
465 106 81 0.3943194
466 109 79 0.2620044
467 127 94 0.3215501
468 102 79 0.2325479
469 96 74 0.3317548
470 110 85 0.4576126
471 87 68 0.468627
472 72 55 0.4507689
473 111 81 0.328359
474 93 66 0.3784287
475 115 87 0.388983
476 144 95 0.3628598
477 93 72 0.3488943
478 93 74 0.3473762
479 114 85 0.3421549
480 119 86 0.2659941
481 102 81 0.3020056
482 112 74 0.573405
483 106 82 0.2904713
484 115 86 0.3186364
485 87 72 0.3154913
486 90 70 0.3439916
487 100 79 0.3075767
488 111 88 0.4100194
489 90 75 0.3080277
490 104 83 0.3925603
491 126 86 0.4419333
492 87 71 0.3716659
493 117 80 0.3234456
494 72 53 0.5320596
495 91 70 0.284416
496 93 74 0.3415302
497 73 57 0.5431892
498 99 74 0.3230323
499 73 55 0.3923313
500 113 84 0.2976291
501 139 101 0.3506694
502 80 64 0.5951504
503 125 90 0.3418916
504 107 80 0.3137534
505 81 64 0.499955
506 89 72 0.3711762
507 134 100 0.460762
508 107 83 0.3068082
509 51 40 0.418149
510 71 53 0.5557332
511 91 68 0.6776507
512 140 99 0.4786114
513 135 96 0.3020527
514 96 76 0.4093039
515 112 82 0.3312307
516 125 88 0.2858478
517 110 79 0.3531556
518 121 83 0.2575697
519 85 62 0.336659
520 115 81 0.4302771
521 113 79 0.4328251
522 80 66 1.2467716
523 80 66 0.379569
524 82 68 0.4231614
525 89 69 0.3266497
526 87 66 0.790823
527 118 81 0.3761729
528 76 58 0.3383494
529 115 83 0.2400684
530 76 62 0.2905464
531 93 72 0.3418765
532 136 96 0.34152
533 90 67 0.3246611
534 89 65 0.386757
535 91 66 0.3938035
536 85 65 0.2993483
537 106 80 0.3179553
538 88 72 0.2556193
539 104 78 0.3101786
540 74 57 0.4139649
541 145 102 0.3026297
542 123 87 0.7304464
543 118 81 0.2628443
544 91 67 0.2659848
545 116 79 0.2275654
546 120 86 0.181451
547 121 91 0.2405613
548 81 61 0.3157157
549 88 63 0.2153679
550 99 78 0.3794322
551 78 59 0.2156057
552 125 94 0.232369
553 70 64 0.1557596
554 101 73 0.2063747
555 81 56 0.1416225
556 105 78 0.1924986
557 104 79 0.2635872
558 123 95 0.1251133
559 115 80 0.1879575
560 119 86 0.2174497
561 115 85 0.1279937
562 100 74 0.173467
563 97 77 0.2140851
564 88 73 0.1438508
565 74 61 0.2200234
566 121 84 0.1733995
567 106 82 0.1393973
568 91 67 0.1751917
569 98 74 0.2188257
570 111 85 0.3387832
571 103 76 0.2226046
572 92 66 0.2401669
573 90 69 0.2251402
574 69 58 0.2507824
575 116 93 0.1352069
576 98 75 0.1428466
577 107 76 0.1952684
578 97 73 0.1476671
579 114 80 0.2420669
580 130 95 0.1692359
581 89 73 0.1826272
582 103 76 0.2029823
583 97 76 0.2408663
584 100 83 0.1848675
585 133 92 0.138673
586 101 74 0.2324829
587 111 86 0.2068733
588 160 118 0.2168268
589 71 58 0.1954059
590 117 78 0.1388991
591 116 92 0.1352977
592 132 92 0.2025883
593 99 71 0.1611155
594 97 69 0.2738748
595 96 70 0.2125073
596 108 80 0.1732415
597 86 67 0.1726363
598 108 81 0.1674727
599 91 72 0.1986824
600 105 79 0.1842181
601 112 77 0.1712341
602 88 68 0.1740424
603 79 64 0.2175348
604 144 107 0.2699044
605 82 67 0.1563928
606 94 67 0.3227709
607 100 72 0.2370592
608 98 74 0.1164908
609 77 61 0.1735153
610 90 68 0.154044
611 106 80 0.2008134
612 98 73 0.12243
613 114 83 0.195971
614 61 48 0.2945191
615 81 60 0.217261
616 87 68 0.1795999
617 104 77 0.1501456
618 92 77 0.1414143
619 99 72 0.1665551
620 98 74 0.1794623
621 78 67 0.1830071
622 101 75 0.2984432
623 98 75 0.1915213
624 118 84 0.1610663
625 69 56 0.1375241
626 83 61 0.1299805
627 91 65 0.1233502
628 84 66 0.1455971
629 79 58 0.1235299
630 120 90 0.1133633
631 88 65 0.1540196
632 97 74 0.1472222
633 85 63 0.1679731
634 65 60 0.1716586
635 117 90 0.1078051
636 114 81 0.1712914
637 115 80 0.1114131
638 115 86 0.1305179
639 67 51 0.1382239
640 94 69 0.1403177
641 97 65 0.1416341
642 110 77 0.1515788
643 105 79 0.1338835
644 109 87 0.1377618
645 110 77 0.1091993
646 107 78 0.3667998
647 106 80 0.1212274
648 96 72 0.1195446
649 88 69 0.1629205
650 118 86 0.151851
651 117 82 0.1608757
652 105 76 0.11283
653 98 69 0.1773161
654 131 100 0.1651076
655 129 91 0.139084
656 100 69 0.1593509
657 125 86 0.0952529
658 91 72 0.1536607
659 138 93 0.1643348
660 109 78 0.1234021
661 100 80 0.1219599
662 109 80 0.1525736
663 99 75 0.1200554
664 119 82 0.1517412
665 117 84 0.103194
666 106 81 0.1557985
667 108 83 0.1674054
668 100 69 0.1306922
669 81 66 0.1855769
670 117 81 0.169351
671 91 72 0.1435765
672 79 58 0.1328917
673 102 83 0.1128152
674 56 47 0.1778936
675 100 77 0.0906752
676 77 60 0.1017132
677 101 76 0.1319082
678 99 77 0.103778
679 94 66 0.1451305
680 101 75 0.1689704
681 126 91 0.1335878
682 109 83 0.1448226
683 134 90 0.1006637
684 94 68 0.0894706
685 103 75 0.1075551
686 119 89 0.1384813
687 72 57 0.1341037
688 121 91 0.1475187
689 110 79 0.1405697
690 116 79 0.0806552
691 97 74 0.2054326
692 77 55 0.1175415
693 74 65 0.1791264
694 81 63 0.1413763
695 93 68 0.1226536
696 108 78 0.1029903
697 98 74 0.097887
698 75 62 0.1448739
699 86 69 0.1128569
700 82 61 0.1389474
701 97 72 0.1311371
702 81 61 0.1454112
703 110 81 0.1016812
704 110 83 0.1121695
705 122 93 0.1420855
706 128 95 0.1119226
707 80 59 0.1668904
708 109 82 0.0941532
709 103 75 0.1518796
710 94 68 0.1656911
711 94 73 0.1242424
712 83 67 0.1370621
713 126 89 0.091806
714 106 81 0.1140379
715 137 99 0.0862478
716 119 85 0.1021717
717 81 68 0.1084978
718 88 69 0.1341536
719 116 93 0.0921926
720 102 73 0.1199229
721 102 81 0.0998145
722 100 76 0.0890485
723 115 95 0.1136563
724 92 72 0.1232664
725 116 84 0.1151312
726 116 78 0.1763602
727 110 81 0.1137133
728 161 110 0.0999386
729 115 78 0.1038757
730 81 66 0.1309388
731 91 68 0.0798024
732 75 56 0.1083408
733 109 81 0.094255
734 96 73 0.1259953
735 100 82 0.155893
736 93 71 0.0828431
737 116 89 0.085693
738 69 53 0.1049252
739 92 68 0.1301446
740 120 88 0.1282439
741 100 71 0.160273
742 97 75 0.1135412
743 86 65 0.1205045
744 112 79 0.1058598
745 131 95 0.0696784
746 103 71 0.1104088
747 134 92 0.1075626
748 67 52 0.1486648
749 96 74 0.0934102
750 101 73 0.119573
751 72 54 0.1221643
752 118 86 0.1078062
753 90 67 0.1120259
754 117 86 0.1010211
755 83 63 0.1688415
756 110 84 0.109989
757 97 76 0.0931227
758 109 78 0.0858164
759 133 93 0.0890775
760 75 60 0.0972564
761 80 64 0.0972703
762 110 82 0.1328746
763 102 76 0.1239123
764 116 87 0.0722864
765 89 64 0.0765464
766 127 87 0.0829487
767 120 84 0.0774012
768 100 81 0.1079287
769 104 80 0.0955393
770 113 84 0.1232871
771 97 81 0.109645
772 133 93 0.0863892
773 80 66 0.0945723
774 135 97 0.0902005
775 101 73 0.0811708
776 95 77 0.1200765
777 118 93 0.1284998
778 121 84 0.0929231
779 130 95 0.070292
780 102 77 0.103173
781 68 59 0.1269528
782 135 91 0.1049836
783 114 87 0.0732683
784 101 74 0.1401849
785 106 79 0.0907511
786 115 81 0.0987972
787 97 72 0.1101896
788 84 64 0.0623364
789 90 68 0.120019
790 99 75 0.0987426
791 102 78 0.1110908
792 93 75 0.1263977
793 115 90 0.1277747
794 85 63 0.0845666
795 73 57 0.1076427
796 111 80 0.0973411
797 85 70 0.11221
798 90 71 0.092299
799 105 74 0.1316381
800 83 66 0.1217459
801 131 91 0.1029881
802 124 85 0.0785593
803 123 91 0.14167
804 83 62 0.1101026
805 120 87 0.0716457
806 68 53 0.0993035
807 108 79 0.1030398
808 92 72 0.0957437
809 79 63 0.1344435
810 97 68 0.1024986
811 79 60 0.110871
812 116 84 0.0923776
813 146 96 0.0876324
814 99 66 0.1180849
815 68 53 0.0837101
816 123 87 0.1022744
817 109 80 0.1379445
818 122 85 0.141664
819 88 65 0.0818149
820 85 66 0.095033
821 109 73 0.0793687
822 74 57 0.1061479
823 95 73 0.1007935
824 95 71 0.1133289
825 110 79 0.1135727
826 87 62 0.1249882
827 90 64 0.0912912
828 89 70 0.1529267
829 89 68 0.1201367
830 116 82 0.0944812
831 98 81 0.1090908
832 112 83 0.0693481
833 94 67 0.1602393
834 73 58 0.1205913
835 109 80 0.0823802
836 99 77 0.0995001
837 89 75 0.1220166
838 112 82 0.0795372
839 64 52 0.1193792
840 100 77 0.1018292
