1 17 17 0.124967
2 18 17 0.029173
3 21 17 0.019043
4 20 17 0.024181
5 15 15 0.050389
6 16 16 0.029476
7 17 16 0.028778
8 16 16 0.049588
9 16 16 0.037891
10 20 17 0.036822
11 21 17 0.015941
12 17 16 0.028323
13 19 17 0.025464
14 16 16 0.036788
15 18 17 0.01379
16 18 17 0.013451
17 20 17 0.013035
18 18 16 0.028188
19 18 16 0.040592
20 18 17 0.015619
21 20 17 0.015697
22 19 17 0.013568
23 16 16 0.015144
24 17 17 0.015071
25 19 17 0.014429
26 15 15 0.014081
27 19 17 0.014188
28 16 16 0.013247
29 19 16 0.013736
30 16 16 0.030083
31 19 17 0.029949
32 17 17 0.030674
33 21 17 0.030954
34 20 17 0.028806
35 19 17 0.012985
36 19 17 0.012774
37 16 16 0.028528
38 17 16 0.032603
39 21 17 0.012477
40 20 17 0.012335
41 18 16 0.013132
42 18 17 0.012888
43 19 17 0.012676
44 21 17 0.022102
45 17 16 0.018978
46 15 15 0.013464
47 18 17 0.012732
48 16 16 0.01441
49 17 16 0.06497
50 17 16 0.027603
51 19 17 0.013157
52 20 17 0.012976
53 19 16 0.013177
54 20 17 0.012225
55 20 16 0.033013
56 18 16 0.026153
57 16 16 0.012759
58 19 17 0.057907
59 18 16 0.030241
60 20 17 0.012833
61 19 17 0.012916
62 20 17 0.012892
63 18 17 0.0349
64 17 17 0.013014
65 18 16 0.038803
66 20 17 0.04169
67 16 16 0.026017
68 17 16 0.023712
69 15 15 0.034069
70 18 17 0.037421
71 22 17 0.012388
72 17 16 0.037476
73 17 17 0.083106
74 20 17 0.037377
75 20 17 0.033198
76 19 17 0.037379
77 17 17 0.033192
78 18 17 0.036923
79 17 16 0.049721
80 17 17 0.029091
81 18 16 0.01627
82 16 16 0.013438
83 15 15 0.022995
84 16 16 0.027962
85 19 17 0.041232
86 18 17 0.031119
87 19 17 0.06107
88 21 17 0.036575
89 19 17 0.037316
90 18 17 0.037063
91 17 16 0.031538
92 21 17 0.03704
93 19 17 0.030337
94 19 17 0.029959
95 17 16 0.02946
96 18 17 0.029021
97 17 16 0.036691
98 16 16 0.012816
99 17 17 0.012245
100 18 17 0.012151
101 18 17 0.03288
102 18 17 0.012069
103 20 17 0.012126
104 21 17 0.012991
105 22 17 0.013391
106 18 17 0.013876
107 19 17 0.012593
108 17 17 0.012178
109 18 17 0.012079
110 22 17 0.018976
111 18 17 0.018922
112 20 17 0.0191
113 20 17 0.018633
114 22 17 0.018191
115 17 16 0.011633
116 21 17 0.012121
117 16 16 0.012521
118 16 16 0.012218
119 15 15 0.012297
120 20 17 0.011845
121 19 17 0.011941
122 18 17 0.012528
123 17 16 0.013071
124 19 17 0.012062
125 19 17 0.013746
126 17 16 0.014703
127 15 15 0.015044
128 16 16 0.014687
129 18 17 0.015105
130 18 17 0.011665
131 20 17 0.011379
132 20 17 0.011112
133 17 17 0.011169
134 19 17 0.011742
135 18 17 0.011976
136 18 17 0.012217
137 19 17 0.012435
138 20 17 0.01178
139 15 15 0.013407
140 16 16 0.011843
141 19 17 0.011613
142 18 17 0.011787
143 18 17 0.011387
144 18 17 0.011542
145 18 16 0.012195
146 20 17 0.029108
147 18 17 0.013057
148 19 17 0.025469
149 16 16 0.028878
150 20 17 0.02865
151 18 17 0.025148
152 21 17 0.024018
153 18 17 0.028401
154 19 17 0.028032
155 17 16 0.040513
156 18 16 0.013746
157 17 17 0.025187
158 18 17 0.0292
159 18 16 0.041449
160 16 16 0.030156
161 18 16 0.029763
162 18 16 0.026363
163 18 17 0.037732
164 18 17 0.037566
165 22 17 0.032801
166 18 17 0.030469
167 17 16 0.012583
168 19 17 0.034051
169 20 17 0.041741
170 17 17 0.029426
171 17 16 0.01249
172 21 17 0.012266
173 23 17 0.012222
174 19 17 0.042962
175 19 17 0.02319
176 19 17 0.026684
177 16 16 0.029283
178 19 17 0.029264
179 16 16 0.029561
180 20 17 0.028573
181 21 17 0.012081
182 20 17 0.01129
183 17 17 0.029046
184 21 17 0.036049
185 15 15 0.024863
186 21 17 0.028256
187 19 17 0.012145
188 18 16 0.028942
189 19 17 0.02851
190 17 16 0.028608
191 20 17 0.028445
192 20 17 0.011644
193 20 17 0.011812
194 15 15 0.01262
195 18 16 0.012175
196 19 17 0.011718
197 19 17 0.012327
198 17 16 0.013334
199 18 17 0.013634
200 15 15 0.011024
201 19 17 0.01012
202 17 17 0.028257
203 19 17 0.01028
204 18 16 0.01938
205 16 16 0.025242
206 22 17 0.012857
207 17 17 0.020957
208 20 17 0.02265
209 18 17 0.012316
210 19 17 0.013636
211 18 17 0.011964
212 18 17 0.01221
213 19 17 0.012082
214 19 17 0.012133
215 19 17 0.017426
216 18 17 0.019564
217 18 17 0.013144
218 16 16 0.012296
219 20 17 0.012526
220 18 17 0.013517
221 22 17 0.011966
222 16 16 0.019751
223 20 17 0.02839
224 17 16 0.012606
225 16 16 0.012872
226 18 17 0.012849
227 21 17 0.011747
228 21 17 0.012158
229 18 16 0.012713
230 16 16 0.012004
231 17 17 0.011983
232 19 16 0.011763
233 17 17 0.011975
234 19 17 0.012195
235 19 17 0.012104
236 18 17 0.011454
237 21 17 0.020331
238 21 17 0.012435
239 20 17 0.011232
240 17 16 0.012258
241 18 17 0.012221
242 15 15 0.013053
243 18 16 0.01204
244 17 17 0.011839
245 20 17 0.011505
246 18 17 0.011454
247 16 16 0.01278
248 17 17 0.012322
249 23 17 0.010933
250 16 16 0.012713
251 17 17 0.012285
252 16 16 0.013144
253 18 17 0.012598
254 17 16 0.011946
255 19 17 0.013539
256 21 16 0.011725
257 20 17 0.011913
258 21 17 0.011816
259 19 17 0.012741
260 20 17 0.011511
261 20 17 0.01193
262 16 16 0.028381
263 19 17 0.011602
264 19 17 0.010882
265 19 17 0.011166
266 20 17 0.016668
267 17 17 0.011372
268 16 16 0.012179
269 20 17 0.01148
270 19 17 0.013725
271 16 16 0.012204
272 21 17 0.012899
273 17 16 0.018939
274 19 17 0.012085
275 19 17 0.011638
276 18 17 0.012261
277 18 16 0.011328
278 16 16 0.01204
279 19 17 0.011732
280 21 17 0.011927
281 15 15 0.012868
282 17 16 0.012119
283 19 17 0.012029
284 18 16 0.011677
285 17 17 0.012283
286 16 16 0.011639
287 15 15 0.01146
288 17 17 0.011803
289 19 17 0.012116
290 16 16 0.01163
291 19 17 0.011533
292 19 17 0.011777
293 20 16 0.012134
294 22 17 0.011202
295 17 16 0.011217
296 18 16 0.011342
297 16 16 0.011878
298 16 16 0.013178
299 17 16 0.012029
300 19 16 0.011418
301 15 15 0.028419
302 19 17 0.028119
303 18 16 0.012108
304 18 16 0.012815
305 19 17 0.011669
306 18 17 0.011513
307 15 15 0.011956
308 17 17 0.013029
309 16 16 0.027785
310 17 16 0.011049
311 20 17 0.011047
312 18 17 0.01149
313 17 17 0.028047
314 16 16 0.011285
315 22 17 0.010961
316 19 17 0.012188
317 20 17 0.011376
318 17 17 0.029629
319 19 17 0.011921
320 18 17 0.012467
321 18 17 0.011713
322 21 17 0.011349
323 18 16 0.024152
324 19 17 0.025835
325 18 17 0.011542
326 18 16 0.012347
327 19 17 0.011484
328 21 17 0.012096
329 18 16 0.012879
330 19 17 0.05074
331 18 17 0.011714
332 17 17 0.01279
333 18 17 0.028105
334 20 17 0.01217
335 17 16 0.011862
336 17 17 0.034705
337 17 17 0.012089
338 19 17 0.01184
339 17 16 0.031943
340 17 16 0.012552
341 17 16 0.012354
342 18 17 0.011563
343 18 16 0.011977
344 21 17 0.010345
345 19 17 0.019627
346 18 17 0.011288
347 19 17 0.011354
348 18 17 0.012291
349 18 17 0.012132
350 16 16 0.011844
351 18 16 0.014413
352 19 17 0.011493
353 21 17 0.012109
354 20 17 0.01187
355 19 17 0.011454
356 20 17 0.011832
357 18 17 0.011527
358 19 17 0.011541
359 18 16 0.011659
360 18 16 0.012622
361 16 16 0.012998
362 16 16 0.012826
363 19 16 0.011583
364 18 17 0.011655
365 17 16 0.01193
366 18 16 0.013346
367 18 17 0.011612
368 19 17 0.012284
369 20 17 0.011178
370 18 17 0.011645
371 17 17 0.011755
372 17 17 0.012007
373 19 17 0.011815
374 18 17 0.011903
375 20 17 0.011677
376 19 16 0.011025
377 21 17 0.012512
378 19 16 0.011231
379 18 17 0.011953
380 19 17 0.011676
381 17 16 0.011773
382 17 16 0.011968
383 18 17 0.011576
384 16 16 0.020815
385 19 17 0.01539
386 18 17 0.011483
387 18 17 0.027739
388 21 17 0.027371
389 17 17 0.021631
390 18 17 0.014537
391 17 16 0.025227
392 18 16 0.028152
393 18 17 0.02833
394 20 17 0.0118
395 18 17 0.030952
396 19 17 0.010997
397 21 17 0.018695
398 19 17 0.015036
399 17 17 0.012594
400 20 17 0.015409
401 18 17 0.013814
402 18 17 0.013578
403 18 17 0.011242
404 19 17 0.010826
405 17 17 0.012093
406 17 17 0.010947
407 18 17 0.011488
408 19 17 0.011676
409 17 17 0.011392
410 18 17 0.011355
411 18 17 0.011281
412 19 17 0.031181
413 18 17 0.016583
414 20 17 0.011593
415 15 15 0.012062
416 16 16 0.012374
417 16 16 0.011742
418 17 16 0.011516
419 21 17 0.010924
420 18 17 0.010723
421 20 17 0.2775705
422 19 17 0.0449097
423 18 16 0.050512
424 16 16 0.0462013
425 17 17 0.0662564
426 18 17 0.035304
427 17 16 0.0345673
428 20 17 0.0375186
429 18 17 0.0323476
430 21 17 0.0296658
431 18 17 0.0240468
432 19 17 0.0362078
433 18 17 0.024231
434 18 17 0.0403138
435 18 16 0.0281985
436 19 17 0.0328849
437 18 17 0.0198498
438 20 17 0.0277554
439 16 16 0.0206765
440 20 17 0.0263056
441 20 17 0.029666
442 20 17 0.0233402
443 17 16 0.1366354
444 15 15 0.0216892
445 15 15 0.110413
446 18 17 0.0800047
447 18 17 0.0790257
448 17 16 0.041412
449 16 16 0.0268022
450 19 17 0.0390544
451 17 16 0.0333238
452 19 17 0.0617383
453 23 17 0.0234745
454 20 17 0.07313
455 19 17 0.0713785
456 19 17 0.0239609
457 18 17 0.0246759
458 17 17 0.0268373
459 19 17 0.021466
460 16 16 0.0234814
461 22 17 0.1259357
462 22 17 0.025489
463 18 17 0.0246351
464 19 17 0.0248402
465 19 17 0.0222124
466 17 17 0.0213712
467 19 17 0.111561
468 15 15 0.0285579
469 17 16 0.0656764
470 18 17 0.0479395
471 15 15 0.051682
472 18 17 0.0509353
473 19 17 0.0251474
474 17 17 0.1100538
475 19 17 0.0742829
476 19 17 0.0214357
477 19 17 0.0787044
478 20 17 0.0243969
479 16 16 0.0328951
480 15 15 0.0249929
481 19 17 0.0278713
482 22 17 0.0206691
483 21 17 0.0240539
484 18 16 0.0271939
485 21 17 0.0204351
486 17 17 0.0282864
487 15 15 0.0187125
488 19 17 0.0226573
489 22 17 0.0203767
490 20 17 0.0268414
491 18 17 0.1288214
492 21 17 0.0381633
493 20 17 0.0237034
494 20 17 0.1733657
495 18 17 0.0214795
496 21 17 0.1436635
497 19 17 0.0239233
498 22 17 0.0232193
499 21 17 0.0181674
500 16 16 0.0210024
501 17 16 0.0349711
502 18 17 0.0218789
503 17 16 0.027821
504 17 17 0.0323146
505 19 17 0.0207173
506 15 15 0.0213699
507 18 17 0.0227202
508 18 16 0.020487
509 20 17 0.0334824
510 17 17 0.1152567
511 18 17 0.1352931
512 19 17 0.020688
513 19 17 0.0219055
514 18 16 0.0217011
515 16 16 0.1288566
516 19 17 0.0220842
517 19 17 0.122162
518 20 17 0.1309783
519 18 17 0.0255736
520 19 17 0.021511
521 16 16 0.0340232
522 18 16 0.0217311
523 21 17 0.0989868
524 18 17 0.0199908
525 20 17 0.0253199
526 18 17 0.0238453
527 17 17 0.0206414
528 17 17 0.0216998
529 18 17 0.0218784
530 18 17 0.0279448
531 17 17 0.0240891
532 16 16 0.0241228
533 22 17 0.0227531
534 17 17 0.0268897
535 18 17 0.0858606
536 17 17 0.1306383
537 17 16 0.0403763
538 19 17 0.0199129
539 18 17 0.0207556
540 19 17 0.0201193
541 18 16 0.0234997
542 18 17 0.0242235
543 18 17 0.0268284
544 18 16 0.0194516
545 21 17 0.0312752
546 18 17 0.026063
547 18 17 0.0241302
548 17 16 0.0268629
549 19 17 0.024399
550 18 17 0.0254037
551 19 17 0.0177757
552 20 17 0.0252861
553 18 17 0.0225702
554 19 17 0.0238878
555 17 17 0.0320955
556 18 17 0.0215116
557 19 17 0.0230439
558 15 15 0.0258045
559 19 16 0.0212679
560 18 17 0.0236768
561 17 16 0.0253217
562 16 16 0.0361008
563 19 17 0.0500499
564 19 17 0.0892652
565 17 17 0.0349677
566 19 17 0.0361734
567 18 16 0.0535309
568 15 15 0.0984715
569 20 17 0.0531595
570 20 17 0.0217132
571 18 17 0.0313577
572 19 17 0.0247898
573 20 17 0.0226506
574 18 17 0.0312548
575 20 17 0.0402441
576 18 17 0.0259847
577 19 17 0.0205897
578 18 16 0.0283566
579 17 16 0.021981
580 18 17 0.0507204
581 20 17 0.0249319
582 17 17 0.0416691
583 19 17 0.0290696
584 20 17 0.0270976
585 17 16 0.0287441
586 19 17 0.0229263
587 18 17 0.0221297
588 20 17 0.0208644
589 17 17 0.0283549
590 17 16 0.0284938
591 19 17 0.0277109
592 17 16 0.024133
593 19 17 0.023233
594 19 17 0.0265742
595 17 17 0.0257376
596 22 17 0.0297624
597 16 16 0.0264243
598 16 16 0.0300879
599 23 17 0.0473312
600 20 17 0.0539311
601 18 17 0.0193203
602 18 17 0.0248329
603 16 16 0.0232582
604 17 17 0.0245718
605 18 17 0.0196011
606 18 17 0.0226453
607 17 17 0.0215788
608 18 17 0.0291024
609 19 17 0.0192288
610 18 16 0.0245201
611 17 17 0.0248005
612 20 17 0.0184859
613 17 17 0.0300953
614 19 17 0.0241227
615 19 17 0.0259506
616 19 17 0.0324924
617 19 17 0.026144
618 20 17 0.029522
619 18 17 0.0437389
620 18 16 0.0208556
621 18 17 0.0286315
622 21 17 0.0251148
623 19 16 0.0258154
624 17 16 0.028551
625 16 16 0.0349853
626 17 16 0.0212384
627 18 17 0.0230614
628 19 17 0.0196223
629 18 17 0.0221461
630 20 17 0.0202517
631 17 16 0.0252817
632 19 17 0.0208217
633 20 17 0.0216731
634 18 17 0.0257876
635 19 17 0.021307
636 17 17 0.0216273
637 20 17 0.0295084
638 17 17 0.0183872
639 21 17 0.0171683
640 20 17 0.0200233
641 19 17 0.0157384
642 18 16 0.0115628
643 20 17 0.0186115
644 17 17 0.0249257
645 21 17 0.0218713
646 18 17 0.0152644
647 21 17 0.0166447
648 17 16 0.0179809
649 17 16 0.0171704
650 19 17 0.0117155
651 19 16 0.0214911
652 19 16 0.0118138
653 20 17 0.0106515
654 16 16 0.0203705
655 20 17 0.0222587
656 19 17 0.0113145
657 17 16 0.0109718
658 20 17 0.0109772
659 17 17 0.0118347
660 20 17 0.0141577
661 16 16 0.0100158
662 18 17 0.0110346
663 17 16 0.0117081
664 19 17 0.0108244
665 20 17 0.0092346
666 19 16 0.0091787
667 18 17 0.0116182
668 18 17 0.0186717
669 18 17 0.0110358
670 18 17 0.0150808
671 18 16 0.0119003
672 17 16 0.0108423
673 18 17 0.012759
674 17 17 0.0155278
675 17 16 0.0183576
676 17 16 0.0158847
677 19 17 0.0133353
678 18 16 0.0105669
679 16 16 0.0102622
680 18 16 0.0145572
681 20 17 0.0092299
682 19 17 0.0092967
683 17 17 0.0092887
684 19 17 0.009195
685 20 17 0.0101529
686 17 16 0.0086175
687 20 17 0.009039
688 20 17 0.0085237
689 20 17 0.0087877
690 22 17 0.0081403
691 20 17 0.0089639
692 19 17 0.009222
693 19 17 0.0086476
694 19 17 0.0084051
695 19 17 0.0085642
696 20 17 0.0103749
697 19 17 0.0087785
698 19 17 0.0085824
699 17 16 0.0087704
700 18 17 0.0085293
701 16 16 0.0087314
702 19 17 0.0086526
703 19 17 0.008667
704 17 17 0.0106612
705 19 17 0.0084325
706 18 17 0.0091492
707 19 17 0.0104737
708 17 17 0.0086361
709 18 16 0.0089532
710 18 17 0.0094506
711 18 16 0.009368
712 19 17 0.0075714
713 16 16 0.0076432
714 20 17 0.0075466
715 19 16 0.0092648
716 19 17 0.0111801
717 15 15 0.0083485
718 18 17 0.0097756
719 15 15 0.0091466
720 18 17 0.0091792
721 19 17 0.0084982
722 16 16 0.0084681
723 19 17 0.0087252
724 16 16 0.0110563
725 19 17 0.0080853
726 21 17 0.0085018
727 18 16 0.0083082
728 19 17 0.0081346
729 21 17 0.0085408
730 18 17 0.0081512
731 17 17 0.0106045
732 22 17 0.0080008
733 19 17 0.0087739
734 16 16 0.0079149
735 21 17 0.0076875
736 17 17 0.0078282
737 18 16 0.0079413
738 17 16 0.0085371
739 16 16 0.0079426
740 20 17 0.0075247
741 16 16 0.0097916
742 19 17 0.007502
743 20 17 0.0081365
744 19 17 0.008598
745 15 15 0.0080913
746 17 17 0.0076495
747 20 17 0.0079953
748 19 17 0.0075025
749 17 17 0.0082414
750 19 17 0.0081047
751 20 17 0.0076535
752 20 17 0.0084059
753 20 17 0.0076601
754 19 17 0.0091102
755 18 17 0.0084074
756 17 17 0.0081711
757 18 16 0.0087484
758 21 17 0.0081066
759 20 17 0.0082144
760 17 16 0.0081282
761 16 16 0.0088949
762 18 17 0.0086455
763 18 17 0.0080175
764 19 17 0.0078299
765 18 17 0.0106069
766 19 17 0.0085018
767 21 17 0.0077048
768 20 16 0.0094327
769 17 17 0.0081479
770 18 16 0.0088339
771 20 17 0.008036
772 19 17 0.0075449
773 21 17 0.0075976
774 17 16 0.007888
775 17 17 0.0077153
776 20 17 0.0081392
777 19 17 0.0097715
778 20 17 0.007457
779 18 17 0.0079772
780 16 16 0.008347
781 18 16 0.0089779
782 18 17 0.0083806
783 16 16 0.0079105
784 18 17 0.0089776
785 17 17 0.0085601
786 18 17 0.0076526
787 16 16 0.0074181
788 16 16 0.0077725
789 18 16 0.0081854
790 17 16 0.0079351
791 16 16 0.0076016
792 17 16 0.0082068
793 18 16 0.0082211
794 17 17 0.0076859
795 18 16 0.008555
796 16 16 0.0075249
797 16 16 0.0074147
798 17 16 0.007553
799 19 17 0.0075408
800 17 17 0.0082532
801 19 17 0.0075222
802 20 17 0.0090641
803 17 16 0.008149
804 19 17 0.0074276
805 18 16 0.0078784
806 19 16 0.0073577
807 16 16 0.0076019
808 17 16 0.0073688
809 16 16 0.0074847
810 21 17 0.0074415
811 18 17 0.0077092
812 17 17 0.0082486
813 17 16 0.0075633
814 19 17 0.0093589
815 18 17 0.0078655
816 18 17 0.0086586
817 16 16 0.0078719
818 17 16 0.0077201
819 18 17 0.0075445
820 18 17 0.0076045
821 20 17 0.0077057
822 20 17 0.0076931
823 17 16 0.0082704
824 19 17 0.0079055
825 21 17 0.0074532
826 21 17 0.0079566
827 17 17 0.0074372
828 19 16 0.0077123
829 18 17 0.0073145
830 19 17 0.007827
831 20 17 0.0071548
832 15 15 0.0075291
833 20 17 0.0074719
834 20 16 0.0071653
835 16 16 0.0073859
836 17 17 0.0071642
837 16 16 0.0073137
838 19 17 0.0072691
839 19 17 0.0074339
840 19 16 0.0071669
