1 101 71 0.559631
2 91 79 0.315966
3 117 92 0.180238
4 120 89 0.201299
5 82 64 0.191022
6 91 66 0.390159
7 134 95 0.111273
8 131 94 0.370435
9 121 85 0.521928
10 120 81 0.439046
11 149 98 0.292849
12 109 74 0.287252
13 85 60 0.225348
14 103 85 0.186792
15 74 59 0.187871
16 89 67 0.148955
17 85 69 0.454408
18 59 47 0.222829
19 97 74 0.199103
20 98 74 0.56195
21 123 92 0.210748
22 143 98 0.148815
23 121 91 0.29294
24 150 98 0.166008
25 95 68 0.230831
26 97 70 0.350534
27 101 78 0.250893
28 116 78 0.195185
29 110 79 0.156655
30 136 100 0.16367
31 98 67 0.173962
32 141 102 0.19371
33 106 81 0.152583
34 122 84 0.246396
35 132 94 0.224141
36 105 74 0.19352
37 124 95 0.117602
38 102 78 0.151697
39 97 75 0.248848
40 151 99 0.134323
41 105 77 0.161566
42 111 86 0.243261
43 112 83 0.251447
44 128 98 0.261638
45 101 82 0.175336
46 105 75 0.379329
47 113 74 0.304489
48 120 87 0.353374
49 83 63 0.320067
50 112 84 0.43422
51 97 75 0.158075
52 134 100 0.316237
53 102 76 0.320442
54 113 82 0.292235
55 95 75 0.231616
56 96 69 0.266026
57 121 93 0.212237
58 88 67 0.180129
59 118 87 0.122317
60 137 94 0.238731
61 127 92 0.419126
62 120 83 0.362677
63 107 78 0.355353
64 120 85 0.197696
65 106 78 0.157031
66 154 102 0.211266
67 79 60 0.341932
68 100 72 0.224531
69 105 77 0.229604
70 132 88 0.1968
71 129 93 0.449057
72 94 72 0.2218
73 128 92 0.124427
74 63 50 0.223251
75 119 81 0.468045
76 112 80 0.192435
77 110 82 0.281193
78 96 72 0.248582
79 144 101 0.329354
80 82 67 0.264419
81 89 75 0.181864
82 140 99 0.262777
83 92 65 0.254543
84 117 83 0.185204
85 120 86 0.227309
86 81 65 0.148872
87 94 76 0.181666
88 114 91 0.245741
89 96 68 0.253046
90 110 77 0.251211
91 81 60 0.390437
92 122 93 0.152083
93 83 63 0.195889
94 121 86 0.35852
95 116 85 0.166088
96 109 79 0.278068
97 103 72 0.774611
98 127 89 0.287775
99 118 85 0.189687
100 126 84 0.1415
101 82 59 0.203442
102 102 75 0.38197
103 117 84 0.334923
104 92 68 0.314994
105 91 64 0.310162
106 111 76 0.19853
107 112 82 0.174108
108 93 70 0.187116
109 101 84 0.20013
110 86 67 0.225975
111 110 85 0.208116
112 144 100 0.25379
113 129 90 0.229333
114 113 83 0.209964
115 119 84 0.199365
116 95 73 0.166377
117 158 104 0.208448
118 114 79 0.223029
119 130 102 0.221365
120 105 84 0.096016
121 129 90 0.181111
122 108 82 0.175199
123 106 79 0.223554
124 101 74 0.153274
125 122 86 0.22062
126 115 87 0.140397
127 87 71 0.181914
128 146 103 0.212585
129 93 68 0.218413
130 120 93 0.244244
131 121 89 0.220119
132 148 103 0.581452
133 97 73 0.335729
134 90 69 0.147298
135 108 76 0.156328
136 72 53 0.148523
137 135 95 0.203232
138 107 75 0.24792
139 133 90 0.239226
140 135 91 0.358889
141 121 90 0.432837
142 110 84 0.181434
143 114 84 0.232269
144 98 77 0.258543
145 84 64 0.164632
146 127 91 0.267805
147 109 78 0.204764
148 86 72 0.23783
149 117 84 0.290024
150 83 62 0.181001
151 115 82 0.179657
152 107 80 0.192189
153 152 107 0.095521
154 118 84 0.221518
155 100 76 0.20597
156 89 62 0.393056
157 95 68 0.226333
158 88 65 0.167785
159 120 94 0.174351
160 102 75 0.32273
161 116 80 0.093277
162 116 83 0.25484
163 86 62 0.145372
164 119 91 0.341696
165 108 81 0.143971
166 89 69 0.150632
167 126 89 0.266848
168 88 66 0.255792
169 125 93 0.193982
170 114 84 0.143571
171 98 72 0.204681
172 91 68 0.18944
173 135 95 0.177489
174 108 79 0.261004
175 74 60 0.184261
176 102 74 0.30316
177 66 54 0.330441
178 119 82 0.158649
179 109 79 0.231779
180 111 82 0.128259
181 103 76 0.157896
182 110 76 0.156759
183 112 85 0.148084
184 123 88 0.335308
185 123 91 0.18423
186 117 87 0.125936
187 101 69 0.170097
188 86 71 0.16151
189 89 70 0.14621
190 116 81 0.151625
191 116 87 0.390417
192 88 63 0.248961
193 106 79 0.122478
194 99 70 0.196999
195 91 68 0.205005
196 103 76 0.220091
197 120 88 0.135003
198 79 61 0.297648
199 107 81 0.256992
200 100 70 0.198206
201 64 51 0.272961
202 73 58 0.233028
203 133 91 0.339334
204 147 108 0.157556
205 130 95 0.16253
206 144 107 0.199852
207 80 70 0.132494
208 119 86 0.151791
209 80 62 0.322017
210 111 83 0.319372
211 131 91 0.207214
212 130 86 0.249958
213 104 79 0.274322
214 88 70 0.41561
215 123 91 0.15878
216 114 84 0.190615
217 95 71 0.134674
218 136 93 0.222845
219 130 97 0.219186
220 82 66 0.215207
221 89 64 0.237787
222 111 82 0.338775
223 95 73 0.246808
224 145 99 0.155954
225 111 79 0.221564
226 95 71 0.37959
227 67 57 0.193654
228 92 71 0.296263
229 132 94 0.168245
230 102 75 0.219549
231 123 88 0.255721
232 136 95 0.211484
233 85 67 0.510844
234 139 101 0.160863
235 87 68 0.148561
236 113 81 0.273804
237 108 80 0.178112
238 114 79 0.223064
239 104 81 0.255155
240 78 64 0.225303
241 128 95 0.31661
242 154 102 0.307423
243 103 78 0.16242
244 110 81 0.157797
245 95 65 0.224336
246 126 90 0.373939
247 121 88 0.278351
248 136 94 0.129495
249 110 79 0.129572
250 66 56 0.220093
251 94 76 0.18698
252 80 64 0.224975
253 108 74 0.305137
254 98 77 0.224082
255 120 82 0.22695
256 109 77 0.163943
257 115 92 0.244275
258 111 87 0.137286
259 94 79 0.22423
260 117 86 0.204308
261 130 84 0.33337
262 108 84 0.303294
263 106 76 0.266563
264 116 91 0.181441
265 117 83 0.225255
266 92 75 0.118344
267 66 49 0.268973
268 93 67 0.17398
269 116 86 0.173517
270 93 72 0.213717
271 100 72 0.141507
272 105 75 0.227818
273 87 62 0.24907
274 126 89 0.136582
275 118 85 0.294778
276 86 64 0.136685
277 99 76 0.243374
278 122 89 0.172041
279 96 68 0.198438
280 125 87 0.17576
281 112 81 0.193029
282 109 80 0.313042
283 82 62 0.23824
284 95 70 0.207091
285 167 113 0.439821
286 108 84 0.153226
287 99 68 0.209833
288 124 91 0.196154
289 146 101 0.180321
290 109 75 0.233479
291 133 101 0.232427
292 103 80 0.172616
293 110 83 0.172229
294 121 90 0.162375
295 105 78 0.271642
296 124 89 0.422925
297 114 84 0.152006
298 71 58 0.141348
299 69 56 0.346375
300 126 91 0.238224
301 141 101 0.215843
302 88 65 0.197113
303 88 60 0.223797
304 145 99 0.20537
305 96 76 0.179476
306 69 55 0.316595
307 104 84 0.163084
308 159 117 0.424706
309 183 126 0.158179
310 130 90 0.32668
311 127 87 0.187838
312 91 64 0.251947
313 107 82 0.21483
314 78 65 0.249784
315 104 71 0.311564
316 63 52 0.221437
317 114 86 0.1247
318 112 87 0.313873
319 96 72 0.218892
320 73 51 0.252435
321 122 84 0.240138
322 83 65 0.44115
323 132 92 0.160359
324 116 89 0.197099
325 102 77 0.197762
326 85 68 0.254425
327 188 116 0.116181
328 109 84 0.175158
329 121 87 0.237784
330 66 57 0.217117
331 107 73 0.262572
332 117 84 0.27485
333 160 106 0.252103
334 85 70 0.159228
335 68 53 0.203557
336 101 72 0.236968
337 143 97 0.256911
338 123 93 0.229094
339 145 107 0.168118
340 57 45 0.210898
341 72 61 0.161713
342 82 64 0.185016
343 74 62 0.261153
344 106 85 0.13805
345 111 83 0.147371
346 140 101 0.192867
347 95 71 0.145121
348 109 90 0.101082
349 93 74 0.15979
350 116 88 0.174768
351 122 91 0.183662
352 91 72 0.187146
353 117 89 0.39082
354 111 77 0.254541
355 123 84 0.204884
356 73 58 0.15444
357 113 85 0.175215
358 76 62 0.210703
359 123 84 0.259457
360 120 81 0.178847
361 123 95 0.149658
362 106 78 0.197236
363 96 73 0.194634
364 87 67 0.166144
365 117 81 0.425317
366 132 96 0.178632
367 94 77 0.140022
368 111 82 0.17954
369 103 78 0.227272
370 142 101 0.223807
371 116 86 0.183762
372 91 75 0.194658
373 136 95 0.202247
374 125 85 0.193156
375 158 107 0.14143
376 108 80 0.126057
377 96 76 0.194193
378 99 72 0.197693
379 109 85 0.179272
380 106 84 0.18377
381 131 89 0.161171
382 99 78 0.117016
383 101 69 0.235794
384 113 78 0.206283
385 120 82 0.155666
386 85 70 0.196983
387 105 82 0.164791
388 134 87 0.185387
389 155 107 0.147741
390 106 79 0.193933
391 98 75 0.19476
392 117 87 0.263034
393 142 98 0.229059
394 111 87 0.216429
395 126 95 0.133612
396 122 91 0.413367
397 94 71 0.153373
398 142 104 0.127588
399 58 49 0.231801
400 111 85 0.221495
401 111 79 0.177761
402 122 89 0.361151
403 98 72 0.186717
404 107 78 0.293242
405 99 71 0.158854
406 114 86 0.40439
407 77 61 0.344252
408 113 89 0.355431
409 108 80 0.238562
410 139 107 0.126734
411 87 66 0.240175
412 118 82 0.233008
413 130 90 0.29964
414 76 65 0.278589
415 74 61 0.220718
416 131 93 0.215596
417 139 99 0.177037
418 92 68 0.288294
419 98 80 0.154353
420 125 93 0.16126
421 106 74 1.0765981
422 121 82 1.598115
423 123 93 1.7018118
424 127 86 1.4470387
425 103 76 0.5752057
426 94 76 1.4167259
427 94 73 1.4067538
428 91 65 0.2789387
429 132 93 0.540081
430 107 77 0.6684058
431 107 78 0.3398035
432 107 74 0.6973753
433 114 84 0.5930611
434 133 102 0.4348069
435 152 109 1.1019593
436 108 82 1.2183913
437 109 82 0.914901
438 116 81 0.8756934
439 102 80 1.0739315
440 123 85 0.4430258
441 102 74 0.4941271
442 108 81 0.5750969
443 79 59 0.5584379
444 75 61 0.2618833
445 85 72 0.3939538
446 93 72 0.672581
447 108 78 0.6157231
448 128 91 0.3847194
449 76 60 0.8063449
450 89 73 0.4604102
451 109 83 0.513966
452 135 98 0.8302782
453 97 73 1.181752
454 133 103 0.3909489
455 102 73 0.2194971
456 77 60 0.8611247
457 125 90 0.8073345
458 127 84 1.5150802
459 93 67 0.9457963
460 120 82 0.833889
461 124 96 0.2483046
462 96 80 0.2882716
463 93 70 0.3376381
464 145 101 0.3222218
465 99 72 0.2320281
466 89 68 0.3979163
467 126 92 0.3057295
468 119 83 0.3245329
469 90 73 0.2914888
470 117 86 0.3076438
471 117 89 0.2696212
472 106 77 0.1829173
473 121 88 0.2254386
474 94 71 1.4841985
475 131 83 0.2003535
476 111 78 0.271006
477 109 74 0.1990074
478 166 116 0.313421
479 89 67 0.2969587
480 110 78 0.2204479
481 115 88 0.3583618
482 85 66 0.268231
483 147 99 0.3141798
484 146 100 0.2910726
485 86 65 0.5715012
486 117 82 2.8927236
487 88 66 0.4008042
488 166 106 0.149961
489 139 100 0.1998693
490 138 94 1.3491095
491 96 72 0.3122921
492 119 87 0.2126389
493 124 94 0.1856138
494 103 74 0.2360064
495 93 80 0.8624962
496 124 81 0.4239253
497 86 63 0.2852458
498 150 105 0.2411617
499 89 65 0.2410269
500 93 74 0.6851443
501 141 95 0.2187654
502 115 77 0.2714651
503 93 72 0.5774378
504 133 96 0.30246
505 84 64 0.4357614
506 118 83 0.199494
507 93 71 0.2445768
508 92 71 0.181843
509 86 72 0.2536213
510 111 79 0.1906972
511 120 88 0.1536367
512 97 75 0.23375
513 117 86 0.1964646
514 93 67 0.1952649
515 108 79 0.1947225
516 117 87 0.1642716
517 62 56 0.2316644
518 104 83 0.1625043
519 65 48 0.1960141
520 127 90 0.2802075
521 96 74 0.2072232
522 79 63 0.2365978
523 119 85 0.1703803
524 106 79 0.1933927
525 120 93 0.2432769
526 107 76 0.1866981
527 154 96 0.2138865
528 132 99 0.1530007
529 141 96 0.2770294
530 109 75 0.1975033
531 118 88 0.2807814
532 97 75 0.2199009
533 97 69 0.1615349
534 105 82 0.2237299
535 110 77 0.2001313
536 105 79 0.2469141
537 127 90 0.1412385
538 126 84 0.2922239
539 107 78 0.1924475
540 129 91 0.2375358
541 117 85 0.1645358
542 105 80 0.229871
543 103 75 0.1805956
544 141 97 0.2315188
545 120 86 0.2106794
546 110 83 0.1622297
547 84 68 0.1664057
548 121 87 0.2766426
549 129 93 0.1903209
550 81 63 0.2383732
551 112 85 0.2457425
552 109 72 0.2534082
553 100 78 0.1623083
554 98 74 0.2269215
555 128 88 0.1992408
556 138 91 0.1852289
557 91 71 0.2135251
558 112 83 0.1542233
559 164 106 0.1216057
560 114 88 0.1435696
561 118 82 0.1886147
562 140 91 0.30221
563 134 95 0.2482495
564 93 75 0.1815459
565 127 94 0.1103791
566 110 81 0.0797469
567 86 66 0.149807
568 108 81 0.225988
569 122 84 0.2567517
570 79 59 0.1500588
571 116 81 0.1432869
572 124 89 0.2009346
573 98 77 0.1943675
574 138 102 0.1423469
575 84 61 0.2574162
576 100 76 0.1595301
577 93 76 0.1955668
578 133 96 0.1810219
579 104 77 0.1492409
580 101 72 0.1684489
581 105 79 0.1591713
582 115 86 0.1720204
583 116 85 0.1983446
584 111 86 0.1856078
585 124 96 0.1365226
586 82 57 0.1869377
587 109 81 0.1549304
588 52 41 0.2834781
589 113 90 0.1486223
590 116 86 0.1472256
591 101 79 0.1990381
592 130 92 0.1314612
593 78 62 0.1589643
594 91 73 0.1285554
595 104 80 0.1963928
596 82 62 0.1433168
597 101 74 0.3166464
598 90 68 0.1319223
599 77 57 0.204461
600 115 81 0.1981611
601 104 81 0.1040927
602 124 93 0.1725083
603 103 81 0.2092934
604 94 67 0.2006545
605 109 84 0.0965616
606 129 88 0.1467774
607 117 86 0.1257883
608 122 86 0.1085565
609 132 102 0.1101744
610 87 64 0.1561737
611 103 67 0.1812403
612 71 62 0.1220691
613 76 60 0.1359
614 92 74 0.1307051
615 117 85 0.1375168
616 89 62 0.1476965
617 100 72 0.2523184
618 97 75 0.1266243
619 159 113 0.1430021
620 110 78 0.1022253
621 107 81 0.201349
622 115 82 0.114066
623 91 62 0.1657872
624 102 76 0.1527192
625 136 96 0.1373035
626 99 81 0.1891701
627 109 81 0.0979265
628 81 58 0.1214605
629 124 83 0.0962075
630 88 66 0.1687441
631 125 89 0.1922398
632 103 78 0.1460965
633 115 81 0.1043878
634 114 78 0.1507312
635 123 98 0.1621192
636 115 77 0.1488288
637 112 85 0.1302028
638 112 83 0.1649889
639 87 62 0.2147832
640 115 86 0.1545084
641 113 77 0.1149292
642 106 82 0.1422954
643 109 86 0.1288929
644 95 71 0.1455145
645 92 67 0.1370227
646 77 62 0.1424011
647 113 84 0.1567189
648 132 93 0.1515362
649 96 70 0.1514573
650 142 101 0.0854945
651 100 77 0.0856484
652 100 77 0.1398322
653 109 83 0.1518909
654 125 93 0.131113
655 122 87 0.1317145
656 79 62 0.1492115
657 123 88 0.1869237
658 107 78 0.1593727
659 140 100 0.10545
660 75 57 0.1462671
661 85 65 0.1382654
662 137 94 0.1079905
663 98 69 0.1428354
664 92 77 0.1063906
665 99 74 0.104485
666 100 74 0.1116178
667 137 91 0.1375695
668 152 106 0.0706269
669 120 81 0.0916455
670 116 85 0.0740024
671 90 60 0.0999263
672 128 83 0.1542558
673 92 66 0.1118869
674 97 71 0.1496742
675 112 74 0.1610455
676 124 93 0.0818115
677 104 76 0.1214812
678 107 81 0.1190268
679 73 61 0.1289386
680 140 96 0.1441341
681 128 94 0.1842725
682 113 78 0.1335842
683 114 84 0.1509621
684 103 76 0.1457436
685 78 59 0.1432455
686 97 72 0.1112335
687 89 73 0.1145068
688 113 84 0.1070211
689 122 93 0.1119826
690 149 105 0.0920464
691 95 70 0.0849719
692 89 76 0.108269
693 129 95 0.0796567
694 100 80 0.1108714
695 141 95 0.0887572
696 126 88 0.1262078
697 158 107 0.0992174
698 127 88 0.1159954
699 86 68 0.093263
700 97 76 0.1235682
701 122 85 0.1069148
702 75 61 0.1056508
703 92 72 0.1179498
704 127 91 0.1047369
705 127 84 0.1253413
706 120 83 0.1190192
707 102 81 0.1026437
708 82 56 0.0919104
709 97 70 0.1783636
710 116 86 0.1104336
711 81 66 0.1513794
712 106 81 0.0897515
713 136 94 0.1138969
714 108 81 0.0841426
715 119 90 0.0817371
716 114 79 0.1114123
717 118 82 0.1965704
718 139 94 0.1413133
719 78 65 0.1339317
720 97 72 0.0860875
721 106 76 0.0899771
722 139 105 0.0790184
723 126 92 0.1274123
724 107 89 0.1214467
725 119 85 0.1244755
726 103 77 0.1090416
727 73 60 0.1133671
728 101 74 0.1078798
729 125 90 0.1589045
730 114 91 0.1187931
731 120 83 0.2422218
732 136 98 0.1003136
733 96 72 0.128852
734 141 93 0.1164336
735 83 62 0.0729534
736 108 81 0.1131588
737 93 70 0.1065887
738 105 79 0.1215616
739 90 65 0.0823257
740 148 110 0.1182884
741 90 66 0.1293545
742 94 70 0.0884146
743 141 102 0.1615343
744 129 87 0.0899077
745 84 64 0.0845663
746 89 69 0.1643926
747 94 61 0.1909388
748 92 73 0.0952441
749 90 65 0.116532
750 85 70 0.0999758
751 111 81 0.12971
752 142 96 0.1086515
753 113 81 0.1429752
754 119 86 0.1331753
755 119 85 0.1042728
756 107 82 0.0949851
757 117 85 0.1164737
758 136 92 0.1071203
759 114 85 0.0912905
760 106 77 0.1419489
761 91 74 0.1178935
762 91 77 0.1110777
763 127 91 0.1030506
764 109 80 0.1185534
765 121 88 0.0813204
766 98 74 0.1208529
767 110 77 0.1845774
768 105 78 0.1001428
769 110 84 0.1028794
770 115 81 0.1103407
771 112 83 0.1465223
772 95 75 0.1241931
773 156 104 0.1274121
774 113 77 0.0806349
775 118 90 0.0955467
776 113 82 0.1414163
777 79 59 0.1326468
778 111 81 0.0772106
779 101 71 0.0964918
780 80 58 0.1327794
781 104 79 0.1365903
782 139 99 0.0988779
783 130 91 0.0955599
784 105 73 0.083098
785 137 96 0.1037026
786 102 76 0.1266863
787 117 82 0.1534187
788 142 104 0.1156123
789 86 68 0.100008
790 83 62 0.1584695
791 141 104 0.0585831
792 109 78 0.168144
793 120 88 0.1004724
794 86 65 0.1042373
795 107 80 0.0863188
796 127 92 0.1102163
797 117 83 0.0991484
798 109 81 0.1129552
799 106 77 0.0880023
800 96 75 0.1025284
801 116 76 0.0804812
802 123 87 0.1018548
803 112 90 0.1074284
804 125 93 0.1422605
805 95 76 0.0710664
806 126 94 0.1133496
807 138 92 0.1776588
808 90 76 0.114243
809 148 103 0.1426501
810 145 98 0.0830657
811 125 89 0.1047186
812 113 83 0.0794975
813 112 86 0.0560456
814 104 85 0.1129287
815 88 68 0.0969331
816 116 87 0.0895743
817 123 91 0.1030982
818 100 69 0.0849291
819 101 77 0.0876782
820 109 81 0.0811284
821 90 69 0.103966
822 119 88 0.0865181
823 111 84 0.1003305
824 92 75 0.1122672
825 121 84 0.1173802
826 123 83 0.1127857
827 91 71 0.1066487
828 106 81 0.1136638
829 143 105 0.070025
830 87 68 0.0777572
831 102 76 0.124018
832 86 69 0.1163472
833 104 77 0.0922217
834 111 81 0.081447
835 132 94 0.1212476
836 141 95 0.101171
837 120 94 0.0618244
838 91 69 0.1204796
839 106 80 0.1651862
840 111 84 0.1100826
