1 438 319 106.654916
2 441 340 13.577957
3 626 414 1267.722737
4 377 295 48.347604
5 611 431 28.526861
6 510 381 29.871221
7 450 331 8.156633
8 376 293 21.205864
9 341 271 28.149337
10 467 323 500.491306
11 518 373 41.471735
12 443 327 26.243999
13 485 361 11.24912
14 399 326 8.229632
15 574 412 75.163746
16 529 371 96.859444
17 559 384 11.46655
18 542 374 53.990694
19 531 396 10.994932
20 451 335 10.56353
21 524 386 50.206116
22 521 363 142.817796
23 512 362 10.765929
24 462 361 6.407063
25 579 389 318.148121
26 506 367 59.290505
27 470 343 115.477879
28 405 291 116.082189
29 435 314 45.544897
30 385 300 36.537831
31 488 364 25.370602
32 502 374 46.462891
33 466 342 29.91097
34 584 416 375.015627
35 540 375 86.155488
36 388 291 15.490738
37 556 405 6.449833
38 610 427 36.034999
39 507 369 24.416459
40 641 441 124.795225
41 668 461 40.501927
42 408 302 187.908716
43 396 280 59.941633
44 282 222 39.436882
45 598 430 148.954104
46 477 357 42.583882
47 399 290 12.47883
48 515 384 320.049915
49 445 326 21.780373
50 436 322 74.647397
51 481 366 35.515773
52 380 295 129.007854
53 385 301 16.542334
54 499 364 70.419493
55 490 358 27.18768
56 580 427 39.806511
57 430 316 20.459172
58 584 425 46.555914
59 479 352 43.737229
60 492 351 32.188423
61 459 330 204.073991
62 631 453 59.505266
63 585 408 52.767494
64 621 428 82.349671
65 484 331 828.962448
66 479 361 17.354245
67 408 297 21.041687
68 363 289 25.188969
69 449 318 94.442818
70 453 335 27.094547
71 497 370 99.439996
72 491 379 8.100042
73 526 372 288.850791
74 381 297 37.587274
75 493 368 34.944951
76 444 330 12.88133
77 350 267 83.742361
78 390 296 99.566399
79 562 405 33.985863
80 457 333 66.198388
81 371 264 220.530844
82 382 289 40.248971
83 497 365 150.41515
84 416 305 49.158248
85 464 351 38.767937
86 630 445 244.154576
87 394 295 20.61363
88 530 364 222.215622
89 556 402 18.187513
90 514 371 30.503161
91 509 384 77.566886
92 571 400 207.503803
93 384 278 20.279647
94 416 300 244.123221
95 447 326 33.233355
96 491 345 196.076163
97 488 339 119.728901
98 426 306 166.406284
99 501 359 55.157754
100 461 331 180.06719
101 434 329 104.328766
102 472 345 33.642979
103 431 326 44.904511
104 459 339 43.293712
105 459 335 580.764577
106 503 346 162.695428
107 536 384 34.081459
108 408 300 220.497414
109 506 369 78.685544
110 474 358 30.299625
111 453 347 15.139214
112 460 362 9.494892
113 608 434 74.812815
114 598 420 107.911385
115 552 391 47.586768
116 505 362 169.565429
117 485 362 54.594982
118 537 394 122.091955
119 580 405 41.772577
120 714 509 33.464643
121 398 298 58.675959
122 546 387 11.894831
123 476 359 36.626471
124 380 281 31.902315
125 472 360 16.630756
126 510 355 196.126278
127 321 230 125.068244
128 434 319 182.758363
129 601 442 69.299026
130 577 415 46.715042
131 430 324 31.18448
132 475 355 67.622924
133 439 329 75.611688
134 388 287 54.226512
135 465 334 127.794737
136 455 322 308.817248
137 489 349 219.32582
138 580 416 6.653778
139 424 306 54.654319
140 547 399 126.516329
141 526 374 132.334678
142 364 272 20.836092
143 495 361 29.159182
144 389 294 5.306669
145 344 240 143.135941
146 399 291 52.74321
147 399 284 131.94982
148 509 392 86.705666
149 510 353 88.29329
150 516 387 45.457383
151 553 400 97.009754
152 500 366 15.625101
153 611 435 12.29599
154 389 270 23.481172
155 566 411 157.423095
156 549 393 28.548942
157 410 312 36.472302
158 495 355 161.328068
159 490 351 20.384929
160 328 256 77.358838
161 405 294 105.913464
162 401 300 113.381117
163 513 393 78.494548
164 389 299 35.227079
165 425 317 92.149981
166 582 413 14.725735
167 570 417 5.22988
168 589 437 117.979685
169 438 329 11.321371
170 478 354 61.025524
171 425 332 13.575559
172 483 347 49.978038
173 568 397 10.166131
174 563 397 58.595512
175 431 313 106.439361
176 541 361 493.542566
177 493 378 54.130859
178 461 333 103.155126
179 335 248 39.592877
180 407 299 147.138263
181 361 282 16.169768
182 453 352 13.810722
183 407 302 211.542613
184 625 449 5.689067
185 585 416 146.275071
186 399 281 31.219117
187 432 331 47.366729
188 555 390 115.09203
189 402 300 29.193529
190 505 354 21.806992
191 420 306 111.146663
192 527 387 25.895732
193 558 403 46.453909
194 497 362 57.584059
195 402 294 102.137733
196 460 334 69.957998
197 453 315 13.658703
198 614 428 106.533042
199 466 351 9.212526
200 478 346 18.973443
201 470 335 73.256901
202 499 377 65.491586
203 393 303 6.967536
204 488 344 27.618628
205 369 278 27.524234
206 408 310 42.240081
207 488 344 245.42983
208 710 502 43.161387
209 397 313 54.973214
210 556 391 17.447413
211 385 271 111.147276
212 469 337 110.709728
213 432 352 18.630471
214 525 391 10.123453
215 528 396 21.65373
216 438 312 175.817292
217 482 333 4.568295
218 449 329 56.0363
219 492 346 12.441941
220 429 309 10.277233
221 526 386 27.0031
222 462 334 20.244364
223 570 397 12.226622
224 447 303 232.341242
225 510 370 55.796743
226 451 339 9.166081
227 424 303 58.567148
228 500 365 23.847429
229 497 369 111.82847
230 426 303 34.200303
231 552 396 4.237772
232 528 380 65.614974
233 405 293 42.902794
234 455 341 65.170142
235 465 331 7.947239
236 453 339 25.827531
237 448 327 68.974701
238 502 357 82.455839
239 395 301 63.229155
240 491 361 241.26914
241 403 314 24.399755
242 523 372 106.066938
243 255 206 31.789808
244 596 433 58.789252
245 419 305 13.6071
246 466 348 24.11683
247 427 314 1006.412008
248 330 275 18.832258
249 505 357 20.348989
250 404 299 82.16297
251 657 459 126.93776
252 508 364 13.887626
253 475 336 134.530455
254 637 449 15.613334
255 397 293 69.255535
256 539 386 320.039363
257 520 389 71.394831
258 437 329 11.58348
259 548 390 120.565594
260 451 342 79.151793
261 400 304 107.313131
262 465 339 42.670456
263 427 295 174.139394
264 511 367 86.687401
265 427 304 74.089425
266 520 380 77.238156
267 572 408 4.371917
268 530 381 41.904211
269 396 300 16.487464
270 419 287 110.700917
271 410 323 30.826351
272 382 271 53.314198
273 426 285 117.781728
274 422 319 88.557448
275 511 354 277.204003
276 407 291 180.344197
277 560 406 7.582281
278 424 321 59.60951
279 499 359 15.466245
280 520 356 29.343794
281 487 373 13.038283
282 548 375 459.708314
283 308 238 13.110214
284 496 332 140.360894
285 529 386 38.533014
286 481 338 147.376933
287 443 337 110.042021
288 538 388 4.562784
289 442 318 100.957597
290 420 322 74.934807
291 578 426 24.863281
292 611 441 193.055378
293 420 292 94.156379
294 572 408 70.846936
295 488 340 8.578193
296 435 325 128.558355
297 577 423 149.821843
298 364 289 37.163599
299 439 325 217.802821
300 471 349 58.080075
301 369 276 33.62302
302 403 296 71.614582
303 407 315 80.026551
304 646 438 55.447764
305 425 309 247.051918
306 362 286 107.286225
307 446 322 27.308177
308 324 240 13.560284
309 399 306 36.919743
310 530 372 9.053255
311 535 382 23.250196
312 548 367 269.425846
313 423 314 79.203198
314 613 429 80.384046
315 374 282 43.335705
316 435 330 17.641881
317 463 353 112.083283
318 484 341 26.152987
319 477 324 96.601775
320 433 328 189.704355
321 551 378 258.15643
322 410 291 199.942896
323 408 294 73.548405
324 426 322 70.896024
325 391 294 90.16788
326 431 335 76.352983
327 372 258 28.724211
328 430 338 32.352787
329 449 327 84.524827
330 536 389 58.160545
331 466 363 4.434486
332 603 413 59.883462
333 388 284 31.400158
334 531 395 10.545708
335 502 355 60.969233
336 504 345 126.303606
337 471 340 68.209281
338 417 310 118.749976
339 549 399 67.76099
340 549 391 91.866016
341 539 368 39.061637
342 500 374 6.318751
343 364 282 39.284287
344 479 351 27.215875
345 521 366 138.452513
346 417 324 37.631942
347 334 238 129.198544
348 492 363 47.177878
349 499 365 35.958989
350 522 368 17.614023
351 318 261 40.133764
352 414 316 7.201834
353 486 350 58.260495
354 551 394 2.678572
355 462 350 118.810638
356 378 292 14.426452
357 403 317 86.76779
358 349 252 13.87698
359 509 372 2.655794
360 470 357 107.64966
361 477 378 62.988138
362 447 317 26.599951
363 540 402 39.059605
364 516 357 45.134374
365 494 341 34.896265
366 579 402 4.89723
367 442 329 45.48228
368 377 272 36.835287
369 550 382 93.29135
370 484 360 58.266866
371 500 356 34.642349
372 512 367 72.911188
373 537 409 38.509137
374 585 409 47.86691
375 561 414 58.265148
376 480 364 11.166153
377 519 369 97.453575
378 518 362 98.823662
379 552 393 46.766393
380 429 292 76.05142
381 481 343 28.510157
382 369 282 115.705672
383 463 371 16.597314
384 570 416 14.97298
385 415 301 22.632432
386 612 466 33.47073
387 597 419 107.30997
388 369 269 26.499358
389 396 307 153.865736
390 544 418 74.849994
391 477 347 145.332509
392 406 302 62.707854
393 297 224 18.800322
394 346 270 25.039804
395 395 300 39.664628
396 476 358 19.647102
397 462 330 101.139922
398 551 403 24.236541
399 381 285 26.812469
400 383 293 12.225803
401 344 266 46.136748
402 579 409 4.52763
403 449 331 49.627305
404 353 274 17.572633
405 593 410 74.204212
406 364 278 5.66242
407 576 409 41.027661
408 427 292 55.011932
409 476 351 121.921082
410 500 375 95.099519
411 332 247 150.665282
412 510 379 20.963531
413 514 368 6.849106
414 533 391 180.866276
415 536 395 72.909839
416 297 247 30.682638
417 493 356 123.2191282
418 344 270 49.5714113
419 507 359 16.5770912
420 406 312 47.2502318
421 423 309 13.1039071
422 463 359 13.973295
423 506 364 35.2886744
424 484 336 63.2121675
425 444 319 248.3218879
426 461 336 74.2012792
427 445 336 37.6714932
428 478 374 34.0957618
429 500 382 34.9305583
430 380 292 25.7540905
431 454 321 41.7667599
432 397 312 24.0209258
433 715 478 125.1349887
434 485 356 49.2326714
435 297 239 37.3253555
436 396 285 83.1028888
437 392 285 20.4508167
438 500 371 12.4597733
439 540 385 21.7101777
440 388 273 24.9785806
441 456 330 47.9121136
442 375 280 29.9837364
443 458 331 47.7825113
444 533 377 47.5885473
445 386 284 22.761453
446 356 285 44.2571528
447 459 330 18.276346
448 465 346 17.4821214
449 390 297 100.4113042
450 275 224 21.3155791
451 460 340 51.9447008
452 549 404 26.8577302
453 397 282 61.2652293
454 502 368 30.0410809
455 590 418 28.4410019
456 458 334 64.7628214
457 497 360 34.4451865
458 475 352 16.0817298
459 592 413 3.9175182
460 474 356 68.0322516
461 461 331 104.0581724
462 533 393 18.7935211
463 485 350 8.2752126
464 527 380 45.9257481
465 542 409 61.8244919
466 405 314 47.7129596
467 529 395 16.9083477
468 326 253 59.77361
469 439 343 10.5504627
470 505 359 9.5040281
471 447 336 22.3828379
472 388 282 44.8269295
473 410 305 6.8187151
474 472 344 66.650698
475 443 341 9.6231459
476 226 183 13.6266165
477 297 220 54.9306842
478 497 376 23.2949789
479 529 377 28.9814256
480 389 295 9.476065
481 530 397 71.3608922
482 367 283 7.0776147
483 450 334 20.6603192
484 535 373 113.7860198
485 509 375 53.7752103
486 450 323 128.6681899
487 563 416 10.4251774
488 548 420 16.5738281
489 451 345 50.5450434
490 501 372 53.1097773
491 479 338 15.4072308
492 519 393 12.9249542
493 309 229 52.8128601
494 475 352 19.0771273
495 449 336 4.4388384
496 518 365 87.4290647
497 490 371 10.0888258
498 469 330 149.920383
499 412 306 22.3088613
500 296 242 10.8304362
501 438 332 20.8982016
502 488 371 13.1010807
503 529 358 69.6254753
504 514 358 12.616676
505 480 347 24.7408094
506 700 468 24.7719791
507 515 392 19.4193188
508 517 369 54.0459059
509 547 391 24.4760448
510 346 261 58.231643
511 431 325 18.6852281
512 451 331 31.2836608
513 583 407 42.2525559
514 579 406 109.3136589
515 477 341 6.335378
516 427 326 31.0283302
517 548 404 10.7817342
518 464 336 8.2736033
519 462 342 10.9868223
520 468 340 48.9603416
521 409 323 21.6754966
522 445 323 25.3433456
523 366 287 10.5219878
524 349 260 32.7317103
525 509 360 50.3767306
526 415 323 39.6248906
527 410 310 37.949042
528 457 338 8.3605427
529 408 288 141.8686052
530 594 444 27.4047682
531 449 331 13.6973163
532 382 296 39.2043603
533 438 316 55.9450544
534 479 345 31.8376848
535 520 361 26.8162012
536 555 371 69.3664583
537 507 353 26.6172352
538 557 395 18.0381464
539 532 385 59.7493894
540 519 381 50.2306605
541 519 366 38.199593
542 482 361 60.9725102
543 582 420 46.813344
544 482 347 58.444392
545 652 449 3.6583488
546 430 323 13.9175076
547 476 353 27.9305768
548 441 339 11.9323993
549 461 342 6.7406245
550 322 247 90.6475488
551 540 376 24.6554685
552 415 298 40.5507149
553 429 319 9.9417778
554 458 317 36.4600418
555 447 338 26.4136996
556 326 240 31.3586355
557 445 329 15.5806617
558 413 323 7.6721046
559 464 338 6.9022685
560 446 326 67.9280461
561 367 282 44.5204032
562 354 279 29.862792
563 391 283 34.1851596
564 482 357 11.74789
565 411 306 84.8143467
566 395 289 64.1117725
567 453 343 8.8175311
568 477 326 130.7477178
569 259 214 6.5992194
570 403 305 20.0070899
571 445 329 16.2134346
572 704 472 28.4694812
573 401 297 49.2067817
574 421 326 4.834276
575 649 450 20.9668849
576 540 384 26.5971693
577 512 366 31.7377158
578 525 379 5.3945785
579 403 311 8.6195231
580 397 310 9.1170696
581 536 386 10.5255231
582 372 285 12.9145689
583 539 401 18.2394948
584 504 362 12.1401203
585 414 325 36.5439317
586 473 342 48.4186024
587 518 374 5.4361031
588 503 359 39.2869743
589 625 450 43.8556208
590 484 356 14.0248984
591 465 337 65.8276611
592 498 361 24.3916358
593 395 290 141.6994395
594 345 269 20.7379335
595 448 329 29.6933193
596 402 297 23.724627
597 405 314 28.7669213
598 397 307 9.3504611
599 458 330 48.0420456
600 633 456 7.4504984
601 502 356 71.7509091
602 399 304 18.2476709
603 508 385 24.7744994
604 394 282 34.2802311
605 430 313 95.0544233
606 595 414 3.3228926
607 402 292 20.612349
608 383 288 90.356635
609 573 404 44.0517247
610 408 299 6.5192099
611 457 347 22.4825582
612 401 281 26.5958635
613 517 388 17.0430124
614 530 394 42.2433471
615 435 319 49.851968
616 365 265 138.2132722
617 427 313 5.2012432
618 508 364 139.0470329
619 496 363 16.9001254
620 504 353 86.2565204
621 438 321 27.2478524
622 528 379 8.315365
623 500 363 28.5297312
624 533 395 13.3903314
625 450 325 49.9892105
626 455 328 64.0053714
627 502 375 93.2663418
628 624 451 22.2656062
629 595 434 51.8870535
630 520 386 12.9076522
631 513 375 3.9577133
632 335 262 24.1064723
633 420 330 14.5054422
634 472 345 8.3970935
635 598 414 13.8615007
636 309 242 23.1159995
637 486 353 48.8039911
638 407 297 53.4891448
639 487 377 4.9393896
640 559 401 31.4801018
641 384 317 6.3925137
642 478 337 22.2636499
643 355 272 48.1986478
644 454 331 15.9194121
645 409 289 14.8997065
646 508 370 15.8823108
647 494 369 9.1818276
648 447 349 10.9665478
649 402 294 18.9464155
650 379 280 7.592243
651 487 345 13.7222268
652 578 390 120.7503904
653 466 329 84.2475188
654 485 364 15.4369295
655 466 361 3.491259
656 529 380 338.0221824
657 493 356 39.1848825
658 481 363 10.8238259
659 539 384 11.8679542
660 605 437 8.4447471
661 506 395 20.8877053
662 651 443 12.5243996
663 441 319 19.2106027
664 539 390 47.3255859
665 474 340 23.4984793
666 487 367 5.1607072
667 547 397 13.9183585
668 399 298 14.8554456
669 454 341 9.7789276
670 496 369 65.0295189
671 452 325 38.2357808
672 494 367 30.6610098
673 517 400 39.217855
674 418 312 23.5332102
675 434 314 15.1865335
676 277 212 22.3040838
677 399 325 11.0874624
678 668 473 27.7891608
679 547 410 32.954211
680 485 370 13.0630328
681 519 367 44.5858927
682 442 312 23.2683667
683 465 366 17.4408015
684 361 287 7.6316766
685 555 388 17.9025859
686 435 324 3.3799567
687 525 369 51.7520743
688 512 379 66.10443
689 380 292 3.8187815
690 602 438 18.187603
691 407 302 75.402923
692 423 346 3.2943258
693 429 305 13.2066773
694 499 350 45.4447534
695 404 313 6.6724338
696 396 282 95.9073839
697 425 325 26.5585436
698 618 437 16.3333502
699 471 342 44.5404276
700 521 367 23.3068601
701 453 330 84.303781
702 366 275 32.4966701
703 477 347 32.44539
704 301 227 6.7331567
705 547 398 22.5518237
706 339 263 18.0000071
707 431 314 200.2116535
708 575 441 18.0081426
709 419 308 44.2763392
710 530 365 32.8790022
711 357 278 7.771065
712 541 398 17.7942622
713 579 424 15.1455145
714 481 357 7.3703921
715 293 232 8.9524796
716 427 313 21.7756816
717 493 363 9.9479427
718 487 348 40.317993
719 410 315 23.2611815
720 444 337 44.696677
721 595 419 15.1293638
722 419 308 56.5923779
723 433 304 68.6831156
724 388 302 25.645121
725 459 335 4.2051865
726 445 338 22.8183681
727 470 336 694.8673684
728 534 399 57.9348784
729 414 306 18.9724648
730 365 265 105.6812386
731 588 424 26.3335271
732 457 347 18.6466391
733 408 295 36.6926966
734 429 296 14.7279838
735 397 296 23.7976796
736 560 422 40.7386091
737 537 395 12.5715218
738 458 346 24.4507374
739 452 327 12.1273093
740 458 326 4.1486396
741 409 293 20.2108514
742 454 350 4.4526131
743 413 291 37.8644058
744 441 332 4.7755094
745 337 239 25.4286294
746 536 394 33.6077628
747 555 405 14.9485636
748 312 247 32.2077562
749 476 351 9.0268786
750 332 239 110.8822967
751 416 299 21.4143127
752 509 356 52.2620557
753 524 384 12.2291367
754 498 357 21.0944229
755 318 246 6.3961771
756 542 380 16.3683387
757 496 360 6.1136592
758 549 388 13.6676696
759 543 400 22.0305042
760 466 351 12.6605231
761 468 330 138.0607633
762 446 326 61.9700608
763 455 336 16.4203312
764 466 318 63.0219722
765 449 324 84.2754795
766 520 382 24.0970441
767 446 309 30.8595188
768 444 332 3.7750286
769 421 312 11.4607469
770 481 353 38.3354824
771 299 238 12.2968608
772 385 288 9.9316203
773 399 315 6.28129
774 360 267 53.5777222
775 353 248 31.4041832
776 373 279 17.8902418
777 556 368 37.1596133
778 336 254 12.8323963
779 488 353 111.2812984
780 433 314 41.1449095
781 413 310 61.4636077
782 376 282 61.1936036
783 422 312 38.7465691
784 452 337 19.9040751
785 483 353 77.179161
786 481 356 10.5470829
787 427 289 68.1483745
788 371 278 15.1229377
789 462 349 7.6884423
790 453 344 14.5289093
791 611 432 16.7796116
792 381 291 19.7633546
793 410 320 8.044136
794 400 296 42.9470187
795 301 240 6.6743487
796 492 362 27.3551074
797 631 426 46.4595738
798 470 355 24.0136026
799 549 388 17.0531119
800 582 406 6.4523847
801 481 363 39.347553
802 449 336 9.2699464
803 380 279 56.6348985
804 484 359 12.1664824
805 400 314 14.6823483
806 454 332 43.4020951
807 360 265 25.4977529
808 711 470 15.0724136
809 378 286 25.6717547
810 443 333 21.5124024
811 480 349 28.0593656
812 299 219 14.4587634
813 555 404 4.7744783
814 424 341 9.6884406
815 450 338 15.8051189
816 449 347 8.2565507
817 470 347 41.2022418
818 440 324 7.1497908
819 397 306 11.3633441
820 695 485 4.5450057
821 484 346 12.3074903
822 569 398 155.7620063
823 581 385 103.3670993
824 542 377 83.7383028
825 468 337 32.1381261
826 545 377 43.6623033
827 360 267 26.0836301
828 235 188 17.1822723
829 317 240 35.9182202
830 588 428 7.6410351
831 395 294 29.8770915
832 534 374 33.7408975
833 631 441 57.4276789
834 470 327 45.6160621
