1 97 72 0.755173
2 118 93 0.301616
3 122 89 0.314501
4 92 72 0.297716
5 94 65 0.348819
6 107 76 0.165587
7 111 80 0.275426
8 104 76 0.210513
9 117 90 0.18881
10 103 77 0.304641
11 130 97 0.276139
12 116 88 0.219779
13 125 85 0.34673
14 119 83 0.262359
15 116 79 0.512122
16 128 90 0.180919
17 150 103 0.397322
18 100 82 0.21614
19 132 92 0.282582
20 114 76 0.274493
21 113 83 0.352534
22 132 95 0.266033
23 126 92 0.259371
24 134 98 0.397322
25 130 92 0.247025
26 98 80 0.341974
27 79 59 0.354013
28 134 98 0.230981
29 128 90 0.304558
30 106 83 0.415717
31 117 82 0.24989
32 121 85 0.488014
33 112 84 0.170856
34 117 84 0.418875
35 142 97 0.12228
36 120 91 0.156748
37 116 86 0.194765
38 140 97 0.256433
39 105 81 0.154746
40 113 84 0.250963
41 129 90 0.27223
42 122 88 0.188238
43 137 95 0.447287
44 96 77 0.203342
45 108 79 0.327913
46 140 100 0.553891
47 89 63 0.29877
48 146 103 0.19408
49 124 88 0.250946
50 72 58 0.159187
51 98 73 0.184779
52 95 74 0.214085
53 134 98 0.275751
54 139 97 0.395237
55 143 106 0.128751
56 152 113 0.145826
57 112 81 0.200726
58 130 92 0.167586
59 123 84 0.513112
60 152 110 0.349167
61 114 85 0.263962
62 115 82 0.237842
63 92 71 0.386336
64 69 53 0.206623
65 133 88 0.532355
66 126 89 0.314956
67 115 89 0.293902
68 124 91 0.20625
69 90 67 0.22375
70 115 81 0.104689
71 141 103 0.178424
72 110 79 0.228574
73 119 88 0.181632
74 119 87 0.202994
75 102 78 0.203285
76 112 81 0.321333
77 89 66 0.380607
78 109 82 0.253951
79 117 84 0.35422
80 118 89 0.210941
81 114 82 0.19723
82 107 81 0.330163
83 108 82 0.196908
84 173 115 0.196415
85 137 99 0.289949
86 79 60 0.277407
87 130 93 0.205103
88 88 70 0.223583
89 161 104 0.268473
90 147 104 0.276124
91 110 79 0.299426
92 140 102 0.181604
93 111 75 0.188324
94 94 78 0.199174
95 122 94 0.264026
96 87 62 0.256908
97 103 84 0.218078
98 96 75 0.261192
99 103 79 0.191962
100 138 96 0.218525
101 141 96 0.378639
102 150 102 0.28506
103 105 80 0.251417
104 110 82 0.259003
105 109 81 0.196908
106 104 76 0.177775
107 96 75 0.198063
108 141 98 0.362225
109 115 80 0.44414
110 123 85 0.151747
111 133 92 0.184848
112 134 90 0.176287
113 112 85 0.232509
114 91 60 0.370594
115 108 81 0.360094
116 158 106 0.148443
117 168 115 0.412388
118 125 94 0.224522
119 127 93 0.247798
120 69 52 0.332006
121 136 102 0.133418
122 75 61 0.176023
123 139 94 0.283631
124 87 70 0.183291
125 134 96 0.187975
126 137 97 0.229946
127 155 99 0.190513
128 105 82 0.224718
129 86 68 0.177909
130 99 70 0.258433
131 93 71 0.254717
132 108 77 0.304169
133 94 69 0.17905
134 101 74 0.170893
135 84 68 0.200628
136 120 86 0.155526
137 135 93 0.236192
138 134 95 0.260548
139 91 70 0.231408
140 122 90 0.213139
141 113 87 0.23529
142 163 106 0.237803
143 152 109 0.229707
144 157 110 0.168205
145 137 101 0.360967
146 173 112 0.252021
147 123 86 0.204392
148 106 77 0.274516
149 94 74 0.164043
150 121 89 0.338054
151 91 62 0.25332
152 103 84 0.246833
153 136 101 0.20468
154 147 103 0.341789
155 90 67 0.627216
156 133 89 0.216707
157 138 93 0.498821
158 99 73 0.24939
159 65 57 0.230367
160 96 74 0.154692
161 122 81 0.230692
162 127 91 0.237964
163 125 86 0.193983
164 132 99 0.381407
165 113 85 0.135545
166 136 99 0.195191
167 109 79 0.15993
168 139 94 0.209118
169 108 86 0.310232
170 127 90 0.168084
171 101 75 0.162481
172 159 110 0.162251
173 129 83 0.222238
174 117 85 0.308753
175 134 96 0.271857
176 119 83 0.429914
177 128 87 0.35647
178 117 87 0.156142
179 82 54 0.275888
180 134 99 0.190179
181 119 87 0.317316
182 140 92 0.332634
183 117 84 0.376518
184 135 91 0.159309
185 138 97 0.198976
186 122 87 0.326708
187 79 62 0.1803
188 98 77 0.190756
189 129 98 0.510932
190 110 84 0.218263
191 127 89 0.339404
192 89 57 0.347747
193 161 105 0.28981
194 106 76 0.217418
195 88 67 0.552148
196 74 60 0.195165
197 96 71 0.221259
198 117 84 0.162089
199 96 72 0.232926
200 123 86 0.422711
201 100 79 0.212187
202 108 75 0.268973
203 125 91 0.148851
204 156 100 0.166774
205 148 106 0.267934
206 114 81 0.296611
207 122 93 0.216367
208 110 81 0.310536
209 75 61 0.155899
210 106 78 0.180997
211 121 83 0.270285
212 152 109 0.223862
213 122 88 0.193017
214 104 78 0.208932
215 98 68 0.175141
216 119 89 0.141717
217 112 82 0.238123
218 143 101 0.191074
219 82 66 0.168173
220 124 85 0.226569
221 94 77 0.172757
222 124 88 0.163309
223 145 97 0.279481
224 110 79 0.453096
225 126 91 0.338829
226 122 87 0.179146
227 92 71 0.231936
228 100 67 0.197171
229 104 74 0.368557
230 119 82 0.176692
231 100 80 0.200733
232 81 60 0.144267
233 136 98 0.196304
234 108 79 0.251606
235 139 100 0.574908
236 120 84 0.210293
237 114 80 0.322577
238 76 64 0.186554
239 89 66 0.221892
240 131 104 0.280171
241 121 95 0.265624
242 141 103 0.177271
243 96 72 0.181456
244 146 100 0.376001
245 143 105 0.207889
246 126 96 0.240652
247 129 96 0.329625
248 111 81 0.304254
249 141 106 0.201346
250 74 62 0.292682
251 131 89 0.278758
252 130 95 0.14474
253 135 95 0.208973
254 139 92 0.242361
255 111 74 0.246391
256 116 84 0.330009
257 95 71 0.245135
258 95 71 0.167964
259 132 95 0.626854
260 158 108 0.155745
261 101 77 0.173948
262 88 70 0.230698
263 99 78 0.201638
264 120 88 0.256327
265 147 105 0.224534
266 146 108 0.164288
267 143 103 0.398358
268 156 105 0.257096
269 81 65 0.197924
270 173 109 0.111361
271 137 95 0.200713
272 83 69 0.210018
273 126 94 0.270318
274 133 94 0.192339
275 128 95 0.267663
276 180 119 0.317471
277 102 78 0.217329
278 117 83 0.531249
279 135 95 0.331493
280 101 75 0.211569
281 127 89 0.201387
282 123 92 0.253704
283 120 96 0.209305
284 78 62 0.220018
285 102 83 0.177709
286 143 103 0.270134
287 111 83 0.281258
288 129 82 0.23593
289 122 90 0.215231
290 139 100 0.182596
291 102 82 0.273633
292 137 96 0.171357
293 108 83 0.249884
294 98 74 0.138982
295 93 68 0.232477
296 119 90 0.470989
297 152 101 0.176918
298 104 78 0.27257
299 135 96 0.352115
300 109 80 0.20877
301 123 84 0.165839
302 119 81 0.261002
303 107 85 0.13188
304 121 81 0.18004
305 87 61 0.347949
306 94 72 0.29686
307 150 114 0.18531
308 178 116 0.314859
309 136 94 0.218122
310 113 76 0.395222
311 97 73 0.167337
312 152 97 0.220386
313 109 82 0.215331
314 126 87 0.101717
315 146 96 0.172176
316 72 55 0.317136
317 157 106 0.18469
318 120 93 0.200854
319 118 91 0.242864
320 126 89 0.450437
321 107 84 0.259351
322 106 80 0.27119
323 103 76 0.17303
324 101 75 0.261243
325 110 83 0.267874
326 115 86 0.276502
327 136 96 0.247596
328 104 84 0.273726
329 143 100 0.283662
330 99 71 0.212366
331 100 76 0.178317
332 142 104 0.173726
333 105 77 0.175488
334 113 86 0.172538
335 104 79 0.228011
336 95 74 0.168687
337 85 63 0.235454
338 88 66 0.172673
339 125 92 0.22607
340 94 64 0.251913
341 110 80 0.224102
342 139 100 0.369569
343 105 81 0.136353
344 96 69 0.229526
345 91 65 0.155389
346 131 91 0.521162
347 94 68 0.254597
348 129 96 0.361684
349 104 73 0.296998
350 147 99 0.169679
351 133 94 0.25094
352 98 73 0.256361
353 114 83 0.171124
354 103 74 0.144789
355 102 78 0.175126
356 106 77 0.408363
357 111 79 0.27329
358 106 75 0.2582
359 90 70 0.166042
360 135 99 0.187398
361 89 74 0.152437
362 137 98 0.190223
363 129 88 0.212937
364 122 83 0.441515
365 93 72 0.209812
366 101 78 0.194902
367 91 69 0.388557
368 97 73 0.204373
369 112 88 0.231653
370 120 87 0.18472
371 139 91 0.200899
372 115 80 0.392141
373 103 81 0.231115
374 121 84 0.201526
375 129 93 0.268731
376 134 93 0.202463
377 128 88 0.308341
378 144 96 0.250971
379 115 85 0.489191
380 112 80 0.226338
381 138 96 0.253624
382 144 95 0.319961
383 95 73 0.141041
384 142 97 0.302244
385 116 82 0.332763
386 122 87 0.183149
387 130 92 0.467047
388 125 93 0.181896
389 139 99 0.304887
390 144 100 0.220461
391 75 52 0.684972
392 114 84 0.441215
393 94 74 0.195568
394 112 75 0.166246
395 122 85 0.207236
396 94 71 0.361997
397 99 68 0.149668
398 143 96 0.167727
399 124 93 0.145258
400 154 109 0.304719
401 115 85 0.260871
402 170 117 0.199243
403 108 75 0.19291
404 131 97 0.245169
405 94 74 0.203666
406 143 101 0.310523
407 132 96 0.349307
408 92 72 0.184696
409 89 65 0.230884
410 101 76 0.370359
411 101 78 0.206718
412 138 91 0.22039
413 148 101 0.309259
414 101 81 0.196409
415 78 58 0.177425
416 85 58 0.167948
417 137 92 0.211413
418 129 92 0.182367
419 100 80 0.168451
420 108 79 0.206211
421 123 86 1.0969474
422 98 78 0.420148
423 133 97 0.6228947
424 123 85 0.3832042
425 105 73 0.3203822
426 112 75 0.3104941
427 114 82 0.1478245
428 121 85 0.6481079
429 146 107 0.6943247
430 129 93 0.3304817
431 111 85 0.3024422
432 104 80 0.2699923
433 124 89 0.3630956
434 111 88 0.2477974
435 131 94 0.2981439
436 103 74 0.3057568
437 117 88 0.2369939
438 130 91 0.2315162
439 156 106 0.2899036
440 133 90 0.2618803
441 172 115 0.628877
442 90 68 0.7959193
443 129 88 0.3813105
444 145 102 0.2655254
445 111 80 0.3079068
446 90 66 0.3924389
447 95 73 0.4028397
448 124 83 0.2790231
449 97 77 0.3224603
450 108 85 0.4690072
451 128 99 0.2421798
452 90 61 0.4925018
453 125 93 0.4347612
454 127 88 0.4093272
455 85 74 0.2643945
456 87 69 0.2381639
457 113 79 0.3369307
458 104 80 0.383545
459 87 68 0.207252
460 100 73 0.4969385
461 97 79 0.2948322
462 100 80 0.5273341
463 116 91 0.3398744
464 87 65 0.5808452
465 117 86 0.5297637
466 140 97 0.4160207
467 94 72 0.692144
468 132 98 0.4690795
469 83 64 0.5061845
470 127 90 0.5607535
471 114 83 0.3468582
472 129 87 0.4990182
473 113 89 0.4728384
474 113 83 0.4313275
475 113 73 0.4395178
476 111 80 0.5519741
477 126 92 0.6698423
478 125 92 0.5303736
479 116 90 0.4705218
480 112 73 0.5504337
481 97 65 0.8046089
482 111 79 0.5264649
483 98 73 0.4679607
484 112 81 0.3944083
485 124 90 0.3699004
486 136 91 0.3537042
487 107 75 0.2180806
488 129 92 0.2574798
489 111 87 0.3370636
490 119 88 0.2380296
491 147 104 0.2876263
492 130 88 0.2643243
493 102 74 0.4610227
494 132 89 0.4185124
495 100 75 0.2672642
496 133 94 0.2579298
497 127 90 0.4597569
498 121 82 0.3661313
499 109 76 0.1558681
500 130 92 0.2508925
501 104 78 0.3115263
502 72 50 0.2474386
503 103 70 0.4677911
504 113 86 0.2172165
505 128 86 0.2795521
506 117 84 0.2401539
507 128 91 0.2456755
508 100 71 0.2264751
509 117 82 0.3599094
510 93 75 0.3035438
511 131 88 0.2353481
512 151 102 0.264457
513 86 64 0.2608027
514 122 95 0.2815281
515 117 84 0.3360234
516 112 87 0.3129313
517 110 83 0.2413191
518 75 59 0.4158119
519 156 107 0.1216676
520 121 88 0.3082098
521 108 84 0.3821777
522 127 90 0.7464076
523 104 73 0.2374078
524 125 85 0.2143853
525 94 69 0.3694126
526 117 86 0.2951676
527 84 62 0.2791207
528 132 90 0.3364716
529 116 80 0.4800744
530 116 87 0.237856
531 120 88 0.2435041
532 111 90 0.2948947
533 139 89 0.3448515
534 152 104 0.2086067
535 108 85 0.2383007
536 102 79 0.1844705
537 141 102 0.2520618
538 100 82 0.3297511
539 126 92 0.2055895
540 128 92 0.3291024
541 134 99 0.3213273
542 77 61 0.2807782
543 130 89 0.1982162
544 129 98 0.3261254
545 109 83 0.2757097
546 109 84 0.2370867
547 133 93 0.3278854
548 149 94 0.3856342
549 137 100 0.2936347
550 100 73 0.2478897
551 98 74 0.2369755
552 75 63 0.3045869
553 109 84 0.2448665
554 105 81 0.2122183
555 129 90 0.279002
556 105 72 0.3461017
557 132 93 0.2478355
558 128 86 0.2075934
559 130 93 0.2288698
560 101 71 0.3090363
561 110 83 0.2351264
562 161 112 0.2194806
563 124 93 0.258866
564 136 100 0.256527
565 114 87 0.2362363
566 97 75 0.2173783
567 122 88 0.2009215
568 126 89 0.1982108
569 85 63 0.3009879
570 123 88 0.2579544
571 135 88 0.1247475
572 130 95 0.2921425
573 119 86 0.3900066
574 131 89 0.1485216
575 136 95 0.3147471
576 119 87 0.2679869
577 98 72 0.2025282
578 126 89 0.1605603
579 90 71 0.2946322
580 133 100 0.2110663
581 112 81 0.1950301
582 89 73 0.1846906
583 123 90 0.1892376
584 102 74 0.2112044
585 132 88 0.2740591
586 130 99 0.1880707
587 114 81 0.23469
588 111 78 0.28352
589 90 71 0.2958101
590 110 83 0.2868851
591 148 98 0.2178484
592 106 84 0.2318113
593 121 86 0.223988
594 139 89 0.1689878
595 125 83 0.168198
596 126 90 0.2207646
597 150 96 0.1879201
598 133 86 0.2167005
599 91 69 0.2116868
600 130 89 0.2287279
601 100 79 0.2742704
602 109 81 0.1594963
603 104 79 0.1767593
604 123 82 0.2082408
605 142 107 0.1748481
606 111 87 0.1875077
607 118 83 0.1840912
608 134 99 0.1906297
609 98 68 0.4709361
610 100 75 0.343937
611 92 74 0.1754851
612 97 68 0.1902012
613 161 125 0.220729
614 123 91 0.177221
615 107 81 0.1200786
616 139 92 0.1799361
617 127 94 0.1937357
618 139 101 0.1904129
619 86 64 0.2165333
620 147 98 0.1446151
621 147 103 0.1765577
622 102 75 0.2525682
623 74 64 0.1741068
624 134 95 0.1630467
625 127 86 0.138938
626 136 102 0.1507383
627 133 102 0.1266712
628 128 95 0.2890078
629 135 94 0.2008114
630 134 92 0.2802796
631 87 66 0.2786601
632 87 68 0.2220418
633 122 89 0.2020193
634 107 82 0.188858
635 149 100 0.1086385
636 101 73 0.174467
637 133 93 0.1478628
638 117 81 0.1704819
639 153 110 0.1693579
640 162 107 0.5228321
641 109 79 0.1555563
642 103 73 0.1547009
643 115 85 0.1726073
644 144 103 0.1405962
645 137 89 0.1711075
646 125 85 0.1478903
647 152 105 0.2541196
648 143 103 0.191494
649 108 81 0.1824509
650 127 93 0.1557829
651 122 84 0.2046551
652 112 77 0.176506
653 125 88 0.1377034
654 94 71 0.1582553
655 139 94 0.1721853
656 132 97 0.1219534
657 165 102 0.1323896
658 135 91 0.1457598
659 128 92 0.0932323
660 117 86 0.1248428
661 151 96 0.398608
662 79 63 0.189958
663 122 86 0.142954
664 103 79 0.1395273
665 149 98 0.1313239
666 99 72 0.0993444
667 119 88 0.1780233
668 117 82 0.1549035
669 147 100 0.123144
670 120 83 0.1405595
671 140 98 0.1284311
672 96 74 0.2569212
673 154 108 0.2976524
674 124 88 0.1471424
675 113 83 0.1728812
676 97 76 0.1243842
677 97 80 0.1306888
678 94 76 0.2483808
679 103 74 0.2166224
680 73 57 0.1462749
681 139 96 0.1450559
682 99 74 0.1261113
683 134 92 0.1767171
684 119 86 0.1332723
685 104 76 0.1512157
686 95 70 0.1697275
687 105 78 0.1762341
688 140 100 0.1116257
689 103 84 0.1791192
690 133 94 0.1264015
691 99 74 0.2372533
692 129 89 0.1249916
693 112 78 0.1382652
694 102 79 0.1154722
695 78 59 0.1283332
696 81 67 0.1668903
697 88 70 0.2056548
698 134 101 0.1429766
699 121 88 0.1298131
700 141 102 0.1526498
701 100 77 0.1217873
702 136 85 0.1364264
703 94 73 0.1181923
704 149 111 0.1319966
705 120 85 0.1166886
706 125 89 0.1496738
707 100 71 0.090053
708 102 76 0.1273522
709 115 90 0.1410234
710 128 98 0.1031343
711 92 69 0.1402326
712 97 73 0.132635
713 126 87 0.1451585
714 81 63 0.181539
715 138 100 0.1476003
716 94 74 0.1723775
717 114 78 0.1544279
718 120 79 0.1548792
719 124 84 0.1092323
720 142 96 0.1272389
721 106 74 0.1378169
722 107 77 0.1316705
723 61 50 0.1417518
724 78 58 0.1460236
725 147 101 0.0970281
726 154 100 0.1246531
727 106 84 0.1214993
728 86 60 0.1253363
729 114 86 0.0925014
730 146 109 0.1173441
731 116 85 0.1158179
732 114 85 0.1277773
733 99 71 0.1354425
734 104 78 0.1085653
735 149 102 0.0861818
736 131 97 0.1369219
737 133 97 0.1329307
738 130 91 0.174889
739 81 60 0.1925032
740 121 92 0.1410256
741 131 92 0.1144757
742 122 85 0.1283066
743 121 93 0.1017024
744 80 65 0.1228526
745 125 85 0.1444595
746 96 75 0.1192041
747 112 84 0.1363528
748 89 70 0.1468112
749 122 87 0.1093843
750 104 80 0.1757861
751 126 88 0.0985609
752 116 89 0.1251629
753 118 86 0.1019502
754 100 79 0.1128487
755 112 85 0.1101128
756 121 93 0.1181849
757 137 95 0.145039
758 124 85 0.117943
759 93 77 0.1085543
760 125 93 0.2182885
761 111 80 0.1172247
762 108 80 0.1460226
763 148 107 0.1027186
764 114 83 0.1436068
765 161 106 0.0853093
766 118 85 0.1574565
767 106 78 0.0923889
768 97 68 0.1186514
769 107 73 0.1240223
770 94 67 0.1580012
771 117 85 0.11261
772 122 78 0.2340936
773 91 74 0.0983491
774 141 91 0.1281591
775 108 79 0.1153325
776 113 79 0.1591381
777 125 95 0.1048591
778 100 79 0.1353983
779 115 84 0.1127138
780 107 83 0.1022481
781 109 84 0.1369809
782 93 68 0.1338274
783 123 91 0.1243343
784 100 77 0.1816325
785 148 106 0.136612
786 105 76 0.1190942
787 103 76 0.0918577
788 155 105 0.1118403
789 104 79 0.1619777
790 115 84 0.1154733
791 119 83 0.1402733
792 150 105 0.2078868
793 101 77 0.1204489
794 132 101 0.1107967
795 112 80 0.1362611
796 92 70 0.1308875
797 119 88 0.1015926
798 68 53 0.133608
799 127 93 0.12973
800 111 81 0.1386499
801 120 86 0.1481353
802 114 83 0.1219142
803 73 60 0.1266932
804 110 81 0.0883165
805 132 91 0.0761762
806 115 86 0.1369562
807 119 85 0.1384105
808 70 57 0.1323396
809 68 58 0.1236581
810 171 114 0.1075877
811 108 82 0.12004
812 107 74 0.1378922
813 120 90 0.1106502
814 143 102 0.1574123
815 105 80 0.0827818
816 96 72 0.113009
817 72 62 0.1398092
818 115 95 0.1017204
819 99 77 0.1293728
820 132 100 0.1065796
821 128 96 0.1273818
822 128 92 0.1458762
823 105 74 0.1214055
824 124 86 0.091485
825 103 76 0.1233515
826 122 84 0.1193842
827 102 73 0.0908994
828 134 88 0.0796999
829 94 71 0.096864
830 86 65 0.1204344
831 124 94 0.1077916
832 130 97 0.084803
833 127 89 0.10421
834 105 80 0.1083748
835 117 86 0.114625
836 137 94 0.1026141
837 122 93 0.1276508
838 91 64 0.1009817
839 135 97 0.0880162
840 135 93 0.1161958
