1 182 135 1.583779
2 158 130 1.095597
3 249 177 1.364452
4 184 134 4.006517
5 215 166 4.032321
6 279 184 4.871353
7 341 220 1.719755
8 295 211 3.296777
9 268 178 1.78572
10 204 152 2.448199
11 251 176 2.483752
12 276 201 1.857464
13 228 169 0.808825
14 202 147 1.664294
15 274 197 0.981331
16 230 164 1.34783
17 189 142 1.28931
18 281 207 1.050237
19 318 219 4.945422
20 256 194 4.288612
21 267 197 2.536621
22 271 181 1.882095
23 286 205 1.285666
24 259 191 2.071591
25 229 163 4.081889
26 224 155 2.88921
27 269 187 0.984163
28 200 144 1.214401
29 258 187 1.283665
30 239 167 8.874536
31 209 147 1.309332
32 172 130 1.211538
33 216 159 5.078235
34 198 154 0.863815
35 251 181 1.304988
36 247 183 5.469134
37 310 221 1.005533
38 205 145 3.325545
39 286 213 0.815573
40 245 166 4.017362
41 271 194 1.373955
42 272 190 1.434393
43 234 165 1.338267
44 286 192 5.734316
45 175 136 2.37056
46 236 170 1.368273
47 315 201 1.72759
48 262 185 4.825748
49 276 190 31.489032
50 223 168 2.101897
51 309 219 11.977699
52 209 159 3.074826
53 305 205 0.94602
54 238 171 2.566594
55 271 203 1.159953
56 235 162 3.574924
57 211 163 1.844124
58 283 195 0.667621
59 252 181 1.758166
60 210 158 1.480477
61 241 169 2.09344
62 234 171 0.875655
63 317 222 0.972764
64 194 145 1.160046
65 285 195 1.138022
66 251 186 1.218463
67 306 208 1.437013
68 231 173 1.387755
69 268 193 3.453719
70 191 148 1.048842
71 249 177 1.313946
72 214 153 1.894649
73 252 183 10.676615
74 233 172 1.690694
75 249 171 2.316345
76 248 173 2.459006
77 238 179 1.408265
78 204 155 6.748097
79 170 131 1.664743
80 239 185 1.323785
81 271 199 1.639548
82 327 213 1.225977
83 286 209 2.303334
84 191 151 0.841952
85 273 194 13.826266
86 232 181 2.58322
87 219 159 3.314676
88 259 183 4.754603
89 252 181 1.25708
90 232 157 2.336227
91 332 237 1.759731
92 191 138 2.691718
93 259 191 1.18451
94 217 160 1.584893
95 278 193 6.31161
96 235 169 4.017355
97 278 199 1.105263
98 270 185 0.767123
99 250 182 0.991519
100 210 152 3.753262
101 262 191 0.716702
102 256 188 2.995215
103 229 163 3.496089
104 277 195 1.961559
105 256 176 1.6165
106 260 188 1.508521
107 199 142 0.944849
108 277 187 5.393845
109 249 181 2.572602
110 229 171 1.252427
111 265 185 1.250576
112 225 157 3.493517
113 258 180 1.449281
114 200 145 0.917448
115 236 179 1.93163
116 211 155 3.531231
117 277 204 5.540701
118 234 173 8.74323
119 358 240 1.808955
120 290 206 6.063515
121 190 136 3.336612
122 297 213 9.122277
123 242 170 1.610414
124 218 158 2.400086
125 218 161 1.329347
126 288 197 2.916004
127 238 171 1.566527
128 229 171 1.418426
129 272 194 1.172627
130 298 205 24.150878
131 190 146 1.190681
132 176 141 1.689681
133 268 193 1.507712
134 284 194 2.969827
135 223 169 0.797227
136 329 221 1.779826
137 201 160 0.786337
138 336 222 1.626183
139 296 203 2.509192
140 267 185 1.910963
141 268 189 5.3305
142 260 177 2.590759
143 230 154 2.51761
144 278 190 1.068109
145 246 175 1.678793
146 294 194 0.997008
147 284 195 1.101756
148 230 173 1.174645
149 202 154 1.146896
150 165 128 1.194155
151 185 138 2.49296
152 270 192 2.233315
153 259 170 1.465334
154 279 185 0.627454
155 253 165 1.071515
156 216 156 1.473153
157 214 161 1.409152
158 249 183 0.980463
159 242 181 2.64795
160 260 176 1.011165
161 223 171 2.02489
162 200 150 6.600129
163 203 138 6.07439
164 213 152 1.351983
165 219 161 2.443658
166 229 153 7.22005
167 191 138 6.47072
168 215 159 1.637617
169 241 163 13.13535
170 225 170 0.981091
171 320 209 1.411159
172 217 157 1.302576
173 230 155 2.056848
174 246 174 1.499736
175 281 207 0.731647
176 297 212 1.371115
177 193 150 1.178652
178 232 173 1.357006
179 208 148 2.102657
180 283 206 1.36538
181 251 175 5.821214
182 227 170 0.96432
183 218 160 4.877183
184 312 221 0.957149
185 270 200 0.985402
186 181 131 1.098262
187 251 176 3.148104
188 223 167 1.401327
189 183 136 2.405927
190 228 176 1.101614
191 264 174 0.899982
192 270 194 19.269463
193 231 177 1.616659
194 280 187 3.208128
195 200 148 0.932757
196 287 202 4.671513
197 269 185 1.672447
198 234 163 1.346338
199 211 153 5.663448
200 254 187 0.940952
201 258 188 2.430257
202 172 120 4.722511
203 190 146 1.333612
204 192 148 1.543983
205 223 151 0.880327
206 232 170 1.088205
207 227 153 0.998685
208 240 164 4.942065
209 180 143 1.52401
210 282 199 3.591051
211 302 205 1.567768
212 246 183 1.043506
213 303 206 1.602175
214 287 196 2.39306
215 299 208 1.187994
216 307 220 0.69906
217 266 186 3.754246
218 269 198 1.087772
219 276 189 2.797898
220 210 155 0.790529
221 255 187 3.703685
222 218 162 2.330461
223 234 177 5.44929
224 232 162 1.07577
225 234 173 1.797644
226 233 176 1.414818
227 254 174 1.130025
228 171 127 2.089151
229 292 195 0.655856
230 257 181 1.293014
231 246 172 1.823049
232 260 194 1.21737
233 226 158 3.046807
234 276 197 3.747667
235 254 171 1.035677
236 242 174 2.666259
237 259 171 8.746496
238 244 177 1.85792
239 235 173 4.602252
240 234 164 1.402052
241 256 182 0.893824
242 224 160 6.14988
243 211 155 0.899765
244 206 141 1.51826
245 284 202 1.990746
246 283 200 1.640573
247 235 170 1.141014
248 321 211 3.631658
249 257 186 1.536087
250 242 172 1.43371
251 233 178 0.794826
252 273 191 2.384887
253 233 171 2.335969
254 217 143 2.809765
255 262 186 0.710984
256 192 141 1.334247
257 260 193 1.867452
258 246 174 0.720888
259 219 164 0.805439
260 324 222 0.722834
261 243 174 1.430884
262 284 189 1.072795
263 340 227 0.588446
264 217 169 1.490639
265 215 167 3.388491
266 257 194 1.45091
267 276 190 1.410702
268 213 155 1.744632
269 245 176 0.87399
270 286 213 1.207392
271 255 187 1.356973
272 267 186 4.905876
273 220 154 1.276759
274 223 156 1.589556
275 279 194 1.858532
276 193 144 1.303484
277 243 172 2.707616
278 267 194 0.805038
279 200 127 1.711097
280 301 217 4.906231
281 182 137 0.87414
282 162 120 3.036314
283 286 202 2.760754
284 199 153 4.932806
285 268 189 0.892402
286 178 136 1.012592
287 216 174 0.910011
288 297 209 2.280613
289 242 175 1.341749
290 233 170 1.031787
291 274 199 0.806236
292 218 153 1.384818
293 241 188 1.479713
294 263 180 0.817472
295 202 151 2.261411
296 177 125 1.63239
297 233 173 1.235909
298 195 133 2.78194
299 237 166 2.546285
300 291 212 0.995101
301 271 187 1.709709
302 279 196 1.205811
303 205 154 0.800029
304 190 149 1.132353
305 218 160 1.131551
306 326 221 3.201185
307 283 198 3.228563
308 249 182 0.715446
309 154 111 2.128487
310 160 122 1.266663
311 182 133 1.125247
312 273 187 1.972201
313 190 143 1.630495
314 128 106 1.793026
315 223 160 7.668552
316 270 193 1.677637
317 308 214 1.172071
318 232 164 1.194404
319 247 181 1.25998
320 231 162 2.176246
321 277 198 2.284695
322 234 166 1.062923
323 153 119 2.060531
324 218 163 0.892354
325 257 184 0.587263
326 275 193 1.960766
327 277 209 1.653168
328 198 145 7.90037
329 283 206 1.32585
330 205 155 1.222843
331 272 187 5.304028
332 213 169 1.737933
333 248 175 1.14342
334 261 182 1.147997
335 219 158 0.58666
336 192 132 2.185045
337 209 157 1.022209
338 290 210 1.149621
339 214 159 1.107042
340 243 175 1.664609
341 195 145 4.657519
342 213 163 7.60914
343 240 167 1.142255
344 196 157 1.278799
345 230 161 2.787311
346 180 134 1.280772
347 176 134 1.001709
348 186 131 2.043349
349 231 172 3.513903
350 258 176 3.160057
351 133 102 1.323555
352 206 151 0.908662
353 234 180 0.863169
354 269 187 10.950053
355 213 149 1.967014
356 304 203 3.975279
357 309 208 18.082976
358 165 125 0.929006
359 222 161 4.62846
360 252 181 0.893944
361 232 160 12.303277
362 295 208 1.267059
363 197 138 1.790155
364 269 185 2.892989
365 230 166 1.523875
366 227 166 1.13007
367 276 193 1.695945
368 262 192 1.283788
369 167 116 1.3645
370 275 183 1.380544
371 218 163 1.387025
372 259 185 4.503296
373 289 200 1.223965
374 244 175 3.016159
375 303 195 1.545199
376 275 186 4.843209
377 254 192 1.060118
378 289 211 1.05505
379 261 189 0.933905
380 285 194 1.995757
381 227 166 1.516643
382 240 182 0.986937
383 279 192 1.369273
384 275 189 2.049812
385 261 188 1.028549
386 264 186 11.636783
387 244 175 1.074105
388 210 150 1.392166
389 253 194 1.317231
390 241 175 8.310052
391 282 208 0.561457
392 299 218 1.15588
393 318 201 0.882172
394 249 180 4.686137
395 187 134 1.602224
396 353 250 0.412305
397 238 177 2.999131
398 189 144 1.761473
399 274 183 2.443518
400 283 197 1.000944
401 298 219 5.167109
402 230 170 1.048054
403 238 173 0.975606
404 143 112 1.469288
405 269 191 1.903622
406 276 207 1.441175
407 230 155 2.14408
408 261 184 1.052427
409 200 154 1.439382
410 175 132 1.104367
411 259 176 1.053722
412 284 192 1.641329
413 252 185 0.782408
414 179 132 2.051616
415 190 149 1.077056
416 222 154 1.316526
417 238 179 0.651045
418 242 175 1.107417
419 289 207 1.744916
420 298 194 1.125727
421 286 204 3.5772704
422 285 201 1.4969803
423 197 140 5.2099779
424 257 182 13.0824936
425 257 173 1.6242036
426 221 163 1.8717415
427 323 236 1.5886092
428 225 152 2.9251018
429 248 179 3.1689478
430 204 166 1.2750593
431 239 172 2.6941061
432 200 146 2.4717983
433 172 131 2.8971523
434 170 131 3.0329002
435 186 131 2.6769244
436 218 152 1.709165
437 174 126 2.8926612
438 233 175 5.8463023
439 221 162 4.1139989
440 185 137 2.3712242
441 275 192 11.1021327
442 246 177 1.0642481
443 232 167 1.7762295
444 157 122 2.3681087
445 263 178 8.2600122
446 204 144 1.4426346
447 236 163 3.1566433
448 305 211 4.2621363
449 217 159 2.2013027
450 243 176 5.0141512
451 249 190 1.7791379
452 215 161 2.0684535
453 217 154 1.64133
454 185 145 1.8778159
455 241 187 1.4027755
456 260 179 1.055167
457 189 140 2.5888867
458 215 156 2.5636545
459 258 201 1.981337
460 213 149 1.87403
461 281 198 1.757377
462 217 161 3.1714895
463 246 176 3.8333939
464 225 152 2.1700043
465 251 171 2.3003384
466 201 150 2.2161444
467 281 195 13.9527667
468 264 177 12.0987077
469 187 145 1.8346755
470 245 176 1.8143846
471 322 222 6.0197865
472 251 180 4.136932
473 187 132 2.1322803
474 268 195 2.2492432
475 278 206 1.7562226
476 218 157 1.3843014
477 180 130 1.3945429
478 217 145 2.3224529
479 280 207 2.2567542
480 207 159 4.8579325
481 251 172 1.2875076
482 262 194 1.7596043
483 221 150 2.741388
484 233 169 2.6574975
485 209 144 3.2566755
486 226 168 2.6306442
487 191 148 4.0031216
488 194 150 1.0831849
489 212 148 1.2116234
490 233 168 1.0045779
491 282 194 3.3576891
492 222 159 0.7559763
493 176 136 1.1604478
494 184 142 1.7066672
495 281 214 1.0726715
496 296 212 7.5966445
497 316 227 6.0889353
498 189 146 0.9969816
499 158 128 1.3917786
500 254 194 1.2964815
501 133 99 2.0582842
502 266 181 2.0476017
503 284 194 2.0891782
504 266 179 1.1940021
505 243 177 1.7707809
506 185 141 1.1795638
507 225 157 1.0389582
508 214 154 1.001603
509 228 168 1.99624
510 227 162 3.1628458
511 232 174 1.9714387
512 282 190 1.8624453
513 170 125 1.1764546
514 155 124 1.9967404
515 223 167 2.6222214
516 222 170 0.6252082
517 278 182 1.614559
518 159 123 0.8843983
519 258 193 0.7556804
520 230 165 4.6376421
521 182 141 1.8584361
522 245 179 1.1178916
523 273 200 1.6297038
524 223 157 2.7711163
525 238 177 0.9827414
526 228 162 2.5713159
527 206 151 2.6784827
528 287 195 0.8286343
529 239 170 0.8466677
530 251 180 1.1402925
531 259 187 1.1920142
532 220 158 1.4598366
533 231 174 0.9458696
534 251 175 3.1028642
535 252 180 3.1986505
536 235 175 0.6923637
537 219 160 0.9401927
538 312 207 2.9558455
539 199 159 1.9337897
540 260 192 0.9944201
541 281 191 1.6853869
542 288 209 5.246299
543 359 235 2.295474
544 271 184 0.6971113
545 273 204 2.9069494
546 285 194 0.9721021
547 200 147 1.846916
548 236 168 3.7965481
549 182 134 1.1211767
550 273 194 0.3109017
551 227 168 1.0542592
552 204 156 1.6195503
553 272 188 5.7688047
554 270 198 1.1091912
555 163 120 1.4340829
556 201 144 1.2596541
557 251 188 0.9817476
558 248 176 4.1330775
559 226 170 2.0096973
560 244 178 4.2396077
561 268 192 0.9698772
562 101 83 1.5141584
563 166 134 1.2705162
564 230 178 0.9471331
565 303 216 1.5775984
566 304 207 0.9474055
567 359 238 3.0084564
568 210 136 1.4322234
569 249 172 1.1614633
570 236 168 0.8575539
571 262 180 1.0855387
572 197 148 1.0719276
573 223 162 1.778356
574 146 112 1.0777034
575 214 162 2.0151013
576 235 172 0.6111625
577 252 184 0.6492391
578 226 162 0.9464313
579 211 164 0.7669624
580 261 185 0.6363133
581 273 191 0.8916414
582 230 162 3.9059408
583 175 133 1.0595513
584 275 196 2.6310007
585 237 160 1.3716964
586 249 178 1.092817
587 149 115 0.9853854
588 249 184 1.1016928
589 248 185 0.9333872
590 247 172 0.9962192
591 211 157 2.0914981
592 264 181 2.2831244
593 200 159 0.8739821
594 206 152 0.865826
595 169 127 1.3389707
596 253 181 1.1780276
597 233 164 1.6326951
598 227 165 0.9911412
599 239 173 0.782504
600 250 177 1.0248693
601 222 162 2.5766252
602 202 159 0.9711086
603 313 224 0.9971068
604 161 127 1.4237304
605 208 138 3.2537375
606 275 195 2.7970033
607 237 165 0.8145091
608 204 145 0.8360619
609 266 192 0.713768
610 207 155 1.2688959
611 233 179 0.7586366
612 256 180 1.4523103
613 295 217 1.4004002
614 202 147 1.9769381
615 211 153 1.1031217
616 214 150 1.0334834
617 213 159 0.9514379
618 283 198 0.7971276
619 238 166 0.6390937
620 230 172 0.6688137
621 175 142 0.8261616
622 205 150 1.4512491
623 297 209 2.6202893
624 276 195 4.7059995
625 230 166 5.9797491
626 287 207 0.9435845
627 251 191 0.9465634
628 197 138 0.947756
629 276 207 1.0240098
630 305 211 1.2243834
631 175 135 0.8879271
632 207 148 0.6562353
633 253 174 0.7432495
634 239 184 1.5050117
635 264 180 0.9175272
636 302 205 0.5198069
637 289 198 0.6207349
638 251 182 1.327129
639 255 179 0.7085372
640 193 145 1.1555684
641 244 168 0.7216577
642 254 176 0.9902665
643 179 136 0.8576452
644 223 155 1.0888016
645 256 182 0.6911449
646 190 142 1.1266393
647 240 165 2.9505666
648 223 156 2.6011497
649 238 168 0.9099815
650 184 136 2.4806097
651 217 158 0.7331677
652 225 166 0.9218672
653 257 181 0.8851689
654 207 147 1.1392189
655 193 140 0.9438166
656 202 160 2.071541
657 296 211 0.7420861
658 256 192 1.1133284
659 282 199 1.0646761
660 249 176 1.3571737
661 227 171 0.5432153
662 235 179 0.6701976
663 207 154 0.7892811
664 195 143 3.4770667
665 213 151 0.7119538
666 264 180 1.4700586
667 273 185 0.635063
668 178 131 0.6638116
669 186 146 0.7777341
670 193 136 2.4620139
671 233 173 1.1752938
672 241 181 0.9057747
673 178 137 0.864878
674 252 179 0.7464453
675 207 160 1.3173983
676 268 194 0.5844493
677 233 172 0.6052268
678 213 146 2.2278104
679 266 187 3.9328721
680 276 208 5.2722874
681 222 161 0.852102
682 168 122 0.571039
683 193 138 2.6396167
684 195 150 1.5983279
685 267 186 0.767209
686 257 191 0.7173115
687 264 177 0.8395959
688 238 171 0.7968152
689 204 158 0.6261826
690 236 185 0.8583191
691 316 216 4.3738997
692 192 142 0.8635833
693 112 84 1.5998472
694 258 172 0.5142196
695 269 188 2.7974206
696 264 185 0.8997276
697 225 171 1.4432343
698 212 155 0.6037946
699 340 228 0.2669722
700 333 223 0.557706
701 270 183 0.4101798
702 268 191 1.0945466
703 311 209 1.7323366
704 249 183 0.5483095
705 260 192 0.515636
706 153 119 0.7340537
707 279 199 0.7231129
708 240 171 2.3522702
709 266 187 0.4076859
710 235 179 1.4206863
711 204 144 1.810703
712 212 152 2.0122141
713 230 155 8.5436983
714 238 170 0.4728451
715 219 169 0.5452403
716 206 158 0.9964976
717 192 136 1.5032483
718 276 197 0.7994596
719 208 154 4.7243842
720 265 193 0.7974868
721 298 209 0.9793527
722 251 176 2.1694059
723 229 168 0.5871604
724 174 135 1.0944192
725 188 135 0.4881723
726 298 220 0.5336752
727 245 186 1.5617796
728 216 154 0.8160313
729 256 192 0.9657877
730 176 135 0.7875003
731 304 206 1.367083
732 232 165 2.7933267
733 230 168 0.7684917
734 262 193 0.8199156
735 227 161 1.4835915
736 232 174 0.8948646
737 225 156 0.3788847
738 268 186 6.1981548
739 226 167 0.5931918
740 212 154 0.5306227
741 196 147 0.6003582
742 170 127 1.1619207
743 260 177 0.6282828
744 160 125 1.0500523
745 179 143 0.9433672
746 241 174 0.4323149
747 257 174 0.5224532
748 241 165 2.5665373
749 223 165 1.1399683
750 231 172 1.660969
751 224 160 0.5826025
752 316 204 0.677095
753 243 181 0.603957
754 239 174 0.3458285
755 272 196 1.0619386
756 299 206 0.7707259
757 227 166 1.5915853
758 256 175 1.1386617
759 238 166 0.5816104
760 269 192 0.6069732
761 213 159 1.0825325
762 232 162 0.4923553
763 289 188 1.2307411
764 231 170 0.5571758
765 266 189 0.9913525
766 259 171 0.5432919
767 203 143 1.2892709
768 263 186 0.9167265
769 182 142 0.6022321
770 181 139 0.5964311
771 279 193 1.3068332
772 274 200 0.5205395
773 239 177 2.9230916
774 179 134 0.6794026
775 263 180 2.2159343
776 232 166 0.566923
777 238 174 0.8551889
778 204 146 0.8845231
779 239 180 0.8197837
780 221 150 1.0418294
781 226 153 1.0213835
782 243 186 0.7630893
783 291 197 0.3002209
784 188 140 0.9117539
785 280 200 0.6268264
786 294 211 0.5259463
787 178 141 1.7575259
788 231 165 0.7421974
789 279 195 0.4248326
790 193 146 0.873418
791 213 155 0.6132488
792 212 162 0.9163592
793 195 149 0.8930383
794 275 187 0.4100771
795 280 196 0.6006785
796 282 194 8.4957612
797 284 187 0.6022956
798 253 176 1.0848758
799 259 179 2.5579453
800 158 116 1.3588003
801 253 186 1.0231798
802 212 145 1.8429449
803 177 136 0.9205752
804 157 125 1.1162047
805 241 172 0.911401
806 286 192 0.6090004
807 253 176 0.6504828
808 328 229 0.846081
809 275 187 0.5847237
810 295 207 0.4729031
811 271 181 3.0900548
812 247 182 5.0115513
813 241 175 0.5003399
814 346 241 3.1411905
815 206 153 1.2802461
816 301 206 1.109337
817 234 170 0.8166694
818 227 164 0.7976767
819 350 250 0.4957558
820 285 209 0.7046799
821 187 142 0.6120283
822 254 185 2.1651713
823 243 172 1.464579
824 185 135 0.7404335
825 253 185 0.8242557
826 195 141 1.3483322
827 311 219 1.1240626
828 322 215 0.7575131
829 279 206 0.6116761
830 231 171 0.9379812
831 185 142 1.1404648
832 246 178 5.2471713
833 314 215 1.1020662
834 238 175 1.7176118
835 285 199 0.3238701
836 288 200 0.3579416
837 158 110 0.6743944
838 284 189 0.3677397
839 222 170 0.6671514
840 229 158 0.8551923
