1 422 313 432.513368
2 486 347 19.579277
3 506 363 109.239416
4 520 374 34.633254
5 612 436 50.757409
6 498 363 94.763657
7 527 369 61.897769
8 468 348 63.255676
9 649 458 90.856256
10 516 361 58.110303
11 571 416 7.803683
12 330 246 183.885564
13 560 387 108.21755
14 433 326 38.008368
15 503 363 58.722338
16 654 437 90.832961
17 517 370 45.054141
18 484 345 92.455467
19 652 456 225.373068
20 491 363 15.776676
21 452 316 36.08888
22 609 452 15.057554
23 580 418 206.967126
24 464 342 48.538721
25 432 319 29.165012
26 418 315 26.412764
27 290 242 18.953407
28 463 331 95.481033
29 489 347 21.705801
30 444 300 210.692532
31 612 436 29.591881
32 509 374 34.574612
33 588 410 95.374881
34 456 335 163.434492
35 649 466 4.808731
36 493 345 110.273488
37 454 329 148.349008
38 617 429 6.346267
39 567 390 78.472972
40 529 364 157.059701
41 411 300 40.797424
42 615 441 44.918851
43 423 319 115.577741
44 472 335 79.672713
45 520 373 156.02954
46 368 276 34.183469
47 491 348 46.417388
48 426 303 48.492765
49 645 441 36.56306
50 628 443 49.419311
51 695 499 145.564056
52 521 378 72.941119
53 478 361 85.870675
54 489 368 12.982544
55 456 336 10.072545
56 483 343 130.466707
57 516 375 559.040082
58 442 354 78.75082
59 347 251 144.854491
60 599 430 24.59188
61 432 324 24.35699
62 659 461 106.213913
63 543 378 144.809282
64 538 396 39.628803
65 466 361 14.182852
66 465 341 105.623516
67 450 328 149.269406
68 401 295 120.889118
69 494 354 19.219619
70 499 375 82.329451
71 545 377 26.746207
72 602 432 10.86244
73 563 403 134.352329
74 491 360 57.965305
75 547 394 94.702821
76 508 367 321.542934
77 475 355 51.355303
78 396 303 138.127883
79 447 317 73.232833
80 461 317 100.344555
81 427 318 101.317645
82 573 424 28.624094
83 517 388 39.305101
84 535 382 133.19139
85 546 397 91.611575
86 551 378 118.860254
87 420 294 468.731948
88 303 231 30.811956
89 429 329 99.414612
90 565 393 173.37283
91 391 291 57.462091
92 345 267 24.423744
93 418 304 385.818545
94 536 373 99.55606
95 383 297 24.039755
96 383 294 9.926332
97 614 398 118.880845
98 529 371 142.882941
99 492 349 5.259262
100 559 424 90.313929
101 430 318 26.239879
102 494 359 81.308423
103 392 303 30.430584
104 650 448 19.718999
105 371 286 42.673647
106 471 343 69.552107
107 478 355 134.341836
108 375 300 34.657777
109 490 374 37.955103
110 396 295 81.099754
111 523 382 40.913823
112 288 219 17.815447
113 427 326 6.100134
114 387 282 59.754157
115 616 440 216.415186
116 469 329 119.019912
117 536 383 98.943646
118 651 474 23.444204
119 365 273 39.863933
120 541 391 109.840022
121 367 274 108.429992
122 556 400 72.589282
123 419 322 26.243956
124 463 327 12.063061
125 580 417 67.719981
126 427 315 23.195654
127 391 301 62.037998
128 424 310 90.804843
129 463 329 125.312293
130 333 261 31.302004
131 540 376 81.527091
132 407 299 60.058844
133 472 340 42.457556
134 614 444 7.470371
135 495 369 11.016453
136 530 369 73.047895
137 653 459 3.739156
138 498 374 47.902861
139 548 396 109.333136
140 377 260 57.83365
141 469 337 22.176442
142 532 373 69.357483
143 338 258 69.826213
144 505 349 232.005036
145 516 378 17.701763
146 497 365 13.499478
147 498 383 27.587177
148 448 320 94.882192
149 480 347 31.778402
150 440 335 24.766166
151 434 301 141.139137
152 443 325 13.142324
153 448 347 101.851685
154 452 318 33.804625
155 530 372 60.854291
156 498 345 369.834211
157 618 454 94.430481
158 602 423 43.308756
159 407 290 12.039954
160 583 411 80.09992
161 520 392 100.845059
162 539 398 8.267835
163 512 370 8.410737
164 462 327 207.902372
165 514 375 175.379581
166 419 306 31.685896
167 591 414 306.794294
168 376 264 7.640403
169 581 425 7.429234
170 403 293 46.088379
171 537 396 49.569439
172 461 335 82.83665
173 502 364 95.419901
174 333 267 31.663728
175 377 278 23.116105
176 566 407 79.05375
177 467 337 135.017797
178 478 336 88.608844
179 487 346 47.527666
180 450 314 206.013501
181 494 364 42.116437
182 313 246 14.622287
183 552 393 5.488968
184 502 350 48.763287
185 470 347 8.716957
186 527 390 242.295715
187 518 382 20.997304
188 480 357 37.729051
189 479 331 105.052931
190 471 348 112.230139
191 561 383 357.391956
192 448 335 52.175383
193 284 215 61.949634
194 449 310 89.563424
195 502 359 54.3057
196 567 393 101.356763
197 410 296 38.253193
198 440 326 140.385828
199 494 354 102.103828
200 527 378 29.2465
201 495 348 127.773418
202 465 349 191.656422
203 529 401 42.625136
204 430 336 77.018621
205 416 315 33.803414
206 507 373 95.08088
207 419 304 394.105983
208 448 311 296.801852
209 536 381 121.462251
210 575 396 141.721686
211 622 448 69.237108
212 637 445 111.114955
213 439 332 126.091934
214 585 412 19.022404
215 523 389 22.388307
216 589 411 47.271004
217 569 404 52.69765
218 387 290 93.713565
219 552 398 216.901507
220 349 282 15.639001
221 489 340 108.279058
222 424 309 49.238818
223 552 384 31.059127
224 502 373 112.539016
225 452 340 8.321992
226 456 343 8.685583
227 636 451 100.566359
228 451 318 192.049933
229 579 416 45.361356
230 605 435 109.129894
231 447 324 150.482091
232 439 327 23.826474
233 551 389 11.96722
234 499 360 98.398196
235 497 356 93.793056
236 593 425 85.161102
237 513 383 41.333131
238 411 315 34.935799
239 544 388 131.897712
240 475 361 41.947083
241 396 307 12.225865
242 551 375 390.169653
243 519 384 79.150976
244 462 329 45.054083
245 441 324 102.077257
246 425 312 71.584383
247 517 388 98.707149
248 498 370 44.702712
249 447 339 79.535844
250 480 354 81.626101
251 410 300 72.904777
252 398 294 69.004266
253 394 284 46.685758
254 607 446 30.249455
255 492 364 70.631887
256 401 313 44.416953
257 710 483 80.924117
258 393 309 28.529475
259 618 433 40.743149
260 596 414 46.759458
261 603 429 173.809617
262 647 452 26.818171
263 459 334 98.466399
264 500 372 46.084864
265 594 428 60.214772
266 407 306 13.460432
267 410 279 57.297159
268 519 384 104.496036
269 491 382 31.179023
270 385 292 59.013399
271 491 341 1215.887351
272 628 426 163.906914
273 416 299 24.372734
274 357 268 14.757911
275 543 381 36.985471
276 432 328 60.298944
277 480 331 85.851774
278 518 362 54.380496
279 379 279 81.92767
280 500 372 80.675142
281 547 380 14.415457
282 561 396 83.977069
283 578 395 91.752863
284 494 342 15.748124
285 486 353 372.763225
286 471 340 137.410843
287 560 394 104.060645
288 444 327 9.144547
289 491 348 51.374037
290 357 261 51.956469
291 435 320 34.427308
292 402 300 50.629497
293 748 510 56.079007
294 565 397 92.093333
295 519 377 130.909651
296 549 396 37.343267
297 629 439 48.095982
298 557 404 43.950392
299 397 277 165.22565
300 325 260 22.500931
301 487 328 72.26176
302 432 303 105.903127
303 415 313 75.260641
304 578 407 101.775061
305 544 396 23.077011
306 459 329 12.988327
307 431 336 29.205925
308 445 332 108.346556
309 467 327 55.043766
310 493 354 151.86721
311 430 321 6.373839
312 512 384 3.714751
313 455 335 72.215694
314 462 322 266.111571
315 563 388 94.363094
316 476 354 16.868868
317 647 462 663.350221
318 405 298 158.380151
319 441 323 75.100854
320 589 416 60.083711
321 501 355 385.333084
322 575 406 476.676489
323 398 301 66.906194
324 557 406 154.48973
325 454 336 23.70602
326 519 389 23.67894
327 566 404 40.407765
328 512 383 22.854861
329 525 374 60.53115
330 344 261 34.881752
331 505 358 94.662236
332 406 305 38.314307
333 449 328 31.965832
334 465 353 102.299628
335 557 365 46.890967
336 581 410 59.429235
337 387 304 8.819879
338 583 417 53.289488
339 596 398 39.841459
340 497 376 13.806893
341 466 354 38.674494
342 649 448 44.455079
343 573 394 87.555207
344 400 283 30.286847
345 365 257 51.920569
346 403 283 56.428704
347 586 420 289.851243
348 483 351 29.587358
349 417 302 74.175637
350 590 409 1357.739202
351 492 352 103.440364
352 467 354 44.949829
353 590 408 60.472633
354 441 341 142.275975
355 505 357 248.607603
356 589 448 11.010148
357 360 262 167.836646
358 388 290 156.936492
359 409 310 96.805893
360 564 395 141.096415
361 521 353 118.410267
362 438 334 100.421256
363 439 313 62.630593
364 519 362 100.903731
365 527 366 88.05549
366 663 438 67.76478
367 528 361 121.933401
368 546 381 54.900397
369 621 424 152.573753
370 566 390 375.082705
371 626 455 64.091202
372 444 312 583.180543
373 525 393 39.316153
374 407 278 75.232152
375 580 420 6.852313
376 556 404 93.466251
377 494 356 47.850287
378 586 390 212.812578
379 593 426 47.59473
380 517 375 101.889029
381 535 386 19.301095
382 524 376 33.09231
383 400 295 29.732365
384 451 345 67.362865
385 415 312 72.088168
386 612 428 88.914172
387 430 314 5.446271
388 645 463 182.435551
389 415 308 57.911414
390 504 350 58.377889
391 455 334 72.979732
392 495 357 90.59401
393 509 368 91.174883
394 601 438 30.366783
395 513 361 528.572212
396 417 325 61.593022
397 488 359 25.098655
398 425 311 25.701612
399 447 339 79.864377
400 518 374 77.797329
401 627 442 40.671026
402 604 413 71.322102
403 431 330 32.159419
404 448 325 98.103898
405 396 287 61.751909
406 520 367 109.982173
407 470 349 30.30537
408 444 323 83.385463
409 544 387 56.864849
410 541 382 40.293059
411 535 377 95.943415
412 529 349 115.20891
413 583 407 172.872847
414 348 275 47.662749
415 606 428 123.444187
416 506 366 36.322674
417 360 281 46.77215
418 525 379 25.287707
419 429 326 68.962826
420 393 299 27.3593737
421 494 364 77.7317558
422 510 355 94.6918084
423 467 345 36.4657885
424 549 362 225.1300676
425 508 356 42.5607508
426 527 381 89.1631677
427 496 371 122.9536599
428 488 365 32.13568
429 332 247 30.4155831
430 527 376 149.4890098
431 481 363 15.9283867
432 486 346 175.3111248
433 436 347 24.5620849
434 612 412 75.3719686
435 504 372 73.9279666
436 579 384 28.8593227
437 477 357 36.8028423
438 418 306 60.7004555
439 350 283 22.6013385
440 556 408 70.7075596
441 353 273 70.9810084
442 402 308 20.8140684
443 531 394 80.3906852
444 462 319 12.6297172
445 685 450 51.101218
446 602 434 96.2366744
447 384 295 53.9734223
448 353 264 41.5754981
449 462 328 35.4088249
450 532 396 61.5798009
451 437 323 29.41215
452 489 353 68.5612777
453 511 364 14.5825773
454 341 261 27.0647185
455 609 412 82.3338056
456 437 299 56.9290176
457 578 405 132.3284651
458 542 393 37.6385912
459 522 362 175.9300829
460 444 349 9.628442
461 528 399 15.4048086
462 478 348 29.343344
463 565 392 247.7145009
464 401 302 58.5431667
465 631 439 25.9623182
466 560 420 58.0963879
467 531 378 22.229713
468 475 342 24.7924193
469 480 358 47.7072951
470 567 385 78.9505839
471 506 345 30.8615224
472 456 351 43.9101429
473 457 340 11.0970304
474 526 374 79.1990181
475 390 294 28.450539
476 499 353 57.0824484
477 446 329 11.4902783
478 626 436 42.9170156
479 495 353 71.2617296
480 605 406 13.0461472
481 498 358 8.4892873
482 528 380 68.6848653
483 498 346 39.0376545
484 532 403 83.9296453
485 558 402 214.1210233
486 503 338 109.2726456
487 463 331 74.7207613
488 570 392 68.4114458
489 550 396 30.5987372
490 580 400 20.0580852
491 522 391 30.6830525
492 449 336 38.8964792
493 376 290 21.5640299
494 492 368 17.9527848
495 357 260 9.7643361
496 530 365 290.6953298
497 541 373 118.8458207
498 381 297 5.4430396
499 483 355 60.4728477
500 478 337 56.4795822
501 492 355 97.3513788
502 559 414 23.0626191
503 636 428 90.7013388
504 485 358 32.697969
505 553 397 12.1713189
506 441 330 18.8478383
507 484 346 67.982139
508 484 350 17.4253985
509 487 361 69.579236
510 506 376 30.1851258
511 624 431 79.2766162
512 563 401 6.1900432
513 433 316 32.3492797
514 551 389 11.9582611
515 728 498 13.0040203
516 566 425 20.5413779
517 497 351 62.5330754
518 443 322 34.4587052
519 533 363 71.3588443
520 625 450 149.718006
521 461 331 7.6553199
522 302 214 409.3324717
523 515 361 25.677888
524 305 239 5.9867075
525 370 290 10.8467218
526 437 316 23.7063621
527 565 414 64.7983448
528 509 349 59.563316
529 369 267 13.9912309
530 520 372 42.2973209
531 497 362 8.6234112
532 460 354 21.2772227
533 481 357 9.7047791
534 472 344 12.9704169
535 452 332 92.0808259
536 394 302 12.9017275
537 649 456 53.72135
538 417 321 21.3347953
539 300 231 35.2129375
540 556 397 51.5998611
541 510 377 47.7848554
542 541 387 29.8932348
543 562 404 32.7356785
544 427 336 26.8744595
545 573 397 16.1898858
546 464 324 38.620734
547 553 403 10.7099858
548 404 283 86.6650475
549 393 307 8.3983562
550 500 381 28.4881214
551 602 423 44.8786396
552 488 354 30.6322921
553 376 279 17.7727963
554 462 348 7.1882527
555 466 335 29.9074183
556 501 377 33.4652356
557 389 287 17.3481324
558 540 400 41.0891942
559 519 369 49.3973514
560 649 428 339.3967043
561 513 365 217.4076986
562 541 403 53.7760441
563 569 406 47.1720097
564 489 350 30.4844686
565 443 323 35.7068949
566 614 423 45.153004
567 606 432 62.5671499
568 550 401 540.7393442
569 484 357 25.9077111
570 599 415 13.8177166
571 593 419 14.8853311
572 533 377 30.5775499
573 493 350 13.6524366
574 438 327 5.5907158
575 581 418 49.5555602
576 463 355 24.2346385
577 465 329 30.8713996
578 493 345 13.6550422
579 456 361 20.8082862
580 549 399 18.0234983
581 525 375 22.3011523
582 563 378 34.4785723
583 595 409 75.9147297
584 424 314 17.066152
585 578 407 59.2312003
586 504 362 112.5971976
587 451 336 43.5100368
588 513 374 12.1488224
589 542 387 32.9372102
590 550 398 30.0601625
591 500 377 42.8968216
592 483 334 62.2445863
593 491 345 46.2077064
594 556 389 58.3489655
595 545 377 61.8975131
596 391 304 30.4898286
597 592 425 47.1066797
598 537 423 39.0549607
599 471 334 137.8219047
600 442 314 77.7381421
601 380 287 43.4760727
602 520 362 43.1783182
603 339 278 8.2925647
604 478 345 74.8619045
605 532 374 44.9113109
606 453 333 6.8833495
607 654 452 14.9746861
608 558 403 17.8353711
609 484 351 20.5938871
610 605 434 32.6879373
611 579 413 37.1490723
612 518 361 59.4200353
613 500 370 16.024074
614 669 481 8.6663956
615 551 382 11.3335844
616 374 294 14.4976854
617 467 326 12.2826837
618 434 320 52.0836951
619 533 384 10.3428839
620 437 327 38.0789362
621 492 359 82.0056433
622 628 440 239.8179014
623 544 389 27.273235
624 478 349 8.0486439
625 487 342 33.1157211
626 487 354 12.0781253
627 571 395 55.2906379
628 476 366 19.4081916
629 686 481 14.5001035
630 508 366 5.4034625
631 591 410 11.296073
632 477 316 122.5096403
633 458 340 17.1520805
634 689 467 18.7600351
635 450 307 118.6427069
636 525 382 61.7850484
637 349 286 6.4006421
638 488 356 103.6767907
639 445 333 36.2971329
640 479 339 13.6695293
641 536 379 34.9688572
642 553 398 11.8693322
643 421 319 40.2007514
644 485 356 31.3538277
645 582 390 38.84897
646 444 325 44.6001521
647 520 364 46.9094931
648 351 263 15.0221359
649 507 374 12.1214817
650 402 304 69.7822468
651 527 394 7.7048561
652 469 347 16.6657209
653 581 413 13.4708772
654 622 437 20.7591836
655 678 451 66.6644295
656 455 317 63.2674543
657 477 359 30.3500391
658 542 384 31.5149502
659 506 371 15.0167854
660 431 322 46.9840739
661 672 477 47.8050999
662 533 390 31.4415108
663 505 378 20.1899618
664 430 331 15.816011
665 518 368 84.7265135
666 421 308 29.7223134
667 400 301 10.6704404
668 546 394 29.6495048
669 388 310 26.6388795
670 514 380 41.7642573
671 587 422 54.7793406
672 495 362 39.7089487
673 462 334 41.7697034
674 527 398 35.6621197
675 571 406 7.6848612
676 483 344 60.6316486
677 519 369 26.402272
678 526 382 50.2723762
679 576 396 34.0680457
680 593 427 14.1078986
681 595 415 88.4996756
682 302 225 32.5585497
683 495 342 22.8406115
684 495 350 41.4476594
685 474 334 27.8505355
686 639 436 181.918506
687 566 393 130.9270807
688 525 382 23.522925
689 537 369 32.6401162
690 555 388 51.2254796
691 604 408 36.6131963
692 414 306 8.6250595
693 630 419 59.841271
694 435 307 27.0548639
695 482 374 31.3159938
696 517 377 30.6887711
697 544 386 13.7308102
698 388 293 7.4989967
699 602 431 9.5175705
700 464 345 45.068768
701 484 354 3.5296512
702 442 310 65.2593838
703 630 453 12.9000365
704 563 382 9.8916999
705 517 385 7.2433196
706 486 341 46.9319069
707 354 279 12.0965904
708 637 450 10.7198376
709 497 356 12.0542311
710 371 277 48.6775236
711 626 439 36.9774618
712 490 366 12.7621757
713 556 384 21.393755
714 526 368 326.0721481
715 550 399 23.8886946
716 418 316 7.9563544
717 412 297 18.6031983
718 544 380 85.8176703
719 509 358 12.6930466
720 524 383 19.488061
721 421 307 40.1577524
722 505 372 114.3611996
723 471 357 13.9937963
724 381 287 36.6211642
725 669 478 10.0483706
726 558 387 33.4637206
727 454 340 24.6311066
728 505 376 11.5747308
729 708 473 39.8215718
730 546 375 70.2235249
731 404 285 20.6837012
732 507 360 29.4809088
733 572 416 7.6098136
734 532 379 5.3579548
735 491 367 4.9484518
736 569 418 10.305218
737 428 318 23.5352963
738 602 430 126.9989279
739 534 394 8.3603532
740 498 388 24.440145
741 628 452 104.2029199
742 413 317 9.1195917
743 430 314 95.081797
744 471 341 39.4954879
745 421 314 11.0183397
746 395 294 53.5151697
747 546 396 63.4496228
748 527 392 47.2460105
749 478 356 17.4112812
750 409 319 73.1105054
751 539 389 98.0961345
752 448 320 61.0545541
753 436 328 70.9933403
754 530 372 241.7381708
755 581 420 20.7352975
756 716 494 62.0053727
757 440 314 58.3455016
758 644 460 183.5274615
759 463 346 12.4257194
760 619 441 43.291462
761 549 388 20.3041635
762 396 297 21.9596814
763 602 413 57.1610536
764 513 377 12.3297029
765 548 393 50.8709056
766 580 413 5.0422704
767 469 362 16.5819437
768 579 423 39.6637166
769 553 396 12.1281929
770 358 272 34.4688906
771 552 392 41.7949877
772 441 335 35.6734746
773 500 337 193.7199968
774 547 391 6.4111284
775 494 356 13.0862261
776 561 395 118.6474533
777 609 434 79.2469447
778 349 277 9.0221964
779 614 419 22.5242191
780 567 412 20.8287182
781 458 325 74.7112439
782 450 334 63.2393693
783 484 329 52.3890515
784 536 411 18.0958489
785 542 380 23.0747876
786 466 345 27.6757169
787 619 431 144.2694067
788 473 350 42.1078429
789 434 306 6.4986698
790 459 352 36.1201087
791 553 366 76.1250346
792 650 428 51.2459153
793 432 321 8.5174225
794 518 369 34.1409644
795 521 368 16.1687238
796 421 307 42.5235272
797 483 353 67.9397703
798 729 509 41.4753102
799 412 293 91.4500336
800 419 321 11.1013403
801 474 355 14.4457087
802 587 432 33.2988171
803 452 320 73.808672
804 542 371 346.1693231
805 490 350 38.7640994
806 470 349 20.7273006
807 633 453 2.1617862
808 460 326 95.0569279
809 467 369 38.0699872
810 447 334 6.2895297
811 378 289 15.7005844
812 654 434 429.1680051
813 451 327 23.1033805
814 436 312 107.1655367
815 545 389 9.2481162
816 402 289 48.2488795
817 636 431 46.1670182
818 408 290 23.7030664
819 543 376 16.3782686
820 383 299 9.2441822
821 385 301 7.6255583
822 416 294 97.7033079
823 348 258 28.4367711
824 532 373 452.7550248
825 533 372 53.5776163
826 471 350 124.4954687
827 615 426 16.2592457
828 396 297 38.5648736
829 669 489 46.1108678
830 615 450 25.4505713
831 451 320 54.2970907
832 465 351 7.3208056
833 503 356 6.9660631
834 548 365 30.518732
835 423 320 32.7084321
