1 3 3 0.130226
2 3 3 0.106158
3 3 3 0.083971
4 3 3 0.027537
5 3 3 0.028274
6 2 2 0.024866
7 2 2 0.015779
8 3 3 0.014528
9 2 2 0.017171
10 2 2 0.009033
11 2 2 0.008942
12 2 2 0.008864
13 3 3 0.010831
14 2 2 0.013366
15 2 2 0.008755
16 3 3 0.009366
17 2 2 0.008887
18 2 2 0.008688
19 2 2 0.0087
20 3 3 0.015671
21 2 2 0.008688
22 2 2 0.008622
23 2 2 0.008194
24 3 3 0.01606
25 2 2 0.014081
26 3 3 0.017297
27 3 3 0.01188
28 2 2 0.008586
29 2 2 0.008489
30 2 2 0.008594
31 2 2 0.008476
32 2 2 0.008656
33 2 2 0.008726
34 3 3 0.009548
35 2 2 0.018072
36 2 2 0.00976
37 3 3 0.014191
38 3 3 0.016068
39 2 2 0.009747
40 2 2 0.00843
41 3 3 0.008511
42 3 3 0.011225
43 3 3 0.008634
44 3 3 0.02126
45 2 2 0.04081
46 2 2 0.034399
47 2 2 0.02383
48 4 3 0.044569
49 3 3 0.026226
50 2 2 0.009067
51 2 2 0.011517
52 3 3 0.009368
53 2 2 0.023434
54 2 2 0.022227
55 2 2 0.008419
56 2 2 0.008671
57 2 2 0.008404
58 3 3 0.008788
59 2 2 0.008959
60 2 2 0.008603
61 3 3 0.011017
62 2 2 0.009145
63 2 2 0.008718
64 2 2 0.009059
65 3 3 0.008482
66 3 3 0.010286
67 2 2 0.00838
68 3 3 0.008431
69 3 3 0.009812
70 2 2 0.026305
71 2 2 0.012765
72 3 3 0.023125
73 2 2 0.008942
74 2 2 0.008703
75 2 2 0.008732
76 2 2 0.014436
77 2 2 0.009219
78 2 2 0.008977
79 2 2 0.037594
80 4 4 0.00944
81 2 2 0.008968
82 2 2 0.008692
83 2 2 0.008516
84 4 4 0.017615
85 3 3 0.009941
86 2 2 0.026569
87 2 2 0.01005
88 2 2 0.012171
89 3 3 0.008997
90 2 2 0.008904
91 3 3 0.00841
92 2 2 0.008555
93 2 2 0.008643
94 4 3 0.009256
95 3 3 0.010728
96 3 3 0.013497
97 2 2 0.008865
98 3 3 0.009569
99 2 2 0.009228
100 2 2 0.00886
101 2 2 0.008904
102 2 2 0.008874
103 3 3 0.008906
104 2 2 0.027885
105 3 3 0.02178
106 2 2 0.009234
107 4 3 0.009622
108 2 2 0.008589
109 2 2 0.019714
110 3 3 0.00943
111 2 2 0.008422
112 2 2 0.008272
113 2 2 0.008383
114 2 2 0.008396
115 3 3 0.008195
116 3 3 0.009039
117 2 2 0.008215
118 2 2 0.015296
119 2 2 0.040604
120 2 2 0.00854
121 2 2 0.009384
122 3 3 0.010136
123 2 2 0.023554
124 2 2 0.009301
125 3 3 0.010118
126 2 2 0.055442
127 2 2 0.026302
128 3 3 0.008762
129 3 3 0.027057
130 3 3 0.017875
131 2 2 0.025155
132 2 2 0.008937
133 3 3 0.008665
134 3 3 0.027305
135 2 2 0.024715
136 2 2 0.051087
137 2 2 0.008498
138 4 4 0.010279
139 2 2 0.008428
140 3 3 0.008314
141 2 2 0.008599
142 2 2 0.008699
143 3 3 0.010928
144 4 3 0.009628
145 3 3 0.010819
146 4 4 0.01025
147 2 2 0.008661
148 3 3 0.010915
149 2 2 0.008424
150 3 3 0.008279
151 3 3 0.010315
152 2 2 0.008252
153 2 2 0.008741
154 3 3 0.008657
155 2 2 0.008573
156 3 3 0.0161
157 2 2 0.008543
158 3 3 0.009295
159 2 2 0.008593
160 2 2 0.008383
161 2 2 0.008358
162 3 3 0.008707
163 3 3 0.025742
164 2 2 0.025651
165 2 2 0.02528
166 2 2 0.025535
167 3 3 0.024978
168 2 2 0.009677
169 2 2 0.010087
170 2 2 0.008731
171 2 2 0.0087
172 2 2 0.025788
173 3 3 0.028401
174 2 2 0.026104
175 2 2 0.020508
176 2 2 0.026219
177 2 2 0.009806
178 3 3 0.009968
179 3 3 0.012061
180 3 3 0.011374
181 3 3 0.046428
182 2 2 0.033323
183 2 2 0.024989
184 3 3 0.027404
185 2 2 0.009785
186 2 2 0.026692
187 2 2 0.025046
188 3 3 0.008452
189 2 2 0.009845
190 2 2 0.025908
191 2 2 0.025612
192 2 2 0.009321
193 2 2 0.009801
194 2 2 0.025323
195 3 3 0.026681
196 2 2 0.009542
197 2 2 0.025884
198 3 3 0.025702
199 3 3 0.027709
200 3 3 0.010406
201 2 2 0.008901
202 2 2 0.008138
203 2 2 0.008427
204 3 3 0.008294
205 3 3 0.009057
206 4 4 0.009399
207 2 2 0.00833
208 3 3 0.009373
209 2 2 0.008182
210 2 2 0.008261
211 3 3 0.00815
212 2 2 0.008222
213 3 3 0.008174
214 3 3 0.0082
215 2 2 0.008214
216 3 3 0.008273
217 3 3 0.025916
218 4 4 0.009152
219 3 3 0.024572
220 4 3 0.010434
221 2 2 0.008494
222 3 3 0.010379
223 3 3 0.010348
224 2 2 0.009339
225 2 2 0.009166
226 2 2 0.009068
227 3 3 0.008929
228 2 2 0.008331
229 2 2 0.008009
230 3 3 0.008077
231 3 3 0.008977
232 3 3 0.008288
233 3 3 0.008016
234 2 2 0.008193
235 3 3 0.008022
236 3 3 0.008341
237 2 2 0.008117
238 3 3 0.009365
239 2 2 0.008409
240 2 2 0.008239
241 3 3 0.009299
242 2 2 0.008641
243 3 3 0.008041
244 2 2 0.008412
245 2 2 0.008093
246 3 3 0.007988
247 2 2 0.008124
248 3 3 0.008965
249 4 3 0.008713
250 3 3 0.008036
251 3 3 0.009224
252 2 2 0.00815
253 3 3 0.008185
254 2 2 0.008193
255 2 2 0.008209
256 2 2 0.008231
257 2 2 0.008402
258 2 2 0.008338
259 2 2 0.008389
260 3 3 0.008969
261 2 2 0.024804
262 2 2 0.008452
263 3 3 0.009145
264 3 3 0.008482
265 2 2 0.008185
266 3 3 0.008242
267 2 2 0.00843
268 3 3 0.00956
269 2 2 0.008115
270 2 2 0.008075
271 2 2 0.008268
272 2 2 0.008162
273 3 3 0.007989
274 2 2 0.008452
275 3 3 0.008055
276 2 2 0.008216
277 2 2 0.008121
278 2 2 0.010107
279 2 2 0.008357
280 3 3 0.00819
281 3 3 0.00893
282 3 3 0.026073
283 3 3 0.00845
284 2 2 0.008906
285 4 3 0.009613
286 3 3 0.009494
287 2 2 0.00838
288 2 2 0.008477
289 2 2 0.00838
290 2 2 0.008288
291 2 2 0.008276
292 2 2 0.008398
293 3 3 0.008254
294 2 2 0.008879
295 3 3 0.009189
296 2 2 0.008205
297 3 3 0.021459
298 2 2 0.023708
299 3 3 0.008865
300 4 4 0.026526
301 2 2 0.024982
302 3 3 0.009043
303 2 2 0.008587
304 2 2 0.025186
305 2 2 0.00881
306 2 2 0.008792
307 3 3 0.026097
308 2 2 0.021689
309 3 3 0.008482
310 4 3 0.02187
311 3 3 0.008425
312 2 2 0.008472
313 2 2 0.029217
314 2 2 0.02602
315 3 3 0.009426
316 3 3 0.025922
317 2 2 0.008427
318 3 3 0.026289
319 3 3 0.009308
320 2 2 0.008496
321 2 2 0.025478
322 3 3 0.009591
323 3 3 0.02989
324 2 2 0.024845
325 3 3 0.008662
326 3 3 0.033358
327 3 3 0.033214
328 3 3 0.026916
329 2 2 0.008825
330 2 2 0.008957
331 2 2 0.025266
332 4 3 0.026029
333 3 3 0.020947
334 2 2 0.032985
335 4 4 0.033604
336 3 3 0.034088
337 3 3 0.034016
338 2 2 0.020716
339 3 3 0.010089
340 2 2 0.030349
341 2 2 0.033949
342 3 3 0.034962
343 3 3 0.03489
344 2 2 0.010235
345 3 3 0.033053
346 3 3 0.036443
347 2 2 0.029881
348 2 2 0.008844
349 2 2 0.018737
350 2 2 0.024912
351 2 2 0.008858
352 2 2 0.008613
353 2 2 0.025116
354 3 3 0.022472
355 2 2 0.025574
356 2 2 0.025096
357 2 2 0.008824
358 4 3 0.025959
359 2 2 0.00897
360 2 2 0.025418
361 2 2 0.036748
362 3 3 0.024746
363 2 2 0.008642
364 3 3 0.032616
365 2 2 0.024777
366 2 2 0.03338
367 2 2 0.02134
368 2 2 0.04648
369 3 3 0.009469
370 3 3 0.025806
371 2 2 0.022296
372 2 2 0.025296
373 2 2 0.033379
374 3 3 0.033229
375 2 2 0.01807
376 2 2 0.044505
377 2 2 0.008904
378 4 4 0.033863
379 4 4 0.009388
380 2 2 0.018076
381 3 3 0.008679
382 2 2 0.033017
383 3 3 0.034347
384 3 3 0.034255
385 3 3 0.008568
386 2 2 0.037091
387 2 2 0.044481
388 3 3 0.008464
389 3 3 0.026967
390 2 2 0.033276
391 3 3 0.037105
392 3 3 0.033835
393 2 2 0.045152
394 2 2 0.008374
395 2 2 0.017386
396 3 3 0.008433
397 3 3 0.009297
398 2 2 0.036389
399 2 2 0.032718
400 2 2 0.020899
401 2 2 0.033037
402 3 3 0.029911
403 2 2 0.033002
404 2 2 0.032965
405 2 2 0.040789
406 3 3 0.032791
407 2 2 0.032596
408 3 3 0.062362
409 2 2 0.036861
410 3 3 0.032894
411 3 3 0.012826
412 4 4 0.033819
413 4 3 0.008844
414 3 3 0.007947
415 2 2 0.028412
416 2 2 0.032932
417 2 2 0.008199
418 2 2 0.008903
419 3 3 0.033863
420 2 2 0.008629
421 2 2 0.2382367
422 3 3 0.1843213
423 3 3 0.0704481
424 2 2 0.0549207
425 2 2 0.0472227
426 2 2 0.0153657
427 2 2 0.0126808
428 2 2 0.016933
429 2 2 0.0217154
430 2 2 0.0125529
431 3 3 0.0324107
432 2 2 0.0171891
433 2 2 0.0127339
434 3 3 0.0230407
435 2 2 0.0164819
436 2 2 0.0358284
437 2 2 0.0200544
438 2 2 0.0236516
439 2 2 0.0142191
440 2 2 0.0161724
441 3 3 0.0261275
442 4 3 0.0936021
443 3 3 0.0189269
444 2 2 0.0224891
445 3 3 0.0137377
446 2 2 0.0136525
447 2 2 0.0390175
448 2 2 0.0307268
449 2 2 0.0133483
450 2 2 0.0137618
451 2 2 0.0131264
452 2 2 0.0946688
453 2 2 0.0482235
454 2 2 0.0155716
455 3 3 0.0122117
456 3 3 0.0285734
457 2 2 0.0134549
458 2 2 0.0630062
459 2 2 0.0621624
460 2 2 0.0593895
461 2 2 0.0126464
462 2 2 0.0135626
463 2 2 0.0138144
464 2 2 0.0140256
465 3 3 0.0489625
466 2 2 0.07203
467 2 2 0.013234
468 3 3 0.0137654
469 3 3 0.0414089
470 3 3 0.0267104
471 2 2 0.0630858
472 2 2 0.0127523
473 2 2 0.0131484
474 4 4 0.0313555
475 2 2 0.061431
476 2 2 0.0153838
477 2 2 0.019459
478 3 3 0.020699
479 3 3 0.0468228
480 2 2 0.0328621
481 2 2 0.0136383
482 2 2 0.0131759
483 2 2 0.0305764
484 3 3 0.0450268
485 2 2 0.0407017
486 2 2 0.0159693
487 2 2 0.0127992
488 3 3 0.0214004
489 2 2 0.032152
490 2 2 0.0129745
491 3 3 0.0122114
492 2 2 0.0132977
493 3 3 0.011641
494 2 2 0.0730139
495 2 2 0.0727707
496 2 2 0.0134202
497 2 2 0.0192514
498 2 2 0.0147685
499 2 2 0.0137883
500 3 3 0.0553503
501 3 3 0.0426304
502 2 2 0.0192329
503 2 2 0.050587
504 2 2 0.0172465
505 3 3 0.0129099
506 2 2 0.0127712
507 3 3 0.0132551
508 2 2 0.0446846
509 3 3 0.0249438
510 3 3 0.0157203
511 3 3 0.0172615
512 3 3 0.0743234
513 2 2 0.1074132
514 3 3 0.0190324
515 3 3 0.0134812
516 2 2 0.0861151
517 3 3 0.0812689
518 3 3 0.0343513
519 2 2 0.0135993
520 2 2 0.026455
521 3 3 0.0122805
522 3 3 0.0871752
523 3 3 0.0760535
524 2 2 0.0132757
525 3 3 0.0126159
526 2 2 0.0175308
527 2 2 0.0956123
528 2 2 0.0828632
529 3 3 0.0121548
530 2 2 0.0132028
531 2 2 0.0125648
532 3 3 0.0129393
533 2 2 0.0824713
534 2 2 0.0971569
535 2 2 0.031566
536 2 2 0.0956005
537 2 2 0.0892584
538 2 2 0.0208129
539 2 2 0.0139941
540 3 3 0.0125991
541 2 2 0.0886238
542 2 2 0.0852094
543 2 2 0.013629
544 2 2 0.0133737
545 2 2 0.0656047
546 2 2 0.0469612
547 4 4 0.0780028
548 3 3 0.0134939
549 2 2 0.0133766
550 2 2 0.0141138
551 2 2 0.0999794
552 2 2 0.073249
553 3 3 0.0133765
554 2 2 0.01288
555 3 3 0.0268948
556 3 3 0.0149404
557 3 3 0.0239915
558 2 2 0.012755
559 2 2 0.013565
560 3 3 0.0130643
561 2 2 0.0160407
562 4 4 0.0186144
563 2 2 0.0140078
564 2 2 0.0156087
565 2 2 0.0135422
566 2 2 0.0385656
567 2 2 0.0282839
568 2 2 0.0135728
569 2 2 0.0197654
570 3 3 0.0208043
571 2 2 0.0341192
572 2 2 0.0141683
573 2 2 0.0127475
574 3 3 0.0133246
575 3 3 0.0206909
576 2 2 0.0200255
577 2 2 0.0141945
578 2 2 0.0148224
579 3 3 0.0271638
580 2 2 0.0361092
581 3 3 0.0508284
582 4 4 0.0124816
583 2 2 0.012868
584 3 3 0.0157045
585 2 2 0.0821998
586 3 3 0.0530392
587 3 3 0.0128728
588 2 2 0.0137517
589 2 2 0.0130589
590 3 3 0.142187
591 2 2 0.1510411
592 3 3 0.012367
593 2 2 0.0126657
594 4 3 0.0116668
595 2 2 0.0126365
596 2 2 0.129161
597 2 2 0.1360876
598 2 2 0.1353874
599 3 3 0.0150594
600 2 2 0.0167804
601 4 3 0.011576
602 2 2 0.0126337
603 2 2 0.0149345
604 3 3 0.0132414
605 3 3 0.0130631
606 2 2 0.0135487
607 2 2 0.013723
608 3 3 0.0160318
609 2 2 0.0162244
610 2 2 0.0127946
611 2 2 0.0128393
612 3 3 0.0136433
613 2 2 0.0137271
614 3 3 0.0127694
615 4 4 0.0205737
616 3 3 0.0202385
617 3 3 0.0210515
618 2 2 0.014161
619 2 2 0.0130424
620 2 2 0.0132019
621 2 2 0.014403
622 2 2 0.0128388
623 2 2 0.018551
624 2 2 0.0135835
625 4 3 0.0133986
626 2 2 0.0136294
627 2 2 0.0125155
628 2 2 0.0140088
629 2 2 0.0129053
630 2 2 0.0127567
631 2 2 0.0133482
632 2 2 0.0129453
633 2 2 0.0135542
634 3 3 0.0129203
635 2 2 0.0150689
636 2 2 0.0122376
637 2 2 0.0141879
638 3 3 0.0133138
639 3 3 0.0121271
640 2 2 0.013217
641 2 2 0.0141355
642 2 2 0.0165436
643 4 3 0.0149915
644 3 3 0.0118439
645 3 3 0.0131647
646 2 2 0.0131701
647 2 2 0.0147995
648 3 3 0.0228279
649 3 3 0.0156946
650 2 2 0.0146226
651 2 2 0.0127212
652 2 2 0.0130425
653 2 2 0.0347822
654 2 2 0.0224895
655 2 2 0.0135128
656 4 3 0.0193164
657 3 3 0.0122807
658 3 3 0.0143589
659 4 4 0.0176519
660 2 2 0.0214053
661 2 2 0.0125836
662 3 3 0.0163572
663 3 3 0.0131376
664 2 2 0.0228995
665 2 2 0.0227233
666 2 2 0.0229103
667 3 3 0.012319
668 2 2 0.0150522
669 2 2 0.0127549
670 2 2 0.0128506
671 3 3 0.0857574
672 2 2 0.1229404
673 2 2 0.0207119
674 2 2 0.014362
675 2 2 0.0226579
676 3 3 0.111586
677 4 3 0.1193516
678 2 2 0.0966012
679 2 2 0.0134165
680 2 2 0.0140631
681 2 2 0.0131835
682 3 3 0.0772942
683 3 3 0.0787833
684 3 3 0.1034427
685 3 3 0.0127777
686 3 3 0.0177387
687 2 2 0.0120475
688 2 2 0.0911106
689 3 3 0.1178186
690 3 3 0.0124935
691 3 3 0.0127987
692 2 2 0.0131499
693 3 3 0.0800287
694 2 2 0.0865882
695 2 2 0.0137653
696 2 2 0.016847
697 2 2 0.0830664
698 2 2 0.0124554
699 2 2 0.0128083
700 2 2 0.0133417
701 3 3 0.0135468
702 2 2 0.0796668
703 2 2 0.0824995
704 2 2 0.0141596
705 3 3 0.0147582
706 3 3 0.012668
707 2 2 0.0862812
708 3 3 0.1097516
709 2 2 0.11677
710 2 2 0.0166996
711 2 2 0.0189233
712 2 2 0.0137071
713 2 2 0.0123407
714 3 3 0.0766852
715 2 2 0.0766452
716 2 2 0.0820209
717 3 3 0.0115674
718 2 2 0.0135367
719 3 3 0.0119269
720 3 3 0.0182261
721 2 2 0.0805132
722 2 2 0.0912866
723 2 2 0.0932369
724 4 4 0.0161891
725 3 3 0.012543
726 2 2 0.0120702
727 2 2 0.0137532
728 3 3 0.0789534
729 2 2 0.0797141
730 2 2 0.012423
731 2 2 0.0125231
732 3 3 0.0130066
733 2 2 0.0136
734 3 3 0.0847646
735 2 2 0.0814841
736 3 3 0.0771761
737 2 2 0.0125091
738 2 2 0.013167
739 3 3 0.0131923
740 3 3 0.0826838
741 2 2 0.0715243
742 3 3 0.0128357
743 3 3 0.0125517
744 3 3 0.0129434
745 2 2 0.0133431
746 2 2 0.0655598
747 2 2 0.0840762
748 2 2 0.013414
749 3 3 0.0125201
750 3 3 0.0127085
751 2 2 0.0130973
752 3 3 0.012438
753 3 3 0.0239419
754 3 3 0.0391494
755 2 2 0.013435
756 2 2 0.0130042
757 2 2 0.0117523
758 3 3 0.0113
759 3 3 0.0121356
760 2 2 0.0471273
761 3 3 0.0548757
762 3 3 0.0584186
763 3 3 0.0653638
764 3 3 0.0687372
765 2 2 0.0124303
766 2 2 0.0125144
767 2 2 0.0129757
768 2 2 0.0121813
769 2 2 0.0122893
770 2 2 0.0610276
771 2 2 0.0547941
772 2 2 0.0114817
773 3 3 0.0119833
774 3 3 0.0123854
775 2 2 0.0152425
776 2 2 0.0131113
777 2 2 0.0581013
778 2 2 0.1042949
779 3 3 0.0142611
780 2 2 0.0144623
781 4 4 0.0114668
782 2 2 0.0991394
783 2 2 0.099312
784 4 3 0.1244184
785 2 2 0.0126536
786 3 3 0.0120111
787 3 3 0.012368
788 2 2 0.0130092
789 3 3 0.1467278
790 2 2 0.1224568
791 2 2 0.0168297
792 4 4 0.0116127
793 2 2 0.0134678
794 2 2 0.1224743
795 3 3 0.1173067
796 3 3 0.1173438
797 2 2 0.0156743
798 2 2 0.0128867
799 2 2 0.0152752
800 2 2 0.0134406
801 3 3 0.0124787
802 2 2 0.0159809
803 2 2 0.0213147
804 2 2 0.0125892
805 3 3 0.015109
806 3 3 0.0132106
807 2 2 0.1260075
808 2 2 0.1230796
809 2 2 0.0138458
810 3 3 0.0133252
811 3 3 0.0132278
812 2 2 0.0131573
813 3 3 0.1105303
814 3 3 0.0130379
815 2 2 0.0123812
816 2 2 0.0128981
817 4 3 0.1519876
818 2 2 0.1111899
819 3 3 0.115805
820 3 3 0.0124115
821 2 2 0.0128424
822 3 3 0.0121434
823 2 2 0.1296879
824 4 4 0.1363527
825 2 2 0.103521
826 2 2 0.0151101
827 3 3 0.0124021
828 2 2 0.0132489
829 2 2 0.0125005
830 4 4 0.0123702
831 3 3 0.1157401
832 3 3 0.1220721
833 2 2 0.1133501
834 3 3 0.01336
835 2 2 0.0172032
836 3 3 0.0127716
837 2 2 0.0119737
838 2 2 0.1139508
839 3 3 0.1167322
840 2 2 0.130934
