1 31 31 0.432118
2 21 18 0.119596
3 34 32 0.076456
4 33 31 0.141738
5 37 34 0.138338
6 33 32 0.225691
7 36 34 0.09179
8 34 33 0.184197
9 11 11 0.149585
10 9 9 0.339701
11 25 22 0.265107
12 10 10 0.289891
13 35 35 0.166498
14 5 5 0.239215
15 35 34 0.357641
16 19 19 0.116653
17 11 11 0.182422
18 36 32 0.141981
19 24 24 0.056178
20 34 33 0.074678
21 9 9 0.187166
22 40 40 0.150072
23 31 31 0.056971
24 31 31 0.059543
25 42 42 0.076228
26 35 35 0.036843
27 10 10 0.106923
28 16 16 0.018871
29 18 18 0.048755
30 13 11 0.17304
31 41 37 0.131533
32 2 2 0.194204
33 21 21 0.081369
34 53 52 0.122838
35 40 40 0.148251
36 24 23 0.137713
37 20 19 0.089492
38 20 17 0.163544
39 50 47 0.030878
40 24 22 0.139875
41 33 31 0.102716
42 15 14 0.134047
43 39 37 0.200985
44 34 34 0.084801
45 29 29 0.04349
46 4 4 0.176583
47 16 16 0.11245
48 14 14 0.033001
49 32 32 0.098231
50 22 20 0.30758
51 46 42 0.161829
52 22 21 0.199233
53 23 22 0.096685
54 27 26 0.105382
55 20 20 0.061565
56 9 9 0.061554
57 28 27 0.12748
58 38 38 0.166292
59 39 37 0.128376
60 37 37 0.018373
61 33 33 0.102551
62 26 26 0.092855
63 18 18 0.016436
64 54 52 0.071559
65 25 25 0.177122
66 27 24 0.120176
67 44 39 0.124375
68 28 28 0.138155
69 22 22 0.141095
70 31 31 0.141027
71 11 11 0.137807
72 40 39 0.035189
73 42 42 0.110902
74 32 30 0.074836
75 20 19 0.110287
76 12 11 0.050798
77 28 28 0.014512
78 9 9 0.189017
79 52 49 0.023546
80 34 34 0.099273
81 32 31 0.109362
82 19 19 0.103871
83 20 18 0.12285
84 24 24 0.108549
85 16 16 0.124035
86 18 16 0.069559
87 49 49 0.055043
88 35 35 0.012818
89 24 24 0.105568
90 57 54 0.059709
91 22 20 0.070002
92 15 15 0.0109
93 30 30 0.070705
94 22 21 0.130881
95 31 31 0.097435
96 35 32 0.026427
97 10 10 0.093783
98 41 41 0.027957
99 24 24 0.112855
100 47 45 0.059972
101 56 53 0.025944
102 37 35 0.045863
103 41 39 0.0697
104 38 38 0.080713
105 18 18 0.088672
106 55 52 0.074068
107 9 9 0.118816
108 48 43 0.048226
109 33 31 0.0619
110 51 48 0.034187
111 11 11 0.115049
112 19 19 0.056086
113 31 27 0.067021
114 46 44 0.105099
115 44 41 0.064398
116 39 37 0.180385
117 31 28 0.209779
118 28 28 0.093059
119 30 28 0.03909
120 26 26 0.040097
121 20 19 0.140615
122 6 6 0.276571
123 27 24 0.085542
124 51 43 0.058352
125 28 27 0.080992
126 23 21 0.129137
127 5 5 0.084888
128 61 53 0.043966
129 29 29 0.015115
130 44 42 0.068399
131 17 16 0.11404
132 44 44 0.078582
133 34 34 0.033104
134 17 17 0.216776
135 45 45 0.021397
136 19 16 0.149422
137 51 51 0.053232
138 22 22 0.120585
139 44 39 0.06058
140 89 70 0.013799
141 21 18 0.102515
142 26 24 0.143608
143 25 23 0.105811
144 31 27 0.176392
145 21 21 0.167406
146 37 35 0.148479
147 43 40 0.105043
148 23 23 0.112208
149 2 2 0.151854
150 2 2 0.158239
151 24 24 0.118639
152 25 23 0.124657
153 23 21 0.083869
154 78 75 0.023896
155 24 22 0.12567
156 26 24 0.085343
157 43 43 0.067092
158 28 27 0.05391
159 40 40 0.050658
160 27 24 0.065017
161 28 25 0.171422
162 42 38 0.070492
163 29 28 0.146346
164 31 31 0.117024
165 11 11 0.300596
166 30 30 0.088081
167 19 19 0.136328
168 59 56 0.057252
169 14 14 0.136828
170 10 10 0.149932
171 18 17 0.212921
172 49 46 0.095404
173 52 51 0.102195
174 9 9 0.171
175 47 43 0.060871
176 26 24 0.156222
177 42 39 0.035693
178 21 18 0.211071
179 24 22 0.111818
180 47 45 0.022512
181 36 35 0.211985
182 24 23 0.308532
183 27 27 0.069176
184 21 21 0.105083
185 20 20 0.101368
186 35 32 0.093241
187 59 54 0.036284
188 32 31 0.07622
189 43 41 0.124323
190 50 45 0.049126
191 12 12 0.197908
192 22 18 0.144268
193 7 7 0.143323
194 24 22 0.139688
195 28 27 0.08908
196 25 25 0.045825
197 17 17 0.095732
198 42 42 0.011632
199 63 63 0.025214
200 41 41 0.020446
201 59 57 0.046915
202 37 33 0.03053
203 17 17 0.126653
204 4 4 0.113134
205 29 29 0.1128
206 5 5 0.12769
207 33 33 0.087133
208 41 39 0.109004
209 18 16 0.160021
210 26 24 0.242118
211 11 11 0.306641
212 22 21 0.085175
213 32 30 0.073034
214 2 2 0.18825
215 27 25 0.175583
216 7 7 0.283634
217 47 38 0.051205
218 18 18 0.072271
219 11 11 0.197295
220 40 34 0.021634
221 33 30 0.080643
222 34 31 0.064942
223 28 26 0.104563
224 23 23 0.040428
225 60 54 0.023869
226 49 46 0.080525
227 36 36 0.026786
228 33 33 0.057989
229 46 44 0.148484
230 37 35 0.089824
231 20 20 0.099782
232 12 12 0.146968
233 20 20 0.145494
234 24 22 0.098084
235 22 22 0.265946
236 71 63 0.062468
237 31 31 0.267551
238 16 16 0.146849
239 15 15 0.083682
240 3 3 0.254687
241 56 53 0.099098
242 34 33 0.123581
243 17 17 0.112939
244 22 22 0.140544
245 31 31 0.045539
246 53 47 0.021852
247 33 28 0.089131
248 17 17 0.236864
249 55 55 0.041339
250 41 39 0.167494
251 40 37 0.060585
252 13 11 0.13491
253 25 24 0.098695
254 18 16 0.100562
255 50 43 0.036446
256 30 29 0.10585
257 36 36 0.123809
258 37 34 0.112564
259 48 48 0.031512
260 39 38 0.057983
261 9 9 0.133168
262 36 34 0.188122
263 27 27 0.212689
264 16 14 0.251453
265 33 31 0.060878
266 46 44 0.136811
267 19 19 0.27243
268 23 23 0.038652
269 44 41 0.045277
270 36 36 0.057686
271 53 50 0.038846
272 55 51 0.041294
273 12 12 0.076282
274 32 30 0.036943
275 52 50 0.032452
276 3 3 0.188133
277 35 35 0.029534
278 33 32 0.106013
279 31 30 0.058521
280 33 31 0.106692
281 26 18 0.101615
282 27 25 0.240498
283 18 16 0.108629
284 34 34 0.041875
285 43 41 0.12353
286 12 12 0.124992
287 27 26 0.053795
288 51 46 0.032994
289 30 30 0.043298
290 35 32 0.077552
291 26 22 0.052448
292 9 9 0.250598
293 51 47 0.04935
294 47 47 0.088877
295 33 31 0.090458
296 45 41 0.095108
297 19 18 0.245272
298 29 26 0.201296
299 52 51 0.099267
300 9 9 0.238007
301 53 50 0.053703
302 30 30 0.20218
303 65 56 0.057831
304 8 8 0.199691
305 10 10 0.068223
306 65 61 0.095165
307 33 30 0.148182
308 21 20 0.215809
309 15 15 0.273165
310 21 21 0.241571
311 28 28 0.209914
312 39 38 0.201831
313 29 24 0.13539
314 17 17 0.262043
315 32 32 0.037095
316 11 11 0.322109
317 18 17 0.229246
318 4 4 0.244788
319 23 21 0.233081
320 28 26 0.202744
321 42 40 0.148703
322 11 11 0.178788
323 33 33 0.090923
324 34 34 0.072616
325 53 50 0.056744
326 30 30 0.053397
327 52 50 0.040273
328 22 22 0.114501
329 45 45 0.037054
330 50 45 0.054514
331 42 40 0.096674
332 66 63 0.036855
333 9 9 0.225507
334 33 32 0.19594
335 36 36 0.246157
336 48 48 0.051316
337 9 9 0.259096
338 34 32 0.162121
339 28 25 0.153661
340 25 23 0.218653
341 6 6 0.150304
342 27 23 0.213862
343 12 12 0.282035
344 26 25 0.247274
345 19 19 0.246192
346 37 37 0.140658
347 19 19 0.1284
348 39 35 0.061178
349 25 25 0.169376
350 60 50 0.056087
351 35 32 0.138498
352 59 48 0.092202
353 52 50 0.149526
354 46 42 0.14458
355 12 12 0.177046
356 31 30 0.119168
357 22 22 0.103089
358 36 34 0.082103
359 15 15 0.138028
360 18 17 0.081857
361 26 26 0.186988
362 24 23 0.157373
363 25 25 0.192555
364 24 23 0.096602
365 30 29 0.081674
366 22 22 0.117664
367 20 18 0.078841
368 19 16 0.082812
369 24 24 0.165956
370 26 26 0.084651
371 30 30 0.034014
372 39 35 0.04802
373 27 27 0.150973
374 19 19 0.131155
375 28 28 0.053884
376 38 34 0.057973
377 16 16 0.10406
378 16 14 0.107838
379 9 9 0.046244
380 42 38 0.09766
381 14 14 0.022693
382 27 24 0.123861
383 15 15 0.136454
384 6 6 0.095634
385 46 43 0.060918
386 18 18 0.065496
387 34 32 0.038804
388 41 39 0.03348
389 18 16 0.091068
390 12 12 0.152948
391 45 44 0.097881
392 55 43 0.015516
393 56 56 0.042303
394 13 13 0.140407
395 34 32 0.141503
396 37 35 0.157461
397 27 25 0.03562
398 25 24 0.111773
399 24 24 0.074548
400 32 30 0.046524
401 32 29 0.106873
402 19 18 0.107101
403 29 24 0.036164
404 27 23 0.096002
405 37 34 0.057256
406 19 18 0.110894
407 21 18 0.092882
408 22 22 0.053436
409 43 43 0.034189
410 34 32 0.07358
411 52 49 0.010913
412 22 22 0.116977
413 36 36 0.083393
414 14 14 0.057605
415 30 30 0.017562
416 29 29 0.032293
417 49 48 0.303078
418 7 7 0.186438
419 58 55 0.069569
420 12 12 0.254286
421 49 43 0.2366853
422 30 28 0.1971843
423 36 33 0.0848414
424 37 33 0.1231207
425 5 5 0.2590201
426 16 14 0.3089053
427 9 9 0.3864154
428 29 29 0.1968564
429 6 6 0.2483209
430 3 3 0.2959602
431 34 34 0.1044582
432 46 46 0.1038063
433 54 53 0.1329294
434 20 18 0.2290716
435 35 35 0.0492661
436 32 32 0.0688702
437 30 27 0.1214651
438 44 42 0.0675358
439 32 27 0.0501916
440 2 2 0.3190218
441 28 28 0.1173186
442 23 20 0.2535886
443 26 23 0.031417
444 18 18 0.0505659
445 31 27 0.1234284
446 44 44 0.0948828
447 34 30 0.1359991
448 23 22 0.1235275
449 38 37 0.1607974
450 30 27 0.1746836
451 14 13 0.1765523
452 2 2 0.3722713
453 65 56 0.056567
454 47 46 0.0907652
455 63 61 0.0639844
456 9 9 0.2044377
457 16 13 0.2679086
458 24 24 0.0501519
459 42 36 0.0633802
460 9 9 0.2855944
461 41 40 0.0878372
462 34 34 0.0350077
463 31 31 0.0354482
464 15 15 0.2802085
465 38 37 0.1618586
466 22 16 0.0244845
467 55 50 0.0323261
468 11 10 0.1329184
469 16 16 0.2301748
470 21 21 0.1946704
471 29 29 0.086093
472 66 63 0.0417315
473 28 28 0.2050853
474 19 17 0.2084089
475 42 39 0.1312139
476 22 22 0.2322754
477 41 41 0.2712963
478 21 20 0.1042564
479 60 60 0.0485797
480 49 49 0.0483394
481 38 34 0.2076274
482 9 9 0.1918345
483 20 20 0.4467615
484 4 4 0.3075114
485 15 15 0.2594476
486 42 40 0.1148914
487 25 25 0.0831827
488 23 23 0.2499222
489 39 37 0.1201214
490 21 20 0.165305
491 47 46 0.0955643
492 32 32 0.1375156
493 34 34 0.1164702
494 23 21 0.2249575
495 55 50 0.0954426
496 49 46 0.0635968
497 21 21 0.2334073
498 56 50 0.0820911
499 49 47 0.057161
500 36 36 0.1023593
501 25 22 0.1633883
502 39 39 0.12997
503 26 25 0.2282355
504 26 26 0.2634704
505 51 45 0.0264064
506 17 16 0.2107642
507 11 11 0.3552864
508 41 35 0.1388742
509 11 11 0.1509362
510 46 41 0.1014352
511 16 16 0.2260065
512 27 27 0.0192075
513 20 19 0.0868644
514 28 23 0.0696131
515 15 15 0.3324033
516 50 46 0.1365782
517 43 43 0.0788133
518 18 18 0.4106586
519 23 23 0.0702334
520 30 30 0.1156886
521 40 38 0.1247475
522 20 20 0.2135095
523 48 48 0.1181266
524 28 26 0.204589
525 24 24 0.1864577
526 6 6 0.1970687
527 16 15 0.2379818
528 30 28 0.0912199
529 19 17 0.2341562
530 2 2 0.3440345
531 20 18 0.2876445
532 54 54 0.0438743
533 41 41 0.1010187
534 17 15 0.2307067
535 67 67 0.0578292
536 22 22 0.2056324
537 51 48 0.0733083
538 11 11 0.2398301
539 29 27 0.1155564
540 28 28 0.0221249
541 52 50 0.0502272
542 46 44 0.0660717
543 25 24 0.1339295
544 21 20 0.1837074
545 21 20 0.2369091
546 16 16 0.119138
547 15 15 0.2348117
548 24 21 0.1826442
549 15 15 0.2651724
550 28 27 0.1729878
551 39 38 0.1649752
552 43 38 0.1450564
553 39 37 0.1168201
554 31 31 0.0861609
555 32 32 0.1266478
556 23 21 0.145652
557 46 46 0.0775946
558 2 2 0.3291624
559 16 16 0.1467291
560 51 51 0.0328178
561 15 15 0.1087896
562 56 49 0.0551508
563 29 29 0.1327245
564 36 36 0.1224128
565 29 25 0.1621203
566 47 47 0.1102236
567 55 55 0.0344406
568 27 27 0.0983126
569 24 23 0.0851632
570 44 41 0.1608648
571 23 23 0.2027422
572 32 31 0.1263085
573 26 24 0.2036631
574 23 23 0.0810379
575 22 20 0.0974315
576 49 45 0.1170715
577 11 11 0.2820614
578 16 14 0.1011283
579 45 44 0.1381833
580 28 28 0.1769036
581 22 22 0.051225
582 38 36 0.0787827
583 8 8 0.1868967
584 19 19 0.1433104
585 33 32 0.1289045
586 34 33 0.1867619
587 30 30 0.1034522
588 38 30 0.0869169
589 20 20 0.0959465
590 18 16 0.1984214
591 43 43 0.0681697
592 46 46 0.0313287
593 44 44 0.1087011
594 31 30 0.1282703
595 37 33 0.1129048
596 41 39 0.0632325
597 50 45 0.0935631
598 9 9 0.2568815
599 20 20 0.2366246
600 32 30 0.0858421
601 41 41 0.0875614
602 54 52 0.0930256
603 48 42 0.1341406
604 38 37 0.1051929
605 13 13 0.13609
606 37 35 0.190144
607 28 28 0.2362541
608 35 35 0.0906182
609 22 22 0.1230093
610 23 23 0.2613305
611 27 25 0.0824741
612 54 49 0.0872154
613 25 22 0.144711
614 35 33 0.1563756
615 55 55 0.0345102
616 25 25 0.1731387
617 7 7 0.1436753
618 39 37 0.0995093
619 40 37 0.020176
620 48 48 0.0552604
621 44 44 0.0594981
622 48 45 0.0543378
623 13 13 0.1931721
624 59 56 0.0579035
625 12 12 0.1465197
626 20 20 0.2735634
627 58 56 0.0646862
628 41 37 0.0525783
629 53 49 0.0229421
630 9 9 0.2685064
631 58 55 0.0231671
632 24 24 0.1683588
633 22 22 0.0287908
634 33 32 0.061028
635 17 17 0.1650589
636 35 29 0.1237209
637 33 31 0.1785627
638 21 20 0.1718711
639 18 18 0.2317062
640 16 16 0.1946643
641 20 17 0.2435201
642 41 40 0.0711437
643 16 15 0.2567667
644 14 14 0.2472855
645 25 24 0.1252284
646 52 48 0.0650201
647 34 33 0.1403083
648 38 34 0.1162724
649 13 12 0.2100167
650 24 24 0.2133491
651 27 27 0.2051326
652 26 26 0.0501324
653 43 40 0.0324042
654 27 27 0.022935
655 62 57 0.0451969
656 33 31 0.078661
657 51 49 0.0801892
658 20 19 0.2049646
659 37 36 0.2261372
660 8 8 0.1149783
661 11 11 0.2952268
662 11 11 0.2707046
663 42 38 0.0182492
664 37 35 0.1285812
665 2 2 0.2853029
666 17 17 0.1007354
667 34 31 0.2061752
668 48 41 0.140351
669 27 25 0.1485643
670 36 33 0.1288886
671 49 46 0.0869327
672 15 15 0.1266856
673 21 20 0.2010096
674 62 62 0.027704
675 28 27 0.1257275
676 24 24 0.1774903
677 18 18 0.1506076
678 25 24 0.2203841
679 31 31 0.0820358
680 39 34 0.1416168
681 33 31 0.1579081
682 41 41 0.1543203
683 23 23 0.1780814
684 45 45 0.0667741
685 38 36 0.1128645
686 54 50 0.0266789
687 20 17 0.2101999
688 14 14 0.2398644
689 35 35 0.059078
690 33 29 0.1659433
691 37 37 0.0575566
692 52 49 0.0551909
693 49 37 0.0569953
694 27 24 0.1010126
695 49 46 0.1497856
696 33 31 0.2323594
697 23 23 0.2368035
698 30 30 0.2014682
699 20 18 0.2868652
700 38 36 0.112432
701 49 45 0.043659
702 18 16 0.1334842
703 9 9 0.2015621
704 11 11 0.3940736
705 34 31 0.04448
706 44 41 0.1567875
707 20 18 0.1026867
708 28 28 0.2343313
709 20 18 0.082425
710 29 29 0.1471888
711 33 33 0.2728282
712 41 36 0.0773988
713 16 16 0.2944503
714 30 26 0.0520687
715 21 21 0.2290101
716 2 2 0.3289617
717 40 35 0.1345388
718 28 27 0.1418381
719 24 24 0.2361352
720 37 37 0.0584232
721 19 19 0.2941564
722 66 59 0.0400549
723 37 33 0.2299687
724 27 26 0.1897111
725 26 22 0.0187399
726 50 48 0.0562707
727 30 30 0.2092447
728 40 37 0.1335087
729 31 30 0.1719292
730 43 43 0.0474593
731 16 16 0.199812
732 26 26 0.1951936
733 44 42 0.1240367
734 7 7 0.3021814
735 35 30 0.182415
736 26 26 0.1952383
737 49 46 0.0492625
738 23 23 0.0355306
739 30 30 0.0229148
740 55 47 0.0641656
741 28 28 0.0987761
742 17 17 0.158455
743 50 47 0.0746303
744 32 32 0.252505
745 66 60 0.0713151
746 45 45 0.1064198
747 31 31 0.2156243
748 14 14 0.2764725
749 33 32 0.1154747
750 36 33 0.0341324
751 45 43 0.0968313
752 57 57 0.0405137
753 9 9 0.1925893
754 64 64 0.0345261
755 17 16 0.2233885
756 22 21 0.1908679
757 35 33 0.165751
758 27 27 0.2367753
759 26 25 0.1765194
760 20 20 0.1838516
761 20 19 0.298153
762 24 24 0.2518291
763 35 35 0.1606272
764 31 31 0.1034005
765 18 17 0.2341862
766 2 2 0.4379674
767 24 24 0.0492669
768 25 23 0.1968554
769 25 25 0.0406526
770 46 44 0.1411927
771 23 23 0.2223396
772 20 16 0.3151265
773 24 23 0.2381592
774 23 20 0.2839615
775 5 5 0.1977181
776 38 38 0.1909739
777 16 16 0.0605484
778 19 19 0.1810383
779 41 41 0.1173842
780 9 9 0.2974861
781 56 53 0.0548994
782 84 76 0.095732
783 13 13 0.2359574
784 9 9 0.3092077
785 40 36 0.0939241
786 22 20 0.1662713
787 24 23 0.1837264
788 28 28 0.2512018
789 52 52 0.0560464
790 16 14 0.0573308
791 2 2 0.3278269
792 20 20 0.0808983
793 31 31 0.0506093
794 17 17 0.1560398
795 17 17 0.2115967
796 62 60 0.0946112
797 20 19 0.1865781
798 17 17 0.2378445
799 25 25 0.2086691
800 22 22 0.1533252
801 34 34 0.1191704
802 14 14 0.2939295
803 12 12 0.1693358
804 47 46 0.1665583
805 29 28 0.164409
806 35 35 0.0310283
807 53 52 0.0736546
808 37 36 0.1712479
809 27 27 0.1138839
810 29 27 0.2307627
811 34 34 0.1594577
812 32 31 0.2558929
813 33 33 0.0371007
814 12 12 0.021439
815 13 12 0.127767
816 39 36 0.1190781
817 30 30 0.0338401
818 51 51 0.112354
819 21 19 0.1985815
820 19 19 0.2733666
821 33 29 0.1301587
822 13 12 0.2485484
823 32 32 0.0504018
824 21 21 0.1712214
825 5 5 0.2737707
826 26 24 0.142273
827 33 31 0.1833256
828 13 13 0.2121223
829 40 40 0.0603749
830 40 40 0.0436757
831 49 47 0.0590181
832 49 46 0.0226457
833 40 40 0.1136719
834 27 27 0.1574294
835 34 33 0.1258291
836 28 28 0.0401754
837 54 48 0.0650439
838 29 28 0.09876
839 25 22 0.0972196
840 25 25 0.2128393
