1 65 61 1.188256
2 84 81 0.359309
3 152 137 0.186701
4 58 54 0.116115
5 9 9 1.211434
6 85 83 0.190422
7 49 44 0.992993
8 72 68 0.202331
9 73 69 0.805936
10 52 50 0.246251
11 59 56 0.81647
12 124 106 0.154843
13 70 70 1.196768
14 72 68 1.410529
15 75 75 0.047776
16 80 80 0.479164
17 32 32 0.739296
18 27 27 0.271585
19 52 51 0.991257
20 32 32 0.753123
21 73 67 0.292429
22 38 38 0.455759
23 47 46 0.712204
24 114 114 0.137947
25 56 54 0.68082
26 124 114 0.029519
27 38 35 1.147784
28 21 21 0.957568
29 58 58 0.470351
30 27 27 0.942221
31 33 33 0.658299
32 40 37 0.800434
33 55 55 0.172336
34 19 18 0.747031
35 40 38 0.39513
36 59 57 1.045972
37 31 29 1.025443
38 89 85 0.28367
39 95 90 0.025872
40 37 35 1.542449
41 63 53 0.747559
42 74 70 0.585213
43 96 90 0.185764
44 48 48 0.458608
45 91 88 0.048754
46 41 38 0.448149
47 105 98 0.224691
48 67 67 0.397265
49 108 103 0.102316
50 101 101 0.082965
51 38 37 0.687801
52 44 44 0.144252
53 78 78 0.849759
54 43 43 0.085581
55 9 9 1.303035
56 42 39 0.275256
57 19 19 1.06186
58 71 67 0.307368
59 51 49 0.607874
60 78 77 0.27917
61 66 64 0.622369
62 71 68 0.284079
63 78 72 0.24534
64 32 29 0.179896
65 109 109 0.140961
66 87 84 0.494943
67 31 27 0.06617
68 32 29 1.337451
69 66 62 0.46861
70 68 68 0.595659
71 64 57 0.137052
72 77 72 0.44393
73 72 70 0.510292
74 78 76 1.145962
75 14 12 0.798307
76 48 45 0.475921
77 94 89 0.405102
78 36 36 0.804424
79 39 38 0.919392
80 118 111 0.082962
81 53 46 0.631273
82 106 101 0.142929
83 82 80 0.251397
84 74 74 0.388785
85 31 29 0.742296
86 142 124 0.053945
87 75 72 0.422239
88 13 13 1.323211
89 67 61 1.925075
90 108 108 0.04931
91 107 97 0.088696
92 41 40 0.479976
93 58 56 0.657303
94 66 62 0.497597
95 135 132 0.051654
96 71 70 0.180853
97 97 90 0.426025
98 31 31 0.24109
99 13 13 0.833835
100 42 42 0.016444
101 108 105 0.110663
102 33 27 0.963051
103 70 70 0.047513
104 95 94 0.10742
105 125 118 0.127268
106 49 44 0.739281
107 63 60 0.744675
108 19 19 0.459486
109 33 29 0.910103
110 37 37 0.754652
111 15 13 0.963133
112 38 35 0.697191
113 88 81 0.376212
114 71 66 0.390313
115 65 65 0.223744
116 83 76 0.552604
117 87 82 0.36057
118 65 65 0.590156
119 54 48 0.752097
120 69 69 0.277073
121 11 11 0.932594
122 117 114 0.203883
123 84 83 0.465682
124 64 61 0.114524
125 54 51 1.482032
126 83 79 0.314837
127 26 25 0.985545
128 41 37 0.638717
129 31 31 0.94358
130 49 45 0.943741
131 35 35 0.791278
132 67 65 0.57879
133 42 41 0.609715
134 96 96 0.222803
135 94 92 0.211635
136 46 44 0.407086
137 40 39 0.778091
138 37 37 0.155559
139 85 84 0.303172
140 80 75 0.456289
141 17 17 1.24808
142 89 86 0.107135
143 97 97 0.034153
144 89 83 0.73665
145 64 64 0.332863
146 16 16 0.754337
147 22 22 0.638382
148 68 66 0.361756
149 36 36 0.199321
150 28 27 0.895256
151 61 59 0.396488
152 139 139 0.043107
153 56 53 1.372517
154 61 61 0.438386
155 76 70 0.330166
156 31 28 0.739568
157 76 73 0.549452
158 24 24 0.820678
159 88 83 0.336261
160 31 29 1.197115
161 55 52 0.572336
162 27 25 1.031425
163 87 84 0.063557
164 75 70 0.483003
165 84 79 0.599262
166 54 49 1.022542
167 39 37 0.606009
168 47 44 0.130422
169 85 82 0.28886
170 46 46 0.460235
171 101 98 0.377491
172 74 70 0.551619
173 39 36 1.045215
174 124 113 0.06231
175 122 107 0.172555
176 94 91 0.422933
177 47 46 0.878648
178 36 36 0.372524
179 53 53 0.927224
180 81 75 0.105335
181 108 100 0.073161
182 49 49 0.017135
183 66 64 0.159322
184 17 15 0.909244
185 45 40 0.013044
186 86 86 0.676887
187 32 32 0.520813
188 62 56 0.667682
189 35 35 0.218816
190 69 66 0.034825
191 93 84 0.232194
192 62 62 0.371798
193 36 36 0.685534
194 34 34 0.478168
195 75 72 0.512983
196 42 42 0.518011
197 61 61 0.674444
198 67 65 0.423992
199 22 22 0.04746
200 47 41 0.392902
201 46 46 0.662466
202 75 72 0.070342
203 96 95 0.669892
204 22 18 0.915029
205 60 56 0.478831
206 49 47 0.379739
207 75 70 0.385816
208 62 62 0.137714
209 87 79 0.576548
210 31 29 0.629099
211 96 92 0.379672
212 80 80 0.26776
213 62 61 0.575435
214 68 66 0.421875
215 63 59 0.562959
216 97 88 0.28586
217 24 22 0.66496
218 53 52 0.716397
219 78 76 1.030747
220 45 41 1.66115
221 28 26 0.972238
222 68 66 0.17948
223 101 91 0.074394
224 54 48 0.572866
225 78 78 0.039006
226 40 37 0.697242
227 61 55 0.550845
228 109 108 0.173574
229 42 39 0.824972
230 82 81 0.162191
231 71 69 0.70747
232 85 83 0.251362
233 95 94 0.353362
234 48 45 0.429057
235 80 74 0.677805
236 31 31 0.836493
237 47 47 0.566264
238 102 102 0.136108
239 38 38 0.654275
240 40 40 0.130868
241 55 49 0.268495
242 63 62 0.18647
243 80 77 0.127783
244 130 123 0.165889
245 77 71 0.583313
246 66 61 0.403205
247 94 91 0.302042
248 78 77 0.896737
249 37 33 0.927365
250 63 60 0.133174
251 56 47 0.360036
252 64 59 0.517683
253 32 31 0.566307
254 140 132 0.088642
255 24 24 0.212789
256 75 73 0.640658
257 97 86 0.178922
258 61 61 0.630194
259 69 66 0.286152
260 72 70 0.437611
261 63 61 0.534757
262 59 55 0.368805
263 46 45 0.759095
264 78 76 0.422525
265 121 116 0.286588
266 46 46 0.473681
267 56 54 0.277244
268 62 62 0.53999
269 14 13 0.937492
270 87 87 0.391086
271 42 40 0.201274
272 80 72 0.445374
273 11 11 1.252854
274 59 56 0.384611
275 44 43 0.781014
276 21 21 0.510112
277 32 29 1.088539
278 50 50 0.42193
279 90 83 0.344318
280 83 82 0.462439
281 83 70 0.537146
282 68 68 0.537055
283 92 88 0.169056
284 74 72 0.578245
285 70 68 0.326392
286 90 87 0.862656
287 39 39 0.665874
288 60 58 0.513217
289 78 78 0.102816
290 23 23 0.633994
291 76 72 0.034687
292 55 55 0.674715
293 24 24 0.74988
294 41 40 0.813502
295 48 48 0.783646
296 45 45 0.308601
297 33 30 0.960219
298 36 36 0.868755
299 40 40 0.78375
300 38 38 0.735313
301 106 106 0.072518
302 17 17 0.368731
303 72 70 1.2621
304 45 45 0.18317
305 51 49 0.383883
306 66 64 0.625728
307 48 43 0.616463
308 45 41 0.260065
309 73 70 0.473378
310 93 90 0.442287
311 68 66 0.320732
312 55 54 0.679049
313 20 20 0.651846
314 46 44 0.448925
315 83 81 0.480811
316 20 17 0.474068
317 61 56 0.480369
318 52 50 0.431313
319 56 56 0.701448
320 83 74 0.295901
321 66 61 0.614439
322 97 89 0.21094
323 59 55 0.597273
324 77 73 0.68843
325 26 24 0.601739
326 74 72 0.420811
327 60 58 0.184344
328 83 71 0.570826
329 41 41 0.877832
330 26 25 0.36006
331 56 54 0.258551
332 72 69 0.12943
333 88 86 0.208468
334 27 27 0.861899
335 90 83 0.165295
336 51 51 0.532167
337 75 71 0.411805
338 54 52 0.516208
339 122 116 0.162366
340 62 62 0.698034
341 66 65 0.496969
342 96 94 0.123175
343 25 25 0.801933
344 114 113 0.177572
345 77 70 0.54537
346 52 49 0.617147
347 44 44 0.533452
348 106 104 0.987117
349 75 74 0.540217
350 30 28 0.880928
351 95 88 0.22497
352 63 59 1.87872
353 101 95 0.100253
354 43 43 0.282806
355 73 73 0.056079
356 46 43 0.746452
357 13 13 1.052287
358 48 48 0.412485
359 74 74 0.675404
360 82 79 0.409925
361 35 35 0.212648
362 101 94 0.334564
363 33 33 0.537177
364 37 36 1.136283
365 89 87 0.332873
366 37 37 1.152131
367 26 26 0.336764
368 42 40 0.547052
369 86 86 0.416726
370 31 31 0.697805
371 84 79 0.139138
372 48 46 0.736738
373 44 41 0.231069
374 95 93 0.329004
375 79 76 0.447679
376 135 122 0.084153
377 36 36 0.51178
378 46 46 0.017499
379 67 65 0.264948
380 72 72 0.534546
381 38 38 0.044593
382 2 2 1.020111
383 59 57 0.205453
384 37 37 0.691396
385 71 71 0.510952
386 48 41 0.434774
387 72 72 0.193759
388 35 35 0.799763
389 79 69 0.205646
390 70 69 0.395563
391 37 34 0.829254
392 78 72 0.425893
393 89 87 0.268417
394 30 29 0.29164
395 28 26 0.547258
396 82 78 0.414789
397 95 90 0.383412
398 60 59 0.517217
399 56 56 0.131199
400 56 56 0.591677
401 84 82 0.503975
402 91 85 0.062942
403 32 32 0.815196
404 130 121 0.117418
405 79 75 0.280435
406 70 66 0.621851
407 114 109 0.168646
408 89 87 0.305351
409 108 90 0.047424
410 64 61 0.301756
411 94 94 0.153065
412 54 50 0.790528
413 43 39 0.610577
414 75 69 0.886634
415 77 77 0.198919
416 53 49 0.744478
417 72 72 0.09338
418 43 43 0.161144
419 73 73 0.041485
420 70 70 0.075914
421 117 114 0.4569657
422 65 65 1.3439189
423 40 40 1.0863654
424 44 42 1.1027756
425 49 47 0.3323537
426 43 39 1.2008032
427 37 35 0.9574733
428 79 76 0.5389959
429 38 35 1.2571358
430 14 14 1.8081377
431 18 18 1.7988929
432 77 73 0.4905233
433 62 60 0.4982699
434 55 52 1.2870198
435 72 72 0.5180951
436 53 50 0.7216875
437 43 39 1.0803934
438 13 11 0.6285864
439 89 83 0.1189016
440 50 50 0.2191202
441 50 50 0.2769115
442 94 92 0.4793723
443 57 57 0.7345087
444 90 86 0.5573118
445 51 51 0.9399332
446 77 77 0.0732521
447 74 70 1.2624158
448 59 59 1.277974
449 37 36 1.2574697
450 44 43 0.7584625
451 77 73 0.3361068
452 35 35 0.8016492
453 40 37 1.4461413
454 86 83 1.1312227
455 44 44 1.6812597
456 22 22 1.4960058
457 74 70 0.5630999
458 78 78 0.229999
459 90 84 0.579708
460 52 48 0.5368372
461 68 68 0.7233047
462 83 78 0.0610296
463 66 65 1.1290334
464 26 25 1.3659513
465 41 41 0.2611709
466 35 35 0.328672
467 66 65 1.0609845
468 67 65 0.4083659
469 119 102 0.3552207
470 96 90 0.2867295
471 115 113 0.3629209
472 94 89 0.5318329
473 48 43 0.9730648
474 84 75 0.812346
475 96 86 0.0308437
476 32 31 1.6468383
477 108 90 0.4429447
478 93 88 0.6011835
479 24 23 1.0592589
480 78 73 1.0306789
481 26 26 0.4351211
482 41 35 0.433196
483 64 54 0.4178377
484 81 77 0.1697475
485 108 106 0.0628727
486 88 88 0.1760203
487 40 40 1.2127399
488 46 43 0.4380147
489 30 29 1.2535357
490 46 42 1.2224238
491 52 52 1.2149432
492 64 62 0.0261296
493 106 98 0.3915678
494 73 68 0.251309
495 74 71 0.5670664
496 73 70 0.7738537
497 73 71 0.9545552
498 48 45 0.8759755
499 66 57 0.8700362
500 60 60 0.1263356
501 51 48 0.9207121
502 24 22 1.3164168
503 40 37 1.3489639
504 25 25 1.3642937
505 75 71 0.3080572
506 75 75 0.0763316
507 67 63 0.7335119
508 47 43 0.52396
509 93 91 0.9182223
510 86 83 0.2717477
511 87 84 1.0412569
512 80 80 0.9860671
513 30 30 1.7148755
514 74 72 0.4006499
515 35 35 1.1654634
516 84 82 0.7064293
517 74 73 0.8004017
518 19 19 0.6251928
519 65 65 0.1864702
520 61 60 0.4575922
521 78 74 0.2804364
522 23 23 1.7979715
523 15 13 1.1627929
524 57 55 1.4200233
525 79 75 0.0501482
526 131 125 0.1729076
527 74 70 0.0756344
528 21 21 0.038722
529 90 84 1.0798259
530 39 37 1.1315635
531 89 89 0.1743176
532 69 69 0.1150361
533 81 81 0.030028
534 74 71 0.3758809
535 21 20 1.5485809
536 47 47 0.4702587
537 88 82 0.5203923
538 55 51 0.9468778
539 13 13 2.2818939
540 71 71 0.1950722
541 25 24 1.5168259
542 42 41 0.8622358
543 76 76 0.0463939
544 110 110 0.1414077
545 117 110 0.1013671
546 42 38 0.1471217
547 49 49 1.3547687
548 45 44 1.2181483
549 121 110 0.2537561
550 34 29 1.196139
551 86 83 0.2082643
552 42 41 1.1299077
553 40 36 1.904243
554 78 78 0.0491162
555 13 13 1.259759
556 46 46 1.815366
557 94 86 0.3903198
558 107 99 0.0845313
559 39 39 0.7367571
560 106 95 0.3306058
561 83 80 0.2571281
562 35 35 1.4289709
563 44 43 0.7920567
564 85 85 0.0508057
565 61 61 0.1528188
566 28 24 1.488933
567 22 21 1.0040761
568 15 15 1.9612128
569 55 54 1.1314586
570 83 83 0.5949013
571 53 51 0.2283705
572 77 75 0.7587127
573 25 25 1.8306081
574 70 68 0.8292093
575 2 2 2.3871247
576 66 66 1.2682809
577 58 56 1.3406654
578 41 38 1.2654424
579 108 101 0.1445686
580 49 46 0.8342798
581 98 98 0.026645
582 71 68 0.2776584
583 61 58 0.2622394
584 95 91 0.1563943
585 88 88 0.093123
586 91 88 0.9576122
587 58 53 0.3592222
588 34 30 1.6025647
589 71 71 1.0467821
590 39 38 1.2095429
591 59 59 0.9852794
592 107 102 0.3362879
593 69 66 0.2353459
594 22 22 2.0971437
595 61 61 1.3224922
596 74 74 0.0631019
597 44 44 1.2934779
598 22 19 1.9555717
599 110 105 0.3832639
600 52 52 0.3600924
601 68 65 0.5240469
602 70 67 1.0056362
603 80 80 0.7225371
604 22 22 1.2397318
605 94 88 0.3624917
606 44 43 1.1049222
607 31 31 0.8040644
608 32 28 0.8824203
609 28 28 0.8972285
610 79 73 0.3259667
611 94 92 0.5871711
612 105 94 0.2471137
613 29 29 0.7094627
614 55 52 0.1479192
615 73 69 0.5741108
616 70 70 0.4024553
617 76 74 0.3461264
618 84 81 0.7835806
619 88 83 0.6510693
620 122 119 0.175932
621 51 51 0.1059258
622 39 37 0.5222786
623 95 87 0.2438934
624 107 99 0.3683482
625 96 90 0.5806353
626 31 28 1.5994807
627 53 51 0.3938125
628 32 32 1.7275534
629 95 91 0.0415947
630 72 72 0.3102682
631 71 68 0.2037079
632 50 47 1.6822192
633 16 16 1.008484
634 56 56 1.3078263
635 33 31 1.128378
636 68 65 0.2090403
637 78 74 0.8088635
638 23 21 1.8629308
639 59 59 0.1458238
640 48 48 1.132851
641 50 50 1.3185654
642 64 64 1.318004
643 68 63 0.1540486
644 41 41 0.6945545
645 70 63 1.1762796
646 16 16 1.2908064
647 89 87 0.5115233
648 126 120 0.5855637
649 44 44 0.4827405
650 32 30 1.0634242
651 10 10 2.0163205
652 79 75 0.7984611
653 54 54 1.3041263
654 34 33 1.0610054
655 59 59 0.8019018
656 92 88 0.8065526
657 64 59 1.2772705
658 39 36 0.8604523
659 87 81 0.4969093
660 38 37 1.1234317
661 74 74 0.3760227
662 50 47 0.3111251
663 46 46 0.3361311
664 45 45 1.0390915
665 42 42 1.3982264
666 114 114 0.0569974
667 46 46 1.1922459
668 117 105 0.0816161
669 60 58 0.7215508
670 102 102 0.3488929
671 49 49 0.771888
672 54 53 1.0726527
673 81 77 0.4207963
674 76 74 0.3058302
675 48 45 0.0356442
676 53 49 1.6774916
677 39 39 1.3201981
678 93 86 0.0595132
679 101 99 0.1715462
680 42 42 1.2760017
681 63 63 1.2397263
682 75 68 0.1873606
683 75 70 0.512129
684 60 54 0.2562925
685 103 98 0.0652088
686 93 90 0.8246324
687 97 89 0.2996821
688 101 96 0.0371408
689 78 78 0.1557954
690 89 86 0.2367578
691 91 86 0.5480459
692 98 89 0.1499093
693 35 35 0.9111577
694 24 22 1.4057404
695 74 74 0.8965155
696 72 72 0.1789172
697 73 70 0.975179
698 85 78 0.5264014
699 37 37 1.8235621
700 36 34 1.4730594
701 16 16 1.2259758
702 16 16 1.903045
703 49 48 1.2106093
704 77 74 1.5798051
705 31 30 1.3402129
706 50 48 0.9650967
707 53 51 0.7115019
708 76 73 0.6085419
709 17 17 2.167657
710 77 71 0.9292699
711 58 58 0.1527789
712 58 58 0.6353523
713 19 16 1.476541
714 57 57 1.1654486
715 84 84 0.1964171
716 91 90 0.9367077
717 61 61 0.1308064
718 21 21 1.5322568
719 112 102 0.1731583
720 19 18 0.4290119
721 22 22 1.5841013
722 52 50 0.5032028
723 64 58 0.9559626
724 69 69 0.670614
725 106 98 0.516945
726 28 25 1.8636591
727 121 119 0.1719171
728 89 85 0.349997
729 77 75 0.611469
730 91 83 0.1367894
731 38 35 1.6952279
732 23 23 1.2346918
733 17 17 2.140785
734 92 92 0.1170082
735 16 16 2.80246
736 100 91 0.3943226
737 91 88 0.4848178
738 106 99 0.4085046
739 57 52 0.8699194
740 31 26 1.9412501
741 35 35 0.9988783
742 63 61 1.1296008
743 91 86 0.6686082
744 158 141 0.2245036
745 72 66 1.0246866
746 88 81 0.0825167
747 23 23 2.6758001
748 74 74 1.1560682
749 45 45 0.9766112
750 28 28 0.9016061
751 96 92 0.57909
752 101 95 0.1897854
753 85 76 0.2291609
754 27 24 1.8606011
755 66 61 0.4054415
756 65 60 1.0752253
757 112 105 0.2082938
758 107 102 0.4073043
759 100 95 0.3104691
760 66 64 0.4250848
761 50 50 1.3069047
762 61 55 0.7641723
763 93 82 0.161283
764 34 34 0.1949006
765 45 45 1.3657651
766 11 11 1.9951318
767 59 57 0.5937526
768 63 61 0.4338923
769 76 74 0.1919904
770 98 89 0.2078319
771 97 93 0.074746
772 114 108 0.2193256
773 66 60 0.7923059
774 80 77 0.0960777
775 93 85 0.1814639
776 67 64 0.259893
777 45 44 0.9074001
778 34 31 1.0540935
779 15 15 1.0703319
780 45 45 0.4114434
781 55 54 1.1238442
782 102 102 0.1114825
783 116 111 0.2301206
784 58 55 0.1185792
785 48 46 1.1720517
786 59 56 1.5047087
787 17 17 0.7330089
788 46 46 0.9365389
789 133 122 0.0968804
790 96 92 0.1034061
791 64 55 0.9382021
792 31 27 1.5421614
793 109 104 0.6024358
794 95 93 0.2021838
795 84 81 0.4003185
796 61 61 1.1608811
797 58 58 0.1818496
798 35 35 0.4371647
799 65 57 0.7797092
800 86 80 0.0910727
801 28 24 1.5656544
802 53 49 0.8774547
803 70 67 0.2206014
804 23 23 1.1919418
805 71 69 0.6536716
806 98 88 0.1041265
807 2 2 2.0095241
808 68 66 0.6367252
809 11 11 1.9090379
810 47 45 0.7403083
811 74 64 0.5124391
812 58 50 0.5190078
813 27 27 1.200446
814 40 39 1.3781819
815 45 43 0.9919879
816 41 41 1.0835968
817 28 24 1.5098619
818 49 43 1.0969084
819 53 50 1.3022472
820 77 72 0.3688759
821 76 75 0.665809
822 94 89 0.1896909
823 74 70 1.3505313
824 81 77 1.4553413
825 45 40 1.7351475
826 59 53 0.6598849
827 44 40 1.1821635
828 22 22 0.8685158
829 36 34 1.8157126
830 47 45 0.7179937
831 37 34 1.4067904
832 120 116 0.0724525
833 52 52 1.1365984
834 72 69 1.0298327
835 74 72 0.8840523
836 61 61 0.9742818
837 36 34 0.800678
838 87 75 0.4386034
839 37 35 0.9419767
840 80 74 0.663358
