1 4 4 0.300617
2 4 4 0.048906
3 3 3 0.03885
4 9 9 0.036619
5 6 6 0.033148
6 5 5 0.021109
7 4 4 0.010636
8 4 4 0.009118
9 7 7 0.011341
10 3 3 0.010611
11 7 6 0.011391
12 5 5 0.0156
13 4 4 0.011594
14 3 3 0.008772
15 4 4 0.024407
16 8 7 0.027608
17 4 4 0.009211
18 4 4 0.011244
19 3 3 0.008186
20 4 4 0.012307
21 4 4 0.025194
22 5 5 0.020245
23 5 5 0.021362
24 9 9 0.024019
25 12 9 0.047657
26 4 4 0.06242
27 4 4 0.018147
28 8 8 0.017779
29 4 4 0.020453
30 3 3 0.016531
31 6 6 0.019265
32 3 3 0.017913
33 7 7 0.017829
34 5 5 0.019432
35 5 4 0.018268
36 6 6 0.012734
37 4 4 0.011546
38 8 8 0.011972
39 3 3 0.023151
40 5 5 0.010818
41 5 5 0.011882
42 4 4 0.013136
43 5 5 0.01124
44 6 6 0.020061
45 7 6 0.011987
46 5 4 0.011866
47 12 12 0.01179
48 7 6 0.011923
49 6 6 0.011548
50 3 3 0.010774
51 4 4 0.011742
52 4 4 0.011831
53 3 3 0.011552
54 5 5 0.011274
55 6 5 0.011167
56 6 6 0.012076
57 6 6 0.011928
58 3 3 0.011594
59 6 6 0.010859
60 3 3 0.01087
61 8 8 0.011948
62 5 5 0.011014
63 3 3 0.0272
64 3 3 0.010421
65 6 6 0.037338
66 5 4 0.012802
67 4 4 0.011128
68 6 6 0.029804
69 8 7 0.011158
70 4 4 0.011809
71 3 3 0.010843
72 3 3 0.030509
73 7 6 0.011413
74 9 7 0.013865
75 5 5 0.011361
76 7 6 0.010524
77 6 6 0.012256
78 5 5 0.010922
79 9 7 0.010944
80 8 7 0.010811
81 3 3 0.010295
82 8 8 0.009825
83 6 6 0.012368
84 9 8 0.011028
85 5 5 0.010957
86 6 5 0.010204
87 6 6 0.0116
88 3 3 0.010318
89 6 6 0.010514
90 6 6 0.010864
91 3 3 0.010401
92 4 4 0.011249
93 13 12 0.014339
94 5 4 0.01033
95 5 5 0.00975
96 3 3 0.010453
97 6 6 0.009584
98 4 4 0.01101
99 4 4 0.012105
100 9 7 0.010363
101 4 4 0.011311
102 6 6 0.010824
103 14 12 0.010356
104 3 3 0.010548
105 3 3 0.010535
106 6 6 0.010584
107 6 6 0.011169
108 5 5 0.010206
109 9 9 0.01103
110 6 6 0.011495
111 4 4 0.011003
112 4 4 0.011568
113 6 6 0.026549
114 7 7 0.023524
115 3 3 0.010707
116 9 7 0.011053
117 6 5 0.010223
118 3 3 0.010308
119 6 5 0.010559
120 3 3 0.010592
121 8 7 0.01078
122 3 3 0.011077
123 6 6 0.009771
124 6 6 0.010484
125 3 3 0.010623
126 5 5 0.011276
127 4 4 0.011355
128 5 5 0.011088
129 8 8 0.010952
130 6 6 0.011248
131 12 9 0.010449
132 4 4 0.010664
133 4 4 0.01058
134 5 5 0.010215
135 4 4 0.010889
136 3 3 0.010331
137 3 3 0.010119
138 7 7 0.011123
139 6 6 0.010418
140 4 4 0.010668
141 3 3 0.010478
142 6 6 0.00992
143 6 6 0.010647
144 5 5 0.010311
145 6 6 0.010616
146 5 5 0.010732
147 4 4 0.011061
148 7 6 0.010911
149 4 4 0.011023
150 6 6 0.010953
151 3 3 0.010656
152 3 3 0.010101
153 6 6 0.00985
154 3 3 0.009828
155 6 6 0.010882
156 8 7 0.010669
157 5 5 0.010472
158 9 7 0.010087
159 3 3 0.01114
160 5 4 0.011092
161 3 3 0.010666
162 6 6 0.010319
163 7 7 0.010839
164 6 5 0.012444
165 4 4 0.010844
166 8 8 0.026895
167 3 3 0.010915
168 4 4 0.011263
169 5 5 0.010594
170 4 4 0.010304
171 4 4 0.010152
172 5 4 0.02541
173 6 6 0.02059
174 3 3 0.011354
175 4 4 0.011997
176 5 5 0.010644
177 5 5 0.01786
178 6 6 0.010787
179 10 10 0.009394
180 6 6 0.010826
181 3 3 0.011859
182 6 6 0.025329
183 7 6 0.011775
184 5 5 0.010956
185 8 7 0.010773
186 4 4 0.011125
187 3 3 0.009976
188 5 4 0.011056
189 4 4 0.011043
190 8 8 0.010342
191 6 6 0.011045
192 7 6 0.010927
193 12 9 0.010091
194 5 5 0.010297
195 6 6 0.011194
196 5 4 0.010477
197 6 5 0.029311
198 11 8 0.009626
199 6 6 0.012411
200 8 8 0.011601
201 5 5 0.011825
202 4 4 0.012016
203 7 7 0.011498
204 7 6 0.011876
205 4 4 0.012738
206 7 7 0.012532
207 5 5 0.012207
208 6 6 0.013009
209 3 3 0.012492
210 6 6 0.016563
211 6 6 0.014567
212 5 4 0.011249
213 4 4 0.011335
214 6 6 0.01108
215 6 6 0.011709
216 4 4 0.010969
217 6 6 0.011125
218 3 3 0.011099
219 9 9 0.010874
220 9 7 0.010727
221 3 3 0.010425
222 7 7 0.011111
223 7 5 0.009755
224 6 6 0.011134
225 9 9 0.010552
226 4 4 0.011112
227 5 5 0.010147
228 8 7 0.010154
229 7 6 0.009235
230 4 4 0.010511
231 3 3 0.010444
232 7 6 0.010906
233 6 6 0.011248
234 6 6 0.011134
235 3 3 0.010638
236 9 7 0.011087
237 7 6 0.010908
238 6 6 0.011055
239 7 6 0.010854
240 7 7 0.010832
241 3 3 0.010614
242 3 3 0.010314
243 7 7 0.011842
244 4 4 0.026669
245 5 4 0.010739
246 4 4 0.010942
247 3 3 0.010856
248 10 10 0.010968
249 3 3 0.01048
250 8 6 0.014303
251 3 3 0.016056
252 4 4 0.012487
253 4 4 0.010997
254 6 6 0.010795
255 6 6 0.009487
256 3 3 0.009919
257 3 3 0.010998
258 5 5 0.010203
259 3 3 0.010638
260 5 5 0.012631
261 6 6 0.010632
262 6 6 0.026332
263 5 5 0.010541
264 6 6 0.01055
265 6 6 0.016186
266 13 9 0.01151
267 8 7 0.011726
268 7 7 0.011152
269 6 6 0.011707
270 9 8 0.011748
271 9 8 0.01241
272 5 5 0.010223
273 7 7 0.011869
274 3 3 0.011939
275 3 3 0.011932
276 6 6 0.018603
277 4 4 0.011698
278 5 5 0.010987
279 7 7 0.010365
280 8 8 0.009795
281 3 3 0.010759
282 3 3 0.01065
283 6 6 0.010555
284 4 4 0.011229
285 3 3 0.010952
286 3 3 0.024007
287 3 3 0.010248
288 4 4 0.01103
289 6 6 0.018677
290 6 6 0.024313
291 9 9 0.01038
292 7 6 0.009909
293 4 4 0.010451
294 5 5 0.010534
295 4 4 0.011202
296 6 5 0.010763
297 3 3 0.011284
298 3 3 0.011091
299 4 4 0.01146
300 8 8 0.010757
301 6 5 0.010624
302 6 6 0.011343
303 7 6 0.011266
304 5 4 0.01108
305 4 4 0.010491
306 3 3 0.010155
307 5 5 0.010408
308 5 4 0.01122
309 5 5 0.010138
310 5 5 0.009739
311 5 5 0.010221
312 4 4 0.011267
313 4 4 0.011305
314 6 6 0.010841
315 5 5 0.010841
316 3 3 0.011284
317 6 5 0.010587
318 10 8 0.011269
319 5 4 0.011527
320 7 6 0.010957
321 8 8 0.010394
322 9 7 0.01454
323 4 4 0.011082
324 6 6 0.011984
325 5 5 0.010859
326 3 3 0.010831
327 6 6 0.011511
328 4 4 0.011695
329 6 6 0.011109
330 4 4 0.011018
331 8 8 0.010045
332 4 4 0.010519
333 4 4 0.014061
334 3 3 0.009807
335 5 5 0.010458
336 4 4 0.010966
337 10 9 0.010505
338 9 8 0.010512
339 4 4 0.011203
340 5 5 0.010254
341 8 6 0.010479
342 6 6 0.011132
343 7 6 0.010566
344 7 7 0.009761
345 7 6 0.01031
346 3 3 0.009758
347 10 8 0.00861
348 9 9 0.009205
349 4 4 0.015055
350 4 4 0.027063
351 11 11 0.02652
352 8 6 0.026471
353 7 6 0.050729
354 4 4 0.031045
355 7 6 0.03473
356 7 6 0.010293
357 8 8 0.025951
358 6 6 0.010341
359 4 4 0.022558
360 4 4 0.047098
361 8 7 0.021882
362 6 6 0.027947
363 4 4 0.022766
364 7 7 0.027233
365 6 6 0.01094
366 3 3 0.045196
367 4 4 0.027214
368 3 3 0.010137
369 4 4 0.027265
370 6 6 0.024011
371 4 4 0.027786
372 10 8 0.027305
373 4 4 0.011099
374 6 6 0.02693
375 3 3 0.034874
376 7 7 0.010299
377 7 6 0.027303
378 11 11 0.02738
379 6 6 0.024342
380 4 4 0.0112
381 6 6 0.028396
382 4 4 0.01085
383 3 3 0.011914
384 5 5 0.010018
385 7 6 0.010771
386 3 3 0.010332
387 9 9 0.010495
388 5 5 0.010372
389 5 5 0.010127
390 3 3 0.010544
391 3 3 0.010181
392 5 5 0.010175
393 6 5 0.010131
394 8 8 0.010878
395 5 4 0.01093
396 4 4 0.010988
397 5 5 0.022009
398 5 5 0.010741
399 5 4 0.021708
400 5 5 0.010222
401 7 6 0.010965
402 7 7 0.011778
403 4 4 0.012182
404 8 8 0.009901
405 7 6 0.038451
406 8 6 0.026233
407 5 5 0.010849
408 7 7 0.011386
409 8 8 0.008628
410 6 6 0.010491
411 5 5 0.010503
412 6 6 0.010913
413 9 8 0.010877
414 6 6 0.011021
415 8 8 0.010463
416 5 5 0.011843
417 4 4 0.027423
418 5 5 0.009709
419 7 7 0.010614
420 4 4 0.020358
421 5 4 0.1595045
422 8 6 0.1034818
423 3 3 0.0722797
424 3 3 0.0550345
425 5 5 0.0730286
426 7 6 0.0195211
427 4 4 0.0242023
428 5 5 0.0450252
429 7 6 0.051779
430 5 4 0.0266827
431 3 3 0.0307933
432 5 5 0.0344753
433 8 7 0.0179447
434 5 5 0.0215722
435 6 6 0.0258929
436 10 10 0.0306667
437 7 7 0.0201667
438 3 3 0.0158822
439 4 4 0.0390197
440 4 4 0.0211596
441 7 6 0.0169827
442 8 7 0.0188589
443 5 5 0.0217211
444 5 5 0.0246937
445 5 5 0.015877
446 5 5 0.0159679
447 7 7 0.0177176
448 3 3 0.0158859
449 4 4 0.0171811
450 7 7 0.0192975
451 3 3 0.018926
452 4 4 0.0463039
453 4 4 0.0186833
454 5 5 0.0165617
455 6 6 0.0182978
456 5 5 0.04225
457 8 7 0.0337405
458 9 8 0.0148337
459 9 7 0.0203555
460 7 6 0.0250593
461 5 5 0.0189894
462 4 4 0.0190987
463 8 7 0.018494
464 7 6 0.0276907
465 5 5 0.0156799
466 6 6 0.0326507
467 9 8 0.0363019
468 6 6 0.020004
469 7 7 0.0169627
470 5 4 0.0178625
471 4 4 0.016943
472 7 6 0.0153512
473 8 7 0.0175969
474 8 8 0.0189414
475 5 5 0.0163102
476 8 7 0.0211699
477 9 8 0.014199
478 8 8 0.0162638
479 7 6 0.030903
480 7 6 0.033788
481 6 6 0.017085
482 7 7 0.0301285
483 4 4 0.027376
484 9 7 0.0222805
485 6 6 0.0162842
486 7 6 0.0372222
487 8 8 0.0159787
488 5 5 0.0146853
489 5 4 0.0356651
490 6 6 0.0392126
491 6 6 0.0150773
492 5 5 0.0268658
493 8 7 0.0217691
494 6 6 0.0157741
495 6 6 0.0176245
496 3 3 0.0167583
497 6 6 0.0162621
498 6 6 0.0182117
499 6 6 0.0171253
500 8 7 0.0146617
501 7 7 0.0159503
502 4 4 0.015499
503 7 6 0.0288977
504 4 4 0.0190583
505 4 4 0.0152501
506 8 7 0.0157669
507 7 6 0.018245
508 4 4 0.0171726
509 6 5 0.0161067
510 4 4 0.0171074
511 6 6 0.0162238
512 13 12 0.0159463
513 5 5 0.0173615
514 5 4 0.0194085
515 7 7 0.0155708
516 7 6 0.0211412
517 4 4 0.0175885
518 7 7 0.0165025
519 6 6 0.0237805
520 3 3 0.0188724
521 4 4 0.0164553
522 4 4 0.015956
523 8 6 0.0151609
524 7 5 0.0162995
525 4 4 0.0184828
526 9 7 0.0155294
527 4 4 0.0160835
528 6 6 0.0168752
529 4 4 0.0156514
530 7 6 0.0155143
531 7 7 0.0189827
532 6 6 0.0162565
533 9 9 0.0154331
534 7 7 0.0181207
535 5 5 0.019304
536 6 6 0.0166549
537 7 6 0.0167502
538 5 5 0.039677
539 6 6 0.0210134
540 5 5 0.0206678
541 4 4 0.0163898
542 3 3 0.0187974
543 3 3 0.0151707
544 8 7 0.0172054
545 6 6 0.0334355
546 5 4 0.0273238
547 6 6 0.0166487
548 8 6 0.0158122
549 4 4 0.0180596
550 6 6 0.0308271
551 3 3 0.0158593
552 4 4 0.0178609
553 6 6 0.0172222
554 3 3 0.0204066
555 6 6 0.0204647
556 4 4 0.016465
557 10 7 0.0169144
558 6 6 0.0162928
559 5 5 0.0156428
560 3 3 0.0164897
561 6 6 0.0182864
562 7 7 0.0210554
563 7 7 0.0242577
564 4 4 0.0365747
565 5 4 0.0163572
566 5 5 0.0313011
567 8 8 0.014087
568 3 3 0.0225175
569 4 4 0.0220405
570 6 6 0.0160711
571 6 5 0.0215387
572 7 6 0.0237113
573 3 3 0.01528
574 3 3 0.0152284
575 3 3 0.0213743
576 5 5 0.0231721
577 9 8 0.0156743
578 10 8 0.0289312
579 10 9 0.0177419
580 3 3 0.0170436
581 4 4 0.0296123
582 3 3 0.0191007
583 6 6 0.0166421
584 9 8 0.015107
585 9 7 0.0210275
586 10 9 0.0188886
587 7 7 0.0174529
588 10 8 0.0363241
589 6 6 0.015414
590 4 4 0.0162555
591 4 4 0.0369488
592 4 4 0.0166945
593 4 4 0.0159578
594 6 6 0.0178839
595 6 6 0.0162129
596 9 9 0.0147742
597 3 3 0.0175828
598 6 6 0.0404823
599 6 6 0.0175824
600 5 5 0.0155027
601 3 3 0.0372662
602 7 7 0.0156143
603 7 6 0.0153181
604 6 6 0.0173082
605 6 6 0.0235863
606 9 7 0.016034
607 8 8 0.0214851
608 7 6 0.0314217
609 3 3 0.0152
610 9 8 0.0293504
611 5 5 0.0155928
612 9 9 0.0168672
613 5 5 0.0189253
614 4 4 0.0169935
615 11 11 0.0291573
616 4 4 0.0243307
617 9 7 0.0156782
618 4 4 0.0436902
619 4 4 0.0184265
620 6 6 0.0159715
621 8 7 0.0152111
622 7 7 0.0175733
623 5 5 0.0149051
624 3 3 0.0169477
625 8 7 0.0190405
626 8 8 0.0201321
627 4 4 0.0157304
628 10 9 0.0292826
629 5 5 0.0142049
630 5 5 0.0232167
631 8 7 0.0151493
632 5 5 0.0301913
633 5 5 0.0162519
634 10 8 0.0148018
635 4 4 0.0160481
636 4 4 0.0182054
637 6 6 0.0168617
638 6 4 0.0139402
639 3 3 0.0173611
640 4 4 0.0180881
641 6 6 0.0162972
642 5 4 0.0155535
643 5 5 0.0152289
644 5 5 0.0153929
645 3 3 0.0166918
646 6 5 0.0198473
647 5 5 0.0171665
648 4 4 0.0164252
649 5 5 0.0173203
650 10 8 0.0149886
651 7 6 0.0157846
652 7 6 0.0160943
653 6 6 0.0277175
654 4 4 0.0287573
655 9 8 0.0169446
656 6 6 0.0318744
657 3 3 0.0278964
658 7 6 0.0158408
659 4 4 0.0195107
660 7 7 0.0164401
661 3 3 0.0153804
662 7 6 0.024081
663 7 6 0.0382829
664 8 8 0.0155246
665 6 6 0.020139
666 8 8 0.0374367
667 6 5 0.0151904
668 4 4 0.0179908
669 5 5 0.0184328
670 3 3 0.0159423
671 6 6 0.0247731
672 12 11 0.0184046
673 8 8 0.01755
674 4 4 0.0157666
675 4 4 0.0175551
676 5 5 0.0194033
677 4 4 0.0159788
678 8 8 0.0150993
679 6 6 0.0152061
680 5 5 0.0152143
681 6 5 0.014987
682 6 6 0.0174234
683 4 4 0.0171038
684 6 6 0.0160569
685 3 3 0.0152743
686 6 6 0.0154778
687 8 8 0.0187905
688 5 5 0.0162626
689 3 3 0.0165364
690 8 7 0.0154177
691 4 4 0.016766
692 7 7 0.0177618
693 3 3 0.0152924
694 5 5 0.0154881
695 3 3 0.0184988
696 6 6 0.0166379
697 9 8 0.0165515
698 3 3 0.0157444
699 8 8 0.0147963
700 7 7 0.0211227
701 6 6 0.017029
702 11 9 0.0165517
703 7 7 0.0165844
704 8 7 0.018222
705 6 6 0.0156086
706 4 4 0.0215695
707 11 8 0.0171087
708 7 7 0.0141405
709 7 7 0.0154594
710 8 8 0.014719
711 5 4 0.0169514
712 4 4 0.0155095
713 5 5 0.0138801
714 4 4 0.0161236
715 8 7 0.0150001
716 7 7 0.019246
717 8 8 0.0200697
718 6 6 0.0163678
719 4 4 0.0155631
720 5 5 0.0151689
721 8 7 0.0164734
722 5 5 0.0161564
723 7 6 0.0161902
724 8 7 0.0147045
725 5 5 0.015857
726 7 7 0.0195641
727 11 11 0.015489
728 6 6 0.0164062
729 5 5 0.0166936
730 4 4 0.0159981
731 6 6 0.0198216
732 4 4 0.0176096
733 4 4 0.0170111
734 4 4 0.0176062
735 4 4 0.0189478
736 5 4 0.0192719
737 4 4 0.0160355
738 5 5 0.0153313
739 8 8 0.0159831
740 8 7 0.0156343
741 7 7 0.0160092
742 9 7 0.0159774
743 5 4 0.0158039
744 10 9 0.0147263
745 6 6 0.0166283
746 5 5 0.0168238
747 4 4 0.0228954
748 6 6 0.0255217
749 7 7 0.0130917
750 5 5 0.0363216
751 9 9 0.0148244
752 4 4 0.0170572
753 6 6 0.0160242
754 4 4 0.0164453
755 4 4 0.0155043
756 9 9 0.0255921
757 3 3 0.0151177
758 5 5 0.0154834
759 3 3 0.0162595
760 3 3 0.0149174
761 6 6 0.0152082
762 5 5 0.0146338
763 7 6 0.0225666
764 4 4 0.0155413
765 8 6 0.0147814
766 4 4 0.0145719
767 10 8 0.0146013
768 7 7 0.0166561
769 4 4 0.0163414
770 6 6 0.0150349
771 3 3 0.0161012
772 3 3 0.0187109
773 4 4 0.0152176
774 7 7 0.0162151
775 5 5 0.0148881
776 6 6 0.0158916
777 4 4 0.0161384
778 10 8 0.015759
779 6 6 0.0179673
780 6 6 0.0157322
781 3 3 0.0158643
782 4 4 0.0155518
783 5 4 0.0159642
784 4 4 0.0201686
785 5 5 0.0165083
786 4 4 0.0154615
787 5 5 0.017052
788 10 8 0.015331
789 4 4 0.0167021
790 4 4 0.0162827
791 6 5 0.0148732
792 4 4 0.0163562
793 4 4 0.0183429
794 4 4 0.0177744
795 7 7 0.0150009
796 5 4 0.0173596
797 4 4 0.0166237
798 4 4 0.0172335
799 6 6 0.0179472
800 7 6 0.014956
801 5 5 0.0210635
802 6 6 0.0195149
803 5 5 0.0156082
804 11 10 0.0143779
805 3 3 0.0154243
806 4 4 0.0158621
807 3 3 0.0154266
808 3 3 0.0173441
809 5 5 0.0148703
810 4 4 0.0170404
811 7 6 0.0154654
812 4 4 0.0148637
813 8 7 0.0392495
814 5 5 0.0175562
815 9 9 0.0171389
816 7 6 0.0184486
817 7 7 0.0176662
818 8 7 0.0157713
819 5 5 0.0264158
820 6 6 0.0171468
821 3 3 0.0165993
822 5 4 0.0347414
823 4 4 0.0165257
824 7 6 0.0164988
825 3 3 0.0248133
826 4 4 0.0331557
827 3 3 0.0172067
828 3 3 0.0325519
829 3 3 0.0165685
830 11 10 0.0151074
831 4 4 0.0340191
832 9 8 0.0186955
833 4 4 0.0184542
834 8 6 0.0295756
835 9 8 0.0401801
836 5 5 0.0154821
837 7 7 0.0292931
838 6 5 0.0142593
839 4 4 0.0155343
840 6 6 0.0172824
