1 5 5 0.117627
2 11 10 0.042847
3 14 12 0.028623
4 18 17 0.022784
5 21 19 0.037069
6 14 14 0.018058
7 8 8 0.020949
8 17 16 0.025873
9 19 18 0.015416
10 14 13 0.025214
11 14 14 0.019281
12 11 9 0.014832
13 7 7 0.055037
14 16 14 0.044236
15 12 11 0.038209
16 8 7 0.027757
17 17 16 0.017814
18 4 4 0.019657
19 9 8 0.015662
20 7 7 0.014426
21 19 18 0.025464
22 12 10 0.014344
23 18 18 0.014011
24 8 7 0.015278
25 11 11 0.018577
26 15 14 0.013707
27 13 12 0.018367
28 3 3 0.036221
29 3 3 0.017968
30 7 6 0.023478
31 11 10 0.016223
32 8 8 0.01733
33 11 11 0.03772
34 4 4 0.030412
35 3 3 0.020434
36 10 8 0.013059
37 15 13 0.017597
38 8 8 0.014134
39 11 9 0.015009
40 8 8 0.028929
41 18 16 0.029038
42 13 11 0.027711
43 6 6 0.0158
44 10 10 0.015826
45 11 9 0.015545
46 17 17 0.017294
47 11 11 0.017627
48 8 7 0.012768
49 16 14 0.02998
50 13 11 0.012344
51 12 9 0.033137
52 5 5 0.023951
53 17 14 0.011604
54 16 14 0.014893
55 14 12 0.014848
56 13 11 0.015828
57 12 12 0.017052
58 15 11 0.011559
59 9 8 0.014501
60 3 3 0.015459
61 13 12 0.013559
62 18 16 0.01688
63 17 15 0.044424
64 9 8 0.04166
65 3 3 0.017041
66 7 7 0.01582
67 6 6 0.013084
68 5 5 0.01506
69 8 8 0.014874
70 12 10 0.011339
71 5 5 0.014131
72 3 3 0.025182
73 13 11 0.015222
74 18 15 0.013733
75 22 20 0.014173
76 15 13 0.020678
77 10 9 0.040328
78 11 10 0.023653
79 7 7 0.022076
80 13 13 0.015325
81 9 9 0.012258
82 14 12 0.014032
83 4 4 0.015727
84 6 6 0.016712
85 11 9 0.014422
86 7 6 0.015667
87 12 12 0.014144
88 3 3 0.015596
89 14 14 0.024667
90 6 6 0.016213
91 9 9 0.043095
92 11 11 0.037128
93 12 11 0.023816
94 17 15 0.02585
95 13 11 0.027793
96 3 3 0.028806
97 4 4 0.015766
98 13 11 0.015772
99 9 8 0.015515
100 9 8 0.015056
101 8 8 0.016715
102 17 17 0.013807
103 15 13 0.013524
104 8 7 0.015624
105 9 8 0.015611
106 8 8 0.016401
107 13 12 0.016237
108 20 14 0.011146
109 11 11 0.014517
110 7 6 0.015228
111 3 3 0.016402
112 7 7 0.029808
113 6 6 0.015992
114 8 8 0.016787
115 10 8 0.013143
116 5 5 0.015523
117 3 3 0.015978
118 15 15 0.015997
119 10 9 0.015559
120 8 8 0.016814
121 13 11 0.021452
122 8 7 0.015876
123 14 13 0.019979
124 11 11 0.023545
125 8 8 0.015896
126 14 11 0.014096
127 14 14 0.02131
128 10 10 0.022485
129 3 3 0.016352
130 18 17 0.013968
131 10 10 0.013957
132 9 9 0.013062
133 11 11 0.014313
134 10 10 0.052287
135 11 10 0.012528
136 18 14 0.013856
137 11 10 0.029525
138 8 8 0.0144
139 12 12 0.040605
140 10 9 0.031907
141 4 4 0.024445
142 3 3 0.015777
143 7 7 0.01566
144 9 8 0.012882
145 9 8 0.015666
146 10 9 0.017313
147 17 16 0.016591
148 16 15 0.014893
149 13 13 0.016559
150 22 18 0.012449
151 8 8 0.017658
152 6 6 0.016766
153 13 10 0.012114
154 11 10 0.041093
155 17 15 0.015913
156 8 8 0.040189
157 8 8 0.026273
158 12 11 0.041183
159 9 8 0.016181
160 14 12 0.014512
161 9 9 0.014169
162 13 11 0.01714
163 6 6 0.016806
164 3 3 0.018792
165 6 6 0.029128
166 8 8 0.015772
167 6 6 0.025594
168 16 14 0.018398
169 14 12 0.014952
170 11 10 0.015747
171 12 12 0.017534
172 18 15 0.024996
173 11 11 0.012494
174 13 13 0.033386
175 8 8 0.011904
176 10 9 0.016775
177 6 6 0.0151
178 19 16 0.015052
179 13 13 0.015451
180 19 18 0.014133
181 13 12 0.014927
182 6 6 0.015953
183 19 19 0.014899
184 3 3 0.017898
185 8 8 0.015279
186 15 15 0.013339
187 13 12 0.014942
188 13 12 0.016685
189 3 3 0.028245
190 11 11 0.03925
191 11 11 0.015243
192 11 10 0.016829
193 8 8 0.016096
194 6 6 0.017827
195 9 9 0.014311
196 11 9 0.012684
197 9 9 0.01546
198 5 5 0.014426
199 15 14 0.014009
200 12 10 0.014205
201 16 13 0.015854
202 20 18 0.012794
203 8 8 0.016692
204 12 12 0.013756
205 13 11 0.011641
206 11 9 0.013502
207 6 6 0.013874
208 13 12 0.012798
209 13 13 0.015023
210 10 10 0.014416
211 14 13 0.012844
212 12 9 0.012008
213 9 9 0.015696
214 3 3 0.015928
215 23 20 0.013138
216 6 6 0.016226
217 12 12 0.015237
218 3 3 0.022842
219 8 8 0.017786
220 10 9 0.021371
221 9 9 0.01438
222 13 13 0.013852
223 13 13 0.024749
224 4 4 0.017315
225 9 9 0.015992
226 17 15 0.014515
227 8 8 0.018872
228 12 11 0.023039
229 8 8 0.030668
230 12 10 0.019231
231 15 15 0.032531
232 11 11 0.038304
233 8 7 0.038279
234 6 6 0.034926
235 6 6 0.028241
236 15 13 0.035852
237 13 11 0.023108
238 19 19 0.036003
239 16 13 0.023207
240 15 15 0.035005
241 9 9 0.037167
242 11 10 0.020625
243 20 18 0.031284
244 11 10 0.022613
245 8 8 0.056663
246 9 9 0.015915
247 13 11 0.013362
248 15 12 0.015953
249 28 24 0.0119
250 6 6 0.029818
251 19 16 0.033595
252 10 9 0.035426
253 9 8 0.029574
254 10 10 0.027595
255 8 8 0.028945
256 7 7 0.031608
257 8 7 0.067913
258 7 7 0.050983
259 9 9 0.035475
260 6 6 0.04398
261 13 12 0.032605
262 3 3 0.02986
263 6 6 0.035345
264 17 15 0.029857
265 4 4 0.030629
266 10 10 0.045541
267 11 10 0.048913
268 17 16 0.050127
269 17 15 0.032225
270 6 6 0.034657
271 13 13 0.028628
272 6 6 0.038038
273 18 18 0.034015
274 7 7 0.024218
275 11 11 0.042599
276 12 11 0.015631
277 15 15 0.014488
278 12 12 0.029291
279 13 11 0.027657
280 12 12 0.016668
281 8 6 0.029819
282 8 8 0.030383
283 11 11 0.016464
284 6 5 0.055111
285 8 8 0.012954
286 9 9 0.012166
287 6 6 0.013236
288 10 10 0.022136
289 17 15 0.035718
290 20 18 0.020426
291 9 9 0.010826
292 9 9 0.03147
293 14 13 0.03224
294 9 9 0.014404
295 12 12 0.026671
296 10 8 0.040346
297 5 5 0.012874
298 8 8 0.053621
299 6 6 0.014383
300 11 11 0.012192
301 9 8 0.029441
302 13 12 0.012274
303 11 11 0.016695
304 9 8 0.01387
305 12 11 0.032356
306 8 8 0.015324
307 12 11 0.013319
308 10 9 0.043793
309 6 6 0.015921
310 14 13 0.01364
311 12 10 0.014383
312 6 6 0.012851
313 19 15 0.014375
314 11 10 0.014046
315 11 10 0.035742
316 13 13 0.022464
317 6 6 0.020728
318 5 5 0.028168
319 11 10 0.062187
320 16 14 0.044636
321 12 12 0.04073
322 13 11 0.046943
323 11 10 0.032866
324 10 9 0.030393
325 9 8 0.034188
326 17 17 0.02868
327 13 12 0.031275
328 6 6 0.052614
329 13 13 0.061872
330 15 13 0.062036
331 16 15 0.024242
332 7 7 0.047811
333 11 10 0.03034
334 13 13 0.026582
335 7 7 0.015809
336 14 14 0.029673
337 3 3 0.033246
338 25 22 0.013913
339 14 13 0.025185
340 15 15 0.016605
341 6 6 0.02791
342 16 15 0.038324
343 14 14 0.029347
344 15 15 0.041598
345 11 10 0.029849
346 11 10 0.029576
347 10 9 0.028123
348 9 9 0.031298
349 10 9 0.038059
350 11 11 0.042918
351 13 10 0.020118
352 7 7 0.030737
353 9 8 0.022749
354 12 10 0.030694
355 13 12 0.021111
356 8 8 0.05344
357 3 3 0.030919
358 10 10 0.034782
359 7 7 0.020857
360 19 16 0.012554
361 13 13 0.034141
362 16 15 0.034192
363 13 12 0.026951
364 27 21 0.032476
365 20 18 0.0291
366 8 6 0.013234
367 12 12 0.026014
368 6 6 0.031704
369 17 16 0.022433
370 10 7 0.022996
371 11 10 0.015946
372 13 13 0.014049
373 11 11 0.013049
374 7 7 0.011981
375 3 3 0.015746
376 13 12 0.018305
377 14 14 0.01651
378 5 5 0.015027
379 12 12 0.015042
380 8 8 0.015942
381 4 4 0.016163
382 12 10 0.012667
383 17 14 0.013869
384 11 10 0.016447
385 5 5 0.014657
386 13 11 0.019987
387 9 9 0.013676
388 7 7 0.014357
389 16 16 0.012964
390 8 8 0.017306
391 7 7 0.018123
392 8 8 0.016912
393 17 14 0.011287
394 9 9 0.01574
395 12 12 0.018435
396 12 11 0.021731
397 9 8 0.013143
398 6 6 0.014145
399 11 11 0.034687
400 6 6 0.015382
401 16 16 0.013417
402 9 9 0.033823
403 8 8 0.02574
404 10 10 0.039039
405 8 8 0.028321
406 12 10 0.022624
407 8 7 0.012704
408 11 10 0.015665
409 12 12 0.014836
410 20 18 0.015406
411 8 8 0.0164
412 13 13 0.012869
413 11 10 0.014677
414 5 5 0.01385
415 11 10 0.036377
416 5 5 0.027423
417 8 8 0.031097
418 9 9 0.021012
419 11 11 0.031763
420 14 14 0.027788
421 13 13 0.1835487
422 11 11 0.1880931
423 13 12 0.235344
424 16 15 0.1480362
425 15 11 0.1486108
426 15 14 0.0850708
427 14 13 0.036895
428 11 11 0.108944
429 13 12 0.0566287
430 12 12 0.1602202
431 14 12 0.0470868
432 9 9 0.0390206
433 6 6 0.092912
434 9 9 0.0533244
435 14 14 0.0198426
436 15 14 0.019204
437 10 8 0.1236888
438 6 6 0.0217595
439 11 11 0.0637327
440 3 3 0.1536235
441 13 11 0.1334021
442 6 6 0.1333973
443 3 3 0.0948315
444 13 10 0.0181669
445 9 9 0.164365
446 12 12 0.1336942
447 8 8 0.158173
448 13 13 0.0215469
449 7 6 0.1154834
450 17 16 0.0253768
451 17 15 0.0212363
452 15 15 0.0503424
453 4 4 0.0974259
454 16 14 0.018957
455 7 6 0.0242826
456 8 8 0.0222702
457 3 3 0.0361269
458 3 3 0.0907438
459 12 11 0.0590972
460 6 6 0.058938
461 8 8 0.1238997
462 9 8 0.0580596
463 6 6 0.0594147
464 12 9 0.0546244
465 5 5 0.0551818
466 11 9 0.0596276
467 6 6 0.0189525
468 11 11 0.0229767
469 8 8 0.0241378
470 5 5 0.0722197
471 9 9 0.0566719
472 9 9 0.054518
473 13 12 0.0580794
474 12 12 0.0637479
475 12 12 0.0573835
476 11 11 0.0635349
477 10 10 0.0601637
478 8 8 0.0252916
479 10 9 0.022907
480 11 11 0.0264523
481 4 4 0.0622116
482 4 4 0.0611216
483 6 6 0.0672073
484 7 6 0.0660443
485 10 10 0.0704964
486 15 13 0.0588324
487 3 3 0.061174
488 14 12 0.0597507
489 6 6 0.0544585
490 11 10 0.0578407
491 6 6 0.0561452
492 11 11 0.0525925
493 3 3 0.0555642
494 21 17 0.059599
495 10 9 0.0557151
496 6 6 0.0535044
497 15 15 0.0601042
498 11 10 0.0572432
499 8 8 0.0535754
500 11 11 0.0578238
501 3 3 0.0612824
502 16 15 0.0536205
503 16 14 0.0518197
504 3 3 0.0608415
505 11 11 0.0220992
506 15 11 0.0197302
507 9 9 0.0551356
508 9 8 0.0510771
509 19 19 0.0167668
510 9 9 0.0192923
511 3 3 0.0227286
512 8 8 0.022485
513 11 10 0.0190013
514 10 10 0.0199799
515 8 8 0.0246518
516 12 12 0.017608
517 10 10 0.0567897
518 8 8 0.055762
519 9 9 0.0534322
520 6 6 0.0585963
521 6 6 0.0568526
522 7 6 0.0583544
523 14 11 0.0520144
524 17 16 0.057995
525 11 10 0.0539812
526 10 10 0.0540117
527 13 13 0.0602313
528 9 8 0.0556282
529 12 12 0.0581159
530 15 13 0.0570495
531 3 3 0.0540823
532 15 15 0.054948
533 8 8 0.0584649
534 15 12 0.0534174
535 11 10 0.0178212
536 17 14 0.0185412
537 9 9 0.0214369
538 5 5 0.0196436
539 4 4 0.0247115
540 14 14 0.0201578
541 3 3 0.0224658
542 19 14 0.0205944
543 14 12 0.0549311
544 10 10 0.0222736
545 8 8 0.0228146
546 13 13 0.0229993
547 5 5 0.0244711
548 6 6 0.0561049
549 3 3 0.0553849
550 13 12 0.0534154
551 11 10 0.0553307
552 13 13 0.054371
553 10 9 0.0225719
554 9 9 0.0241908
555 13 10 0.020267
556 6 6 0.0224172
557 15 15 0.0622099
558 16 13 0.0208745
559 14 14 0.0191291
560 3 3 0.0226958
561 8 7 0.0202673
562 17 17 0.0218254
563 3 3 0.0553493
564 13 11 0.0586665
565 10 8 0.0511881
566 13 12 0.0552392
567 7 6 0.0581913
568 17 15 0.0207886
569 14 13 0.0205543
570 12 12 0.0191932
571 3 3 0.0212484
572 10 9 0.0214232
573 12 11 0.0299394
574 14 14 0.0186142
575 6 6 0.0257378
576 8 8 0.0195974
577 13 13 0.0514756
578 11 11 0.0538253
579 9 9 0.1164686
580 12 10 0.0471092
581 14 14 0.0586765
582 8 8 0.0454284
583 17 16 0.0443344
584 11 11 0.0499966
585 11 10 0.0508691
586 8 7 0.0459966
587 7 6 0.0501498
588 23 22 0.0185298
589 21 19 0.0177043
590 3 3 0.02184
591 6 6 0.0223834
592 13 13 0.0200934
593 16 15 0.0213261
594 17 14 0.0494798
595 5 5 0.0364736
596 17 15 0.0487134
597 10 10 0.0512347
598 13 13 0.0525906
599 16 13 0.0207489
600 10 9 0.0207671
601 10 10 0.0544927
602 12 11 0.0224874
603 6 6 0.0492663
604 10 10 0.0414824
605 8 8 0.0404181
606 13 12 0.0462994
607 3 3 0.0531963
608 14 13 0.0534633
609 22 16 0.0449323
610 12 10 0.0473171
611 15 13 0.0503033
612 6 6 0.0198175
613 12 12 0.0206522
614 11 11 0.0206546
615 10 10 0.0200581
616 11 10 0.0344354
617 4 4 0.052031
618 12 11 0.0219979
619 6 6 0.0198746
620 6 6 0.0213083
621 8 8 0.0193978
622 9 9 0.0457457
623 17 16 0.0484803
624 9 8 0.0472814
625 8 8 0.0474941
626 12 10 0.0369938
627 5 5 0.0467641
628 5 5 0.0393652
629 11 10 0.0537973
630 11 9 0.0441658
631 10 10 0.0520049
632 11 11 0.0191166
633 3 3 0.048249
634 8 8 0.0565191
635 11 11 0.0333804
636 3 3 0.0486314
637 14 13 0.0364225
638 10 9 0.0428615
639 8 8 0.054053
640 14 14 0.0370413
641 9 9 0.0467827
642 4 4 0.040449
643 10 8 0.0403621
644 6 6 0.0548729
645 18 18 0.0289126
646 6 6 0.0184941
647 8 8 0.0215172
648 9 9 0.0193016
649 15 14 0.022183
650 9 8 0.0200937
651 13 12 0.0351966
652 10 10 0.0592555
653 13 13 0.0483861
654 15 13 0.0413443
655 18 13 0.0476829
656 13 13 0.0501772
657 15 14 0.0209319
658 14 13 0.0219596
659 14 14 0.0194742
660 6 6 0.0409319
661 13 13 0.044784
662 12 12 0.0397136
663 3 3 0.0509481
664 19 19 0.0401566
665 18 15 0.0156551
666 4 4 0.0218422
667 13 11 0.0456315
668 6 6 0.0336885
669 10 10 0.032627
670 13 11 0.051598
671 13 11 0.0519243
672 17 16 0.0522748
673 5 5 0.0482017
674 5 5 0.0394161
675 13 13 0.0238978
676 7 7 0.0182356
677 11 11 0.0187404
678 17 16 0.0465482
679 5 5 0.0403933
680 10 10 0.0528445
681 4 4 0.0496828
682 3 3 0.0219303
683 6 6 0.0227155
684 19 17 0.0188876
685 8 8 0.0399291
686 14 13 0.0471053
687 22 21 0.0386041
688 16 15 0.0508219
689 4 4 0.050096
690 13 12 0.0495475
691 8 8 0.0539849
692 11 9 0.0186012
693 10 10 0.0512965
694 6 6 0.0192751
695 18 17 0.0211287
696 9 9 0.0194769
697 20 16 0.0512526
698 17 17 0.036821
699 12 10 0.0193851
700 8 8 0.0513991
701 23 20 0.044448
702 17 17 0.0175937
703 6 6 0.0191536
704 13 11 0.0236567
705 7 7 0.0221336
706 12 12 0.0198872
707 13 12 0.0186297
708 8 8 0.0524081
709 13 12 0.0201803
710 12 10 0.0212485
711 6 6 0.0387806
712 8 8 0.0439522
713 3 3 0.0216221
714 9 9 0.0253889
715 13 12 0.0192885
716 8 8 0.0228853
717 12 12 0.0205911
718 13 13 0.0202178
719 9 9 0.0204801
720 8 8 0.0231602
721 11 11 0.0195505
722 14 14 0.0373068
723 15 14 0.0435625
724 3 3 0.0437297
725 6 6 0.0437285
726 9 9 0.0401174
727 12 10 0.0494237
728 9 8 0.0434884
729 13 13 0.0474049
730 16 13 0.0196839
731 6 6 0.0262307
732 11 10 0.0207348
733 12 12 0.0180747
734 16 15 0.0248304
735 16 14 0.020799
736 8 8 0.0199845
737 8 8 0.02307
738 13 11 0.0216623
739 7 7 0.0233894
740 4 4 0.020511
741 6 5 0.0194586
742 15 14 0.022209
743 14 11 0.0512304
744 11 11 0.0539709
745 11 11 0.0405845
746 5 5 0.0577328
747 8 8 0.0489449
748 17 15 0.0496391
749 20 20 0.0197283
750 15 15 0.0202734
751 13 13 0.0240016
752 8 8 0.020508
753 8 8 0.0198887
754 21 18 0.0497146
755 6 5 0.0495406
756 15 14 0.0469947
757 16 13 0.0542929
758 10 10 0.0522228
759 8 7 0.0218804
760 7 7 0.0218969
761 9 9 0.0194235
762 7 7 0.0201457
763 3 3 0.0219675
764 7 7 0.0182153
765 12 12 0.0512781
766 9 8 0.0448186
767 9 9 0.0423524
768 14 13 0.0443428
769 9 9 0.0161889
770 11 10 0.0487708
771 9 9 0.0443721
772 15 13 0.0174956
773 9 9 0.019161
774 11 10 0.0231895
775 3 3 0.0234534
776 15 12 0.018285
777 19 18 0.0354545
778 6 6 0.0588233
779 9 8 0.0361721
780 12 9 0.0499858
781 17 14 0.0540851
782 9 8 0.0487849
783 16 15 0.017148
784 18 16 0.0234867
785 14 11 0.0190615
786 17 16 0.0415077
787 13 11 0.0425337
788 10 10 0.0553207
789 5 5 0.0383568
790 4 4 0.0479562
791 14 14 0.0265756
792 10 10 0.0519257
793 13 13 0.0389759
794 15 14 0.053665
795 9 8 0.0400691
796 13 13 0.0565066
797 5 5 0.0286937
798 13 13 0.0442167
799 18 16 0.0486965
800 7 7 0.0520873
801 15 13 0.0435249
802 7 7 0.0462987
803 13 13 0.0184686
804 8 8 0.0219099
805 4 4 0.024078
806 9 7 0.0191352
807 17 14 0.0187952
808 14 11 0.0513511
809 11 10 0.0496509
810 7 7 0.0181691
811 11 11 0.0225299
812 17 16 0.0172457
813 12 11 0.0456698
814 4 4 0.0493755
815 10 9 0.0364057
816 4 4 0.0533273
817 9 8 0.0482785
818 9 8 0.0448061
819 11 11 0.0524079
820 13 13 0.0405173
821 13 13 0.0488689
822 8 8 0.0204042
823 7 7 0.0180958
824 10 10 0.033222
825 19 17 0.0189412
826 6 6 0.020997
827 5 5 0.0198519
828 6 6 0.0216852
829 15 13 0.0196891
830 16 14 0.0206703
831 11 10 0.0486637
832 6 6 0.0503315
833 20 16 0.0314752
834 13 13 0.0517193
835 10 10 0.0166005
836 18 18 0.0186394
837 13 11 0.0360216
838 14 14 0.0535796
839 13 11 0.0409289
840 18 17 0.0518665
