1 10 10 0.298225
2 20 18 0.098222
3 39 36 0.04068
4 27 25 0.041896
5 12 11 0.098769
6 20 20 0.098834
7 27 27 0.079039
8 18 18 0.087729
9 16 16 0.075309
10 18 18 0.110432
11 12 12 0.08013
12 21 19 0.023366
13 33 27 0.060849
14 57 49 0.04672
15 25 25 0.055905
16 34 32 0.029456
17 24 23 0.040674
18 15 14 0.03624
19 25 22 0.022485
20 23 20 0.04189
21 13 13 0.034208
22 29 29 0.029941
23 16 15 0.022379
24 11 10 0.033684
25 22 22 0.067693
26 25 23 0.033873
27 23 22 0.031342
28 23 22 0.039866
29 23 21 0.018279
30 14 13 0.023006
31 33 26 0.020435
32 14 13 0.032756
33 17 17 0.057893
34 25 23 0.056508
35 19 19 0.021842
36 21 19 0.057721
37 37 35 0.017007
38 15 15 0.080374
39 10 10 0.046893
40 30 28 0.037405
41 18 17 0.02268
42 27 26 0.035305
43 22 20 0.0484
44 28 28 0.0633
45 19 18 0.023294
46 30 27 0.017847
47 21 21 0.036474
48 8 8 0.056777
49 22 21 0.047316
50 15 13 0.038841
51 33 31 0.029194
52 22 21 0.028293
53 17 17 0.030847
54 14 14 0.037552
55 34 30 0.024965
56 23 21 0.038416
57 32 32 0.027525
58 28 25 0.024919
59 17 17 0.037288
60 24 22 0.021673
61 31 25 0.026355
62 10 10 0.064936
63 18 17 0.040894
64 12 12 0.06365
65 21 21 0.031494
66 17 15 0.039313
67 26 24 0.019495
68 27 23 0.041611
69 15 15 0.041138
70 24 20 0.035058
71 34 30 0.036904
72 10 10 0.043299
73 29 27 0.023561
74 31 28 0.028688
75 18 17 0.038632
76 33 30 0.031437
77 8 8 0.069498
78 30 25 0.034398
79 21 21 0.032951
80 43 39 0.072063
81 19 15 0.033689
82 17 17 0.041952
83 20 17 0.116364
84 16 15 0.044619
85 11 11 0.041681
86 29 29 0.025013
87 22 19 0.027795
88 20 19 0.03357
89 28 26 0.041097
90 26 23 0.027936
91 16 16 0.038218
92 22 21 0.029123
93 34 29 0.032381
94 18 18 0.030904
95 27 21 0.037066
96 8 8 0.068431
97 13 13 0.039228
98 27 25 0.030365
99 16 15 0.041038
100 17 16 0.053287
101 9 9 0.033448
102 16 16 0.05321
103 15 11 0.04955
104 17 15 0.032294
105 4 4 0.035672
106 28 24 0.03711
107 30 27 0.024127
108 16 14 0.046347
109 18 15 0.020563
110 26 26 0.015916
111 25 23 0.052026
112 22 18 0.035609
113 10 10 0.03418
114 24 22 0.065662
115 31 28 0.028821
116 19 18 0.056665
117 16 16 0.039185
118 15 13 0.02978
119 19 19 0.036741
120 8 7 0.084519
121 8 8 0.03896
122 3 3 0.117138
123 19 19 0.030121
124 16 15 0.092437
125 23 23 0.067306
126 15 15 0.048075
127 15 15 0.029081
128 16 16 0.022418
129 26 23 0.038377
130 14 13 0.055501
131 18 17 0.0431
132 11 11 0.035584
133 21 19 0.041787
134 28 24 0.044683
135 14 14 0.036973
136 11 10 0.074609
137 24 20 0.046832
138 24 24 0.0456
139 24 22 0.038331
140 21 19 0.112382
141 32 30 0.057934
142 18 15 0.049453
143 13 13 0.049896
144 4 4 0.035025
145 20 20 0.039186
146 33 30 0.063776
147 38 33 0.062746
148 16 16 0.088587
149 22 19 0.041291
150 16 15 0.095808
151 20 20 0.031086
152 17 16 0.028418
153 15 13 0.042624
154 16 16 0.042722
155 14 12 0.02281
156 18 15 0.030775
157 25 24 0.051899
158 37 37 0.065815
159 22 22 0.043283
160 12 12 0.032962
161 25 21 0.014179
162 24 24 0.047532
163 10 10 0.044857
164 22 19 0.037652
165 10 10 0.047795
166 29 25 0.03286
167 43 35 0.020487
168 31 29 0.03457
169 22 18 0.034292
170 26 23 0.030357
171 45 39 0.063963
172 34 28 0.079411
173 15 14 0.059766
174 43 38 0.026092
175 19 16 0.04816
176 29 25 0.046455
177 19 17 0.070268
178 28 27 0.035579
179 36 34 0.04555
180 13 13 0.072278
181 15 15 0.067094
182 23 22 0.078116
183 27 25 0.039029
184 13 11 0.040862
185 21 19 0.086385
186 28 25 0.047628
187 29 25 0.034873
188 23 21 0.074876
189 17 13 0.041823
190 17 17 0.077361
191 14 14 0.041041
192 15 13 0.076053
193 16 16 0.062769
194 32 28 0.016366
195 23 20 0.045708
196 26 26 0.047702
197 13 13 0.094867
198 29 29 0.03853
199 13 12 0.03804
200 30 27 0.063387
201 19 19 0.058262
202 17 17 0.068303
203 34 32 0.026473
204 14 14 0.034185
205 19 18 0.055046
206 17 17 0.034752
207 21 21 0.019759
208 22 21 0.038405
209 33 31 0.042322
210 26 22 0.045111
211 15 15 0.045241
212 8 8 0.08602
213 25 21 0.044927
214 36 32 0.034941
215 16 16 0.056517
216 23 23 0.020421
217 25 22 0.086264
218 20 16 0.054333
219 16 16 0.02566
220 10 10 0.078609
221 21 21 0.044914
222 34 29 0.04902
223 15 15 0.039843
224 25 22 0.05428
225 22 18 0.033273
226 18 18 0.043521
227 17 17 0.030131
228 17 15 0.020024
229 33 31 0.090633
230 3 3 0.038708
231 15 15 0.022882
232 35 31 0.04338
233 13 12 0.039376
234 17 17 0.016251
235 10 10 0.061059
236 15 14 0.040137
237 19 18 0.057303
238 12 11 0.040908
239 21 19 0.020391
240 28 26 0.027748
241 19 17 0.031739
242 33 31 0.034228
243 21 20 0.044332
244 17 16 0.040743
245 6 6 0.037629
246 16 14 0.05076
247 32 30 0.023222
248 13 13 0.036533
249 32 28 0.014997
250 27 25 0.063027
251 16 15 0.045458
252 19 17 0.067676
253 10 10 0.044081
254 3 3 0.07899
255 22 22 0.06584
256 23 22 0.049615
257 17 16 0.049851
258 23 20 0.071297
259 15 15 0.01576
260 23 20 0.079193
261 27 26 0.040626
262 23 21 0.035067
263 23 22 0.034593
264 13 13 0.102749
265 15 15 0.037653
266 32 28 0.056593
267 19 19 0.08877
268 19 19 0.073725
269 15 15 0.066519
270 15 12 0.055098
271 28 26 0.037285
272 13 12 0.033059
273 23 23 0.080676
274 35 32 0.080259
275 17 17 0.070884
276 18 17 0.079487
277 38 36 0.053517
278 34 28 0.042812
279 16 16 0.030069
280 14 13 0.04657
281 31 28 0.053123
282 34 32 0.069768
283 46 39 0.045015
284 18 15 0.040035
285 14 14 0.040206
286 25 24 0.054106
287 14 14 0.038346
288 14 14 0.086297
289 15 13 0.06652
290 20 18 0.11781
291 10 9 0.100293
292 19 19 0.020316
293 17 17 0.03334
294 25 23 0.019621
295 21 21 0.03121
296 19 19 0.035475
297 7 7 0.07307
298 20 20 0.092581
299 25 22 0.093854
300 28 26 0.05951
301 21 19 0.034681
302 23 21 0.033148
303 40 35 0.091512
304 30 28 0.056961
305 26 25 0.047287
306 5 5 0.042292
307 29 25 0.039982
308 5 5 0.049074
309 14 14 0.04449
310 11 11 0.057594
311 48 46 0.022606
312 22 19 0.043549
313 14 13 0.054236
314 16 16 0.053507
315 35 32 0.029331
316 26 26 0.094213
317 11 11 0.146772
318 19 18 0.104894
319 26 26 0.123475
320 12 10 0.076304
321 8 8 0.056936
322 22 21 0.070172
323 17 13 0.059077
324 10 10 0.021926
325 20 19 0.080706
326 25 22 0.086652
327 20 17 0.075162
328 14 14 0.039016
329 24 22 0.038183
330 19 19 0.051256
331 30 25 0.06774
332 18 17 0.033477
333 18 17 0.085519
334 19 19 0.076123
335 25 23 0.111328
336 8 8 0.046455
337 21 18 0.040066
338 10 10 0.055981
339 20 17 0.066556
340 29 22 0.053274
341 11 10 0.044728
342 22 21 0.029374
343 12 12 0.050035
344 18 17 0.0498
345 7 7 0.074463
346 30 27 0.092928
347 32 29 0.050749
348 16 14 0.03667
349 15 13 0.048753
350 20 19 0.055738
351 22 22 0.02696
352 7 7 0.025141
353 33 31 0.021716
354 30 29 0.024439
355 6 6 0.036701
356 15 13 0.039017
357 17 17 0.024222
358 27 22 0.028084
359 30 27 0.020102
360 21 18 0.039011
361 19 19 0.028017
362 17 17 0.032581
363 39 37 0.023038
364 17 15 0.030745
365 18 15 0.03046
366 41 36 0.025656
367 10 10 0.043036
368 28 26 0.043101
369 11 10 0.045483
370 23 21 0.05026
371 10 8 0.056073
372 17 16 0.072508
373 39 36 0.030213
374 10 10 0.053661
375 20 16 0.089735
376 30 28 0.073523
377 14 14 0.082889
378 16 14 0.065431
379 22 21 0.073057
380 36 36 0.048259
381 8 8 0.109243
382 18 17 0.061987
383 23 20 0.051557
384 35 34 0.033881
385 16 16 0.029541
386 22 21 0.038279
387 21 21 0.038178
388 12 10 0.060304
389 15 14 0.020781
390 11 11 0.079557
391 14 14 0.138678
392 23 23 0.038424
393 34 29 0.090123
394 13 12 0.048295
395 9 9 0.069125
396 20 18 0.07444
397 23 23 0.047582
398 15 14 0.105828
399 11 11 0.061124
400 22 21 0.044927
401 18 18 0.052076
402 25 24 0.026741
403 23 23 0.027379
404 32 30 0.031426
405 28 26 0.026697
406 44 43 0.029288
407 30 26 0.036334
408 12 12 0.023736
409 17 16 0.047081
410 26 21 0.031629
411 15 13 0.031048
412 11 11 0.044577
413 10 10 0.055202
414 15 15 0.04084
415 20 17 0.05345
416 28 27 0.026845
417 27 27 0.02055
418 24 24 0.036433
419 17 15 0.023708
420 10 10 0.02536
421 22 21 0.4592389
422 34 28 0.2726675
423 34 32 0.4103013
424 23 21 0.3676773
425 23 19 0.378977
426 24 23 0.3564372
427 35 34 0.3004532
428 12 12 0.1742557
429 27 23 0.270335
430 13 13 0.4145605
431 29 26 0.1941674
432 26 25 0.024863
433 16 16 0.0679209
434 10 10 0.061445
435 26 24 0.0525438
436 40 37 0.1857903
437 12 12 0.3679276
438 33 33 0.1941265
439 27 27 0.194818
440 16 15 0.2041909
441 20 18 0.2902311
442 22 21 0.159551
443 8 8 0.35237
444 31 28 0.0272911
445 22 20 0.0716737
446 32 27 0.0662166
447 24 23 0.1758634
448 14 12 0.1878506
449 27 23 0.0617498
450 17 17 0.0779667
451 25 21 0.0694343
452 7 7 0.0579869
453 20 19 0.083359
454 19 19 0.0841097
455 14 14 0.0544899
456 40 34 0.0289465
457 17 17 0.0965167
458 22 20 0.1024351
459 16 15 0.178633
460 41 35 0.188611
461 31 27 0.1666637
462 19 19 0.1899594
463 14 13 0.3643747
464 30 28 0.1695157
465 21 21 0.1402725
466 19 17 0.0651233
467 24 23 0.0415143
468 29 28 0.0537319
469 21 21 0.1487483
470 38 33 0.1997726
471 22 19 0.2880853
472 17 17 0.2940655
473 16 16 0.2153567
474 24 24 0.2230933
475 20 20 0.0600611
476 19 19 0.0462485
477 4 4 0.1291057
478 17 15 0.0525767
479 31 26 0.0680692
480 20 18 0.0578097
481 18 15 0.0376932
482 25 23 0.0538144
483 10 10 0.1108862
484 19 15 0.1033133
485 11 11 0.1903564
486 25 23 0.1106399
487 13 13 0.1213979
488 9 7 0.1040472
489 16 15 0.1458983
490 34 29 0.0802673
491 47 43 0.0693361
492 23 23 0.0929461
493 20 17 0.1782884
494 16 14 0.0784362
495 48 41 0.0681689
496 25 22 0.1095635
497 23 23 0.0530675
498 28 24 0.1241729
499 21 19 0.0718781
500 15 14 0.0917688
501 28 28 0.0549702
502 21 19 0.0287368
503 28 28 0.0563136
504 24 22 0.0654211
505 33 29 0.2037601
506 15 15 0.121699
507 21 20 0.1205953
508 46 44 0.0427392
509 18 17 0.0857948
510 32 27 0.1487731
511 21 21 0.0575928
512 27 27 0.1400653
513 35 34 0.1383322
514 13 13 0.3622156
515 15 15 0.1514566
516 11 11 0.2213887
517 14 14 0.2367209
518 22 18 0.2792593
519 26 22 0.1607981
520 10 9 0.2036884
521 31 28 0.1916861
522 17 17 0.1800092
523 3 3 0.4498553
524 22 20 0.1819783
525 13 11 0.2941131
526 18 17 0.2945731
527 24 20 0.2111966
528 23 23 0.1683675
529 12 11 0.2340388
530 31 31 0.1285357
531 20 19 0.1416906
532 23 22 0.1102019
533 14 13 0.137274
534 29 26 0.0921315
535 18 16 0.066786
536 21 19 0.0518123
537 24 23 0.1387385
538 10 10 0.1405375
539 21 18 0.0775999
540 6 6 0.1150317
541 33 31 0.0435589
542 23 22 0.0864453
543 31 27 0.0661508
544 24 21 0.0925675
545 20 18 0.1471677
546 21 17 0.1334713
547 18 17 0.1483633
548 17 17 0.0710158
549 18 15 0.121911
550 17 15 0.0850153
551 19 19 0.0911484
552 31 28 0.1124934
553 39 36 0.1030379
554 15 15 0.1517764
555 19 18 0.1093898
556 23 20 0.0578505
557 21 19 0.088638
558 30 28 0.0299984
559 24 22 0.0859824
560 36 32 0.0999672
561 17 17 0.0549065
562 35 31 0.0343195
563 22 20 0.1051031
564 13 12 0.0683235
565 31 29 0.0260478
566 11 10 0.0565473
567 16 16 0.1250917
568 28 23 0.1289326
569 22 19 0.0924631
570 20 20 0.1958288
571 22 19 0.128946
572 16 15 0.1213841
573 27 23 0.0962506
574 20 19 0.1362703
575 17 14 0.1903048
576 14 12 0.053199
577 10 10 0.1348231
578 26 23 0.0686986
579 13 11 0.2020483
580 24 21 0.2010268
581 21 21 0.1279744
582 30 28 0.1625409
583 19 16 0.0930103
584 22 22 0.1811744
585 22 20 0.1111581
586 21 21 0.0949998
587 15 14 0.1492685
588 13 13 0.1648958
589 19 18 0.1151207
590 28 28 0.0309936
591 18 14 0.0745437
592 32 32 0.0941803
593 22 20 0.0424892
594 26 25 0.1020662
595 9 8 0.1589693
596 6 6 0.2306382
597 41 37 0.0941341
598 12 12 0.11306
599 21 19 0.1157195
600 30 26 0.2331971
601 34 29 0.1016091
602 11 10 0.1266185
603 21 21 0.1484413
604 9 9 0.3577725
605 19 19 0.1113069
606 11 10 0.1489998
607 12 12 0.2325535
608 36 34 0.1415581
609 4 4 0.2333429
610 12 11 0.1361474
611 9 9 0.1300396
612 20 18 0.2670174
613 24 24 0.1709584
614 14 14 0.2424858
615 21 17 0.2166217
616 12 12 0.2536694
617 42 36 0.1409733
618 17 16 0.1819061
619 25 22 0.2956533
620 23 22 0.3105526
621 6 6 0.1869868
622 11 10 0.2553178
623 3 3 0.283888
624 30 30 0.1302265
625 28 26 0.261713
626 28 25 0.13498
627 30 24 0.0365846
628 12 12 0.0471239
629 37 35 0.0432653
630 17 15 0.0559661
631 20 20 0.0394786
632 40 30 0.0300857
633 20 19 0.0400293
634 39 36 0.0292146
635 14 13 0.0598506
636 13 12 0.0490942
637 15 15 0.068773
638 23 21 0.0247465
639 30 25 0.0448137
640 30 24 0.0590832
641 25 21 0.0422463
642 21 19 0.0303888
643 11 11 0.0749944
644 35 33 0.0407229
645 24 20 0.0670783
646 28 25 0.0540274
647 31 29 0.0451455
648 31 30 0.0507795
649 6 6 0.057098
650 6 6 0.2440874
651 17 17 0.0478219
652 17 16 0.0542169
653 19 16 0.0547102
654 5 5 0.0481812
655 6 6 0.063654
656 14 11 0.0544084
657 23 19 0.1226956
658 16 16 0.0452162
659 16 15 0.0312781
660 17 17 0.0427816
661 19 17 0.0325314
662 33 31 0.0415699
663 20 19 0.2401518
664 22 22 0.0268871
665 26 25 0.0435365
666 28 25 0.0303394
667 18 17 0.060812
668 26 22 0.0534866
669 10 10 0.0756938
670 32 26 0.0419745
671 19 17 0.0601526
672 14 14 0.254537
673 21 21 0.1747541
674 26 22 0.0529259
675 30 26 0.0336958
676 25 25 0.2848962
677 22 21 0.1574817
678 17 17 0.1842047
679 8 8 0.5140449
680 21 18 0.3966154
681 14 14 0.3816066
682 15 15 0.0693264
683 25 22 0.0409678
684 20 20 0.0609473
685 16 16 0.0512399
686 17 17 0.0609804
687 36 31 0.0444874
688 25 22 0.0684689
689 19 19 0.0718075
690 24 22 0.0365972
691 25 25 0.0587486
692 30 26 0.3375501
693 21 19 0.1883247
694 22 21 0.3350176
695 25 24 0.2274656
696 21 19 0.3385349
697 35 32 0.3427317
698 37 36 0.1680799
699 18 18 0.2929422
700 27 25 0.1949643
701 21 21 0.3627314
702 23 23 0.2408892
703 24 23 0.1881743
704 18 17 0.2232857
705 27 25 0.2130997
706 28 25 0.3796234
707 26 24 0.1940545
708 30 27 0.2901085
709 30 29 0.3729028
710 3 3 0.3736193
711 35 27 0.3039447
712 23 22 0.2083961
713 33 26 0.1711736
714 21 19 0.193489
715 20 20 0.3312104
716 17 14 0.2169569
717 25 22 0.0385703
718 22 21 0.057278
719 30 26 0.0340672
720 12 11 0.0580704
721 13 11 0.065829
722 18 18 0.059084
723 15 13 0.0802605
724 18 17 0.057098
725 15 15 0.0699686
726 29 25 0.2172823
727 16 16 0.0497291
728 26 22 0.0324331
729 33 28 0.047705
730 48 44 0.0271717
731 16 16 0.0541864
732 22 22 0.0353207
733 33 30 0.0349544
734 25 22 0.0465316
735 16 15 0.0818724
736 10 10 0.0509836
737 18 18 0.0462111
738 22 21 0.0530422
739 6 6 0.3434891
740 36 32 0.0385041
741 30 30 0.0303492
742 20 19 0.0599948
743 21 19 0.2110081
744 9 9 0.1925573
745 17 14 0.1831018
746 11 9 0.3578377
747 12 12 0.2982291
748 21 21 0.0654392
749 23 23 0.0517385
750 23 22 0.0421792
751 24 21 0.0462774
752 26 26 0.0525882
753 36 32 0.136451
754 13 13 0.2424603
755 28 28 0.2740986
756 10 9 0.3003681
757 20 17 0.0597986
758 33 31 0.2448028
759 14 14 0.0565416
760 48 42 0.021247
761 44 41 0.0190063
762 25 21 0.0465532
763 8 8 0.1709993
764 30 23 0.0930716
765 23 21 0.0700711
766 13 12 0.1822218
767 10 10 0.1611502
768 28 26 0.0573071
769 35 30 0.0328409
770 16 15 0.0549613
771 14 14 0.051301
772 17 14 0.0485238
773 6 6 0.104429
774 22 20 0.0426275
775 15 12 0.0204583
776 29 27 0.1076685
777 12 12 0.0406752
778 14 13 0.0682207
779 23 21 0.070628
780 29 29 0.0609838
781 25 24 0.0520678
782 22 19 0.0649922
783 10 9 0.0489749
784 14 14 0.0459788
785 32 30 0.0299123
786 32 31 0.0408663
787 32 28 0.0387254
788 19 18 0.0601737
789 13 13 0.0772987
790 6 6 0.0743228
791 28 24 0.0521826
792 28 23 0.0345855
793 21 20 0.0385905
794 15 14 0.0555742
795 24 22 0.045675
796 16 14 0.0416746
797 17 17 0.0449059
798 22 16 0.049326
799 20 15 0.0202073
800 30 28 0.0285224
801 17 15 0.061144
802 24 21 0.0460569
803 24 20 0.0335892
804 21 19 0.053394
805 20 20 0.0399949
806 26 23 0.0356471
807 30 26 0.0244428
808 24 22 0.0488634
809 27 25 0.0384448
810 21 20 0.0510271
811 8 8 0.0634303
812 15 14 0.0423832
813 19 16 0.0351456
814 26 23 0.0407717
815 19 15 0.0471334
816 33 29 0.036966
817 25 24 0.033887
818 32 31 0.028548
819 17 15 0.0484764
820 29 24 0.0626209
821 10 9 0.0333204
822 18 14 0.0425377
823 31 28 0.0535001
824 25 22 0.0269069
825 8 8 0.0674522
826 10 10 0.0506396
827 23 21 0.0290337
828 13 12 0.0592761
829 12 10 0.0572922
830 19 19 0.0444519
831 17 16 0.0491644
832 21 21 0.0315959
833 19 19 0.0552999
834 19 19 0.0205901
835 18 18 0.0330501
836 28 22 0.0359953
837 18 16 0.0264936
838 35 30 0.036531
839 8 8 0.0510065
840 34 34 0.0166798
