1 29 26 0.557566
2 31 28 0.120099
3 39 37 0.106478
4 18 17 0.111366
5 23 22 0.125908
6 12 12 0.113327
7 21 21 0.085959
8 28 28 0.097862
9 35 28 0.078742
10 29 27 0.105299
11 33 28 0.042804
12 30 25 0.109285
13 31 31 0.049015
14 23 20 0.128754
15 27 23 0.065621
16 39 33 0.046875
17 23 22 0.063549
18 18 16 0.04835
19 32 27 0.040554
20 25 22 0.041
21 51 43 0.05301
22 24 22 0.036697
23 24 23 0.053659
24 35 31 0.111872
25 40 38 0.113913
26 23 19 0.053506
27 45 35 0.089141
28 27 25 0.049558
29 38 34 0.073752
30 28 25 0.057854
31 21 19 0.061099
32 29 24 0.039332
33 34 31 0.081641
34 40 34 0.03051
35 43 37 0.032911
36 28 23 0.065028
37 38 32 0.059087
38 35 32 0.043808
39 45 40 0.032463
40 32 30 0.040824
41 20 17 0.052845
42 24 21 0.051679
43 30 30 0.062561
44 30 28 0.047534
45 46 36 0.034508
46 26 26 0.035425
47 35 30 0.042557
48 42 39 0.039957
49 33 33 0.035806
50 37 33 0.043561
51 38 35 0.069489
52 24 22 0.104283
53 38 35 0.058015
54 18 14 0.114211
55 36 33 0.059077
56 30 28 0.048101
57 39 37 0.074944
58 29 27 0.175865
59 21 20 0.053692
60 37 34 0.048419
61 25 23 0.056073
62 20 17 0.067558
63 27 26 0.102108
64 23 23 0.049426
65 28 27 0.05327
66 33 29 0.029247
67 10 10 0.048318
68 26 25 0.07101
69 28 27 0.029057
70 39 35 0.056319
71 23 22 0.142712
72 29 25 0.075788
73 16 16 0.103432
74 7 7 0.050438
75 28 22 0.066847
76 22 22 0.084618
77 31 30 0.096693
78 43 35 0.041618
79 32 28 0.045357
80 36 31 0.029202
81 31 28 0.068278
82 10 10 0.032229
83 45 41 0.089384
84 21 21 0.085655
85 31 27 0.159001
86 16 15 0.09127
87 34 29 0.078504
88 28 28 0.065892
89 13 12 0.10054
90 39 37 0.040489
91 37 33 0.073425
92 22 21 0.116308
93 20 18 0.06399
94 32 28 0.117769
95 14 13 0.107944
96 11 11 0.097417
97 33 30 0.085246
98 35 33 0.080823
99 24 23 0.081772
100 16 16 0.128102
101 26 23 0.071909
102 37 37 0.072894
103 35 31 0.076784
104 36 30 0.1365
105 36 31 0.091891
106 21 19 0.039654
107 23 22 0.030916
108 42 39 0.075105
109 14 13 0.065924
110 17 16 0.042574
111 36 33 0.055422
112 46 41 0.081202
113 29 26 0.040029
114 15 15 0.05377
115 24 23 0.04043
116 31 27 0.056331
117 21 18 0.171925
118 13 13 0.032267
119 27 25 0.06596
120 18 16 0.034542
121 52 50 0.036778
122 32 31 0.06292
123 26 25 0.047843
124 35 32 0.023601
125 34 33 0.072739
126 32 28 0.076395
127 24 20 0.111339
128 35 33 0.085558
129 9 9 0.06247
130 54 45 0.070065
131 16 15 0.121458
132 32 29 0.065158
133 28 24 0.078553
134 30 27 0.099093
135 29 24 0.076245
136 21 20 0.087148
137 42 36 0.072988
138 19 18 0.113174
139 24 23 0.058969
140 18 17 0.042114
141 24 21 0.054971
142 13 13 0.066129
143 33 30 0.0461
144 39 38 0.051842
145 38 29 0.028786
146 22 20 0.041992
147 19 19 0.04613
148 37 33 0.047904
149 44 40 0.029197
150 26 23 0.061861
151 24 23 0.077227
152 28 28 0.04993
153 19 17 0.048777
154 26 23 0.094482
155 22 20 0.094523
156 26 24 0.086169
157 35 33 0.063556
158 44 39 0.054967
159 35 31 0.044798
160 32 30 0.036083
161 23 20 0.060435
162 20 20 0.06329
163 33 30 0.062334
164 32 28 0.050579
165 24 18 0.040231
166 25 22 0.080222
167 18 17 0.069024
168 34 30 0.049579
169 33 30 0.082248
170 20 18 0.047796
171 25 23 0.124809
172 38 36 0.094835
173 23 21 0.041665
174 40 37 0.05246
175 13 13 0.059078
176 18 18 0.074514
177 20 19 0.049412
178 27 25 0.033948
179 13 12 0.050554
180 38 36 0.027517
181 35 34 0.048784
182 38 35 0.050231
183 36 28 0.067925
184 32 24 0.063379
185 7 7 0.079764
186 17 12 0.053399
187 44 37 0.050339
188 35 32 0.036657
189 22 19 0.073285
190 11 11 0.046284
191 32 26 0.046241
192 30 29 0.045824
193 30 26 0.050032
194 27 20 0.053779
195 38 36 0.035898
196 25 25 0.06856
197 30 23 0.04535
198 56 49 0.025071
199 42 39 0.024943
200 43 38 0.048838
201 42 39 0.050378
202 17 16 0.041218
203 21 19 0.028959
204 27 23 0.113091
205 22 22 0.119264
206 31 29 0.09758
207 37 37 0.038136
208 11 11 0.060153
209 43 35 0.043749
210 45 39 0.072689
211 43 38 0.050814
212 25 23 0.10204
213 43 36 0.043889
214 31 27 0.038372
215 22 17 0.040078
216 19 15 0.065962
217 30 24 0.090309
218 37 31 0.071819
219 34 32 0.032882
220 26 22 0.031192
221 34 30 0.073653
222 26 26 0.047781
223 28 24 0.047547
224 30 26 0.043908
225 25 24 0.054011
226 43 40 0.050189
227 25 23 0.047029
228 25 23 0.083915
229 19 19 0.12127
230 21 19 0.110427
231 27 22 0.051393
232 19 19 0.077421
233 18 18 0.046091
234 29 24 0.064848
235 37 34 0.061828
236 32 30 0.085341
237 29 25 0.075617
238 29 29 0.103998
239 7 7 0.048218
240 7 7 0.106258
241 14 13 0.035875
242 35 32 0.015786
243 38 34 0.109567
244 44 40 0.025091
245 27 26 0.051223
246 32 30 0.079901
247 32 27 0.10532
248 29 29 0.046109
249 23 21 0.123999
250 33 32 0.105537
251 15 13 0.108956
252 31 27 0.107203
253 36 35 0.065895
254 21 19 0.11461
255 19 19 0.052496
256 21 20 0.085221
257 16 16 0.101806
258 25 25 0.048075
259 13 13 0.05
260 36 31 0.052755
261 37 32 0.041273
262 13 11 0.04142
263 22 20 0.02425
264 29 23 0.038451
265 32 27 0.033811
266 51 40 0.028042
267 41 32 0.052937
268 52 45 0.050979
269 17 15 0.141605
270 16 16 0.085609
271 26 25 0.042198
272 41 34 0.101417
273 29 26 0.06278
274 36 31 0.053415
275 21 21 0.035792
276 32 29 0.054023
277 49 43 0.031205
278 32 32 0.02699
279 19 18 0.056296
280 29 27 0.02676
281 27 26 0.0964
282 39 34 0.037267
283 43 37 0.062292
284 7 7 0.086761
285 18 18 0.065247
286 23 22 0.052623
287 54 47 0.105032
288 22 21 0.081124
289 15 14 0.048518
290 29 26 0.088086
291 50 45 0.116195
292 13 12 0.036218
293 23 21 0.044521
294 20 15 0.039626
295 45 39 0.051699
296 32 28 0.026677
297 14 13 0.067866
298 23 21 0.0589
299 14 13 0.044259
300 37 32 0.048891
301 59 43 0.022261
302 41 37 0.037762
303 16 16 0.065642
304 15 15 0.046312
305 24 21 0.047586
306 20 19 0.127372
307 11 11 0.104394
308 21 20 0.023695
309 17 14 0.037214
310 48 41 0.027609
311 50 42 0.031143
312 19 17 0.094524
313 28 28 0.042904
314 16 15 0.053998
315 44 42 0.031939
316 21 17 0.051041
317 44 42 0.028066
318 37 34 0.056766
319 22 21 0.051593
320 28 27 0.093709
321 24 23 0.033228
322 27 20 0.043942
323 14 14 0.081778
324 26 23 0.059632
325 32 28 0.057032
326 16 16 0.061365
327 34 29 0.109511
328 30 27 0.043929
329 25 24 0.043891
330 43 39 0.048609
331 28 25 0.036698
332 34 29 0.025515
333 33 30 0.073516
334 38 33 0.045425
335 23 23 0.048095
336 57 46 0.034779
337 16 15 0.031714
338 22 21 0.054694
339 13 13 0.041307
340 27 23 0.060013
341 41 39 0.018909
342 38 33 0.045159
343 28 28 0.069294
344 29 27 0.026204
345 24 19 0.075451
346 32 28 0.049106
347 25 23 0.085535
348 45 34 0.04075
349 14 14 0.048415
350 50 42 0.030274
351 33 33 0.053163
352 12 10 0.117157
353 40 33 0.061304
354 32 29 0.041643
355 24 20 0.072292
356 28 24 0.06734
357 25 21 0.054585
358 12 12 0.048294
359 16 14 0.082987
360 38 35 0.041838
361 48 42 0.03425
362 22 22 0.059998
363 35 33 0.04804
364 21 17 0.049599
365 17 16 0.029065
366 18 18 0.055466
367 30 26 0.041739
368 14 13 0.075479
369 25 22 0.085089
370 27 24 0.065575
371 43 37 0.026332
372 36 29 0.041509
373 28 27 0.052832
374 22 20 0.067056
375 21 17 0.111722
376 29 26 0.052104
377 18 17 0.050109
378 29 29 0.021008
379 26 23 0.059325
380 42 37 0.068973
381 37 31 0.075733
382 25 23 0.03535
383 36 29 0.04187
384 26 21 0.057411
385 36 34 0.043697
386 15 14 0.046324
387 11 11 0.067441
388 44 40 0.07116
389 28 25 0.110252
390 47 40 0.090674
391 20 18 0.087352
392 39 37 0.085443
393 29 27 0.074239
394 29 23 0.056875
395 19 18 0.056294
396 23 21 0.04184
397 25 22 0.047324
398 20 17 0.051829
399 42 36 0.027511
400 28 25 0.040241
401 37 33 0.050684
402 30 24 0.037628
403 45 39 0.03543
404 28 26 0.029204
405 32 28 0.046103
406 16 14 0.08317
407 30 25 0.054007
408 33 28 0.08048
409 15 15 0.088992
410 42 36 0.043702
411 23 21 0.098612
412 21 19 0.090803
413 31 28 0.073255
414 14 13 0.06607
415 35 29 0.10947
416 36 32 0.078291
417 24 24 0.143669
418 23 22 0.056032
419 22 22 0.064829
420 24 20 0.055435
421 30 27 0.7071206
422 12 11 0.1869873
423 26 23 0.1638083
424 23 22 0.0885787
425 24 21 0.0874185
426 35 32 0.1053908
427 17 16 0.069794
428 23 23 0.1339308
429 25 21 0.064107
430 35 31 0.1072596
431 20 20 0.1144174
432 26 21 0.0665536
433 35 31 0.1078228
434 20 18 0.0702277
435 28 25 0.0718205
436 30 27 0.0611213
437 28 25 0.1611987
438 41 36 0.0780192
439 20 19 0.1362313
440 42 39 0.0968397
441 46 38 0.069146
442 26 22 0.1632926
443 34 31 0.1126271
444 36 36 0.106741
445 22 20 0.175762
446 48 39 0.0681288
447 39 30 0.0351755
448 20 20 0.1341739
449 41 34 0.10947
450 26 24 0.0823828
451 26 23 0.108359
452 25 21 0.1012093
453 39 34 0.0851253
454 17 17 0.1221847
455 18 18 0.0617341
456 32 31 0.1617231
457 29 29 0.1071926
458 20 18 0.0724803
459 43 38 0.0873372
460 26 22 0.1167503
461 36 32 0.0894889
462 24 24 0.1104255
463 20 19 0.1396567
464 24 24 0.1132925
465 23 21 0.0923517
466 12 12 0.1633185
467 39 39 0.0798357
468 24 24 0.1042274
469 30 29 0.1637302
470 35 32 0.0933722
471 54 52 0.1017768
472 16 14 0.2097363
473 37 31 0.1250458
474 12 12 0.1339391
475 32 30 0.1062858
476 43 39 0.102036
477 31 29 0.1029146
478 32 26 0.0926663
479 42 34 0.084518
480 33 28 0.0755122
481 23 22 0.1128675
482 27 20 0.1141449
483 38 33 0.124323
484 17 15 0.1100866
485 40 33 0.0763841
486 16 15 0.0925195
487 31 28 0.1213805
488 27 23 0.1075745
489 21 19 0.1071364
490 22 18 0.0989566
491 38 35 0.0444389
492 23 22 0.092127
493 10 10 0.1150907
494 25 24 0.0983166
495 23 21 0.0882408
496 27 20 0.1122515
497 25 24 0.0973815
498 15 12 0.12192
499 32 25 0.1324627
500 24 23 0.1082118
501 24 21 0.1469504
502 20 19 0.0958512
503 30 25 0.0984519
504 36 30 0.0774286
505 30 27 0.0854997
506 30 25 0.058
507 16 16 0.1296627
508 14 12 0.162599
509 28 25 0.1199004
510 18 16 0.1341803
511 17 17 0.1714297
512 22 21 0.066191
513 32 28 0.1099036
514 42 36 0.1248489
515 33 30 0.0942126
516 28 28 0.1295075
517 31 31 0.1042408
518 30 28 0.081535
519 22 22 0.1265334
520 51 41 0.0782014
521 42 37 0.1067462
522 17 17 0.1129588
523 23 22 0.0869241
524 39 33 0.0509727
525 40 38 0.10984
526 36 33 0.1211461
527 54 48 0.0448992
528 24 20 0.1650488
529 18 16 0.1527763
530 28 23 0.1793094
531 41 38 0.0668004
532 21 20 0.0974927
533 39 37 0.0884361
534 39 32 0.0762093
535 17 15 0.0839498
536 4 4 0.127027
537 31 28 0.0468353
538 20 19 0.0890179
539 38 33 0.0818728
540 17 16 0.0831219
541 21 20 0.1029136
542 32 26 0.1572206
543 24 20 0.1213292
544 22 18 0.0752866
545 24 21 0.1020858
546 13 12 0.1331367
547 35 35 0.0680875
548 53 45 0.0725738
549 28 25 0.0883697
550 37 30 0.1350185
551 52 45 0.1026714
552 14 14 0.071566
553 29 27 0.1162508
554 16 14 0.0650194
555 9 9 0.1340996
556 20 20 0.1687258
557 35 32 0.1179029
558 30 28 0.0697286
559 28 24 0.0774623
560 30 29 0.1266752
561 30 25 0.1233451
562 28 24 0.1106548
563 23 21 0.115456
564 31 25 0.0890001
565 33 29 0.1470284
566 39 33 0.0700448
567 14 13 0.1413654
568 18 16 0.1463305
569 16 16 0.1533036
570 15 15 0.1295012
571 25 23 0.0932437
572 36 29 0.1099339
573 29 27 0.1011796
574 26 25 0.1139745
575 40 34 0.0921195
576 19 17 0.1590248
577 34 32 0.0846719
578 30 27 0.0993513
579 25 23 0.1323127
580 34 32 0.0781714
581 21 17 0.1134412
582 18 18 0.126986
583 34 32 0.0515085
584 49 44 0.0882634
585 37 30 0.0987781
586 16 16 0.1147109
587 24 21 0.1073824
588 25 23 0.1204421
589 32 30 0.0977845
590 29 27 0.10006
591 37 34 0.1324967
592 28 25 0.0915063
593 17 17 0.0832602
594 28 25 0.0695465
595 23 17 0.0851156
596 27 24 0.0826974
597 32 28 0.1128987
598 37 29 0.0871706
599 31 22 0.1440525
600 14 14 0.134499
601 15 14 0.1394352
602 21 19 0.1574419
603 28 25 0.1257295
604 22 22 0.030554
605 46 44 0.0509398
606 46 42 0.0944385
607 53 50 0.0914133
608 26 25 0.1183474
609 23 23 0.1063477
610 49 41 0.0796259
611 34 34 0.1079963
612 32 27 0.1076801
613 36 33 0.1009565
614 32 30 0.080307
615 24 22 0.1196133
616 22 22 0.0759211
617 34 30 0.1594045
618 20 19 0.1271397
619 38 36 0.1010558
620 37 31 0.120693
621 24 21 0.0791267
622 23 21 0.0808015
623 12 12 0.159877
624 18 16 0.0944807
625 20 20 0.0817306
626 51 45 0.078133
627 33 29 0.0926828
628 32 28 0.1021345
629 28 22 0.1053976
630 32 25 0.1254336
631 18 18 0.1155789
632 29 25 0.1132467
633 29 29 0.0544879
634 45 38 0.082166
635 49 40 0.0633196
636 48 37 0.0823186
637 19 17 0.1304164
638 37 32 0.0981309
639 36 31 0.0911545
640 31 31 0.1039527
641 14 13 0.1032451
642 35 34 0.0485499
643 47 39 0.0607594
644 28 25 0.1103574
645 22 19 0.1123621
646 21 19 0.1086834
647 16 15 0.1012362
648 43 37 0.0959911
649 33 29 0.0676501
650 40 34 0.0941984
651 34 32 0.0739178
652 45 42 0.0711464
653 44 38 0.112651
654 12 12 0.1798775
655 31 29 0.1353383
656 25 23 0.1153984
657 15 15 0.1103289
658 41 35 0.1737495
659 25 24 0.1435246
660 45 42 0.0723438
661 20 20 0.1097416
662 38 30 0.0649206
663 28 26 0.1326189
664 28 24 0.146886
665 29 28 0.1137982
666 43 32 0.0672473
667 19 17 0.1158089
668 20 18 0.1292356
669 20 19 0.1051233
670 28 22 0.0894858
671 42 37 0.1052697
672 33 28 0.1098786
673 36 30 0.1555471
674 34 29 0.0896413
675 42 38 0.0965811
676 31 28 0.1187097
677 39 30 0.0616016
678 21 20 0.1559712
679 32 26 0.1685812
680 20 17 0.1158214
681 33 30 0.1329254
682 47 42 0.0996681
683 27 21 0.0810107
684 29 24 0.1044276
685 16 16 0.1135785
686 27 25 0.1351937
687 31 24 0.11031
688 25 23 0.1216801
689 48 44 0.1106588
690 43 36 0.0869189
691 38 35 0.1043003
692 39 32 0.0491651
693 40 34 0.1190257
694 37 36 0.0882785
695 33 32 0.0573857
696 15 14 0.1373729
697 27 25 0.1258758
698 42 37 0.0851861
699 27 25 0.0639884
700 55 49 0.0881955
701 28 25 0.1110476
702 17 16 0.1310309
703 20 20 0.0503306
704 46 37 0.0641648
705 27 25 0.0851015
706 39 31 0.0950562
707 34 32 0.1063777
708 31 29 0.0751028
709 19 18 0.122424
710 16 16 0.1317106
711 32 30 0.1069612
712 27 24 0.1005685
713 25 23 0.0701341
714 26 24 0.1355432
715 29 26 0.1448212
716 23 21 0.0862658
717 27 23 0.1031691
718 37 35 0.0644148
719 34 32 0.1060445
720 26 24 0.1190443
721 22 19 0.1225158
722 43 32 0.1892649
723 38 36 0.0690573
724 18 18 0.1392259
725 26 24 0.1121651
726 29 27 0.0796299
727 24 20 0.1047478
728 15 15 0.1192575
729 35 30 0.1082179
730 32 29 0.0600083
731 22 17 0.0672821
732 22 20 0.0623008
733 38 37 0.0848249
734 22 20 0.129519
735 46 37 0.1041629
736 38 33 0.1427624
737 34 28 0.0657907
738 23 22 0.1592209
739 12 12 0.1112788
740 14 13 0.1567191
741 23 22 0.1100039
742 42 38 0.051977
743 46 37 0.1495125
744 27 23 0.1191717
745 34 31 0.0932726
746 33 28 0.0996483
747 31 25 0.0838572
748 19 17 0.1259135
749 40 33 0.1057651
750 38 35 0.0516593
751 54 42 0.177285
752 19 17 0.1144556
753 46 38 0.0692532
754 32 29 0.1394959
755 23 23 0.1057054
756 46 44 0.1034251
757 21 19 0.1713123
758 16 16 0.1533642
759 34 29 0.1143784
760 25 23 0.1254294
761 34 33 0.0479992
762 40 38 0.0962678
763 18 18 0.0848507
764 18 16 0.0963571
765 34 26 0.0721412
766 19 19 0.1538759
767 37 31 0.0695824
768 10 10 0.1540265
769 32 29 0.0958949
770 35 29 0.1054996
771 27 25 0.0792592
772 26 25 0.1023079
773 25 24 0.1001617
774 18 17 0.1352743
775 37 32 0.1095518
776 28 25 0.11575
777 19 17 0.1401168
778 43 30 0.0724749
779 29 26 0.1038138
780 30 26 0.1163409
781 28 24 0.1472507
782 26 25 0.1106845
783 21 21 0.0923609
784 40 33 0.1057323
785 39 39 0.0739829
786 39 37 0.0531679
787 46 42 0.0620221
788 46 36 0.059137
789 38 31 0.0748199
790 27 25 0.1116611
791 36 34 0.1143205
792 35 30 0.107026
793 41 35 0.1286668
794 11 10 0.1878301
795 14 12 0.1613939
796 30 27 0.105879
797 21 18 0.1725262
798 37 32 0.0689685
799 29 27 0.1158747
800 29 28 0.0944467
801 22 22 0.136068
802 14 12 0.1545514
803 42 35 0.0674935
804 34 27 0.1082374
805 27 25 0.0620144
806 34 30 0.101549
807 37 35 0.1111446
808 47 43 0.0892383
809 19 18 0.1237248
810 28 27 0.1049483
811 29 26 0.071847
812 29 26 0.0748165
813 16 15 0.1505327
814 38 37 0.0817194
815 42 35 0.063289
816 41 29 0.120954
817 12 12 0.1179944
818 19 19 0.1148413
819 28 25 0.0706574
820 39 37 0.0838838
821 29 25 0.0612943
822 34 28 0.0832705
823 40 32 0.0911241
824 17 17 0.0860943
825 25 23 0.0560122
826 17 17 0.1039513
827 18 18 0.140912
828 26 23 0.0931779
829 41 39 0.0607863
830 36 33 0.0526309
831 22 21 0.141625
832 23 19 0.1058154
833 28 22 0.1057265
834 16 15 0.0740992
835 34 32 0.112693
836 38 30 0.097111
837 12 11 0.1036163
838 37 31 0.1050864
839 24 20 0.1239848
840 54 45 0.1164254
