1 98 90 1.129614
2 78 76 2.067344
3 79 70 2.51111
4 132 120 2.168434
5 91 86 0.678375
6 180 157 1.625737
7 136 129 1.588444
8 47 45 0.880566
9 164 154 0.995126
10 89 77 1.920097
11 219 189 0.777913
12 178 164 0.38864
13 71 64 4.259422
14 108 91 1.919731
15 87 83 0.912113
16 39 34 1.428534
17 131 118 1.156241
18 97 97 0.96095
19 36 34 1.690925
20 189 172 0.221265
21 112 102 1.738142
22 70 67 1.940458
23 204 180 0.388119
24 58 56 1.182728
25 194 190 0.392321
26 146 113 2.649905
27 107 88 4.167343
28 171 153 0.132399
29 43 36 3.584853
30 149 136 0.258774
31 139 110 0.767795
32 216 199 0.271017
33 128 119 1.017358
34 124 113 0.62189
35 93 83 3.811445
36 167 152 0.728652
37 99 86 1.836305
38 185 159 0.9469
39 218 176 0.239293
40 152 124 1.119469
41 202 173 0.455499
42 67 64 2.512213
43 189 159 0.334126
44 208 191 0.43407
45 151 126 4.357916
46 111 92 0.786762
47 106 94 0.596483
48 216 200 0.41346
49 81 78 0.9714
50 170 159 0.358481
51 83 76 1.595147
52 72 68 1.010649
53 129 121 3.184552
54 151 134 0.8662
55 144 116 1.606465
56 83 68 3.954632
57 129 112 0.870731
58 195 170 0.555425
59 91 81 2.541941
60 103 91 1.476109
61 220 196 0.207388
62 151 137 0.620565
63 152 137 1.493406
64 105 90 1.229773
65 196 173 0.177684
66 168 138 1.124515
67 153 135 1.048211
68 144 130 0.987804
69 64 57 1.556011
70 106 95 3.073216
71 214 189 0.87743
72 131 124 2.468373
73 152 138 1.296056
74 130 111 2.147361
75 91 82 0.89502
76 171 161 0.419305
77 177 151 1.390748
78 82 76 2.362295
79 121 111 0.585913
80 63 61 0.985679
81 126 111 4.741192
82 177 161 0.994202
83 171 156 0.965436
84 154 134 0.384953
85 251 212 0.196091
86 189 167 0.057644
87 110 94 1.878613
88 200 171 0.343976
89 163 147 1.471039
90 98 82 1.917301
91 139 116 2.391957
92 154 142 1.271993
93 146 132 1.086512
94 130 115 1.642632
95 154 132 0.557924
96 80 72 5.318269
97 146 127 1.534186
98 188 168 5.795658
99 117 109 0.271092
100 68 58 1.531997
101 134 117 0.780675
102 131 122 0.840366
103 62 60 1.096321
104 77 73 2.076765
105 65 61 3.874957
106 126 106 1.198744
107 120 118 1.109601
108 100 90 0.834492
109 158 146 1.020537
110 161 130 0.623442
111 166 152 0.546471
112 151 133 1.255568
113 127 108 0.979196
114 142 113 1.72906
115 88 81 0.543109
116 87 78 2.100344
117 125 108 1.142989
118 173 159 0.635929
119 102 88 0.723814
120 188 169 1.234527
121 45 39 2.648146
122 155 149 1.380211
123 140 123 1.213757
124 95 90 1.077163
125 209 167 0.136207
126 114 98 1.47195
127 139 133 0.844283
128 174 147 0.704891
129 98 93 0.871468
130 135 119 1.060529
131 158 140 0.222655
132 139 126 0.539998
133 137 125 0.897609
134 102 91 0.762852
135 150 144 1.008937
136 82 72 1.068039
137 76 73 2.053097
138 105 102 0.790735
139 162 138 0.348881
140 121 107 0.707009
141 131 125 0.286651
142 197 170 0.699604
143 84 72 1.658532
144 114 96 2.044815
145 173 142 10.325145
146 108 98 2.918913
147 83 76 0.74624
148 202 177 0.120032
149 168 155 0.842822
150 134 123 0.673161
151 63 63 0.738727
152 69 62 1.688253
153 127 115 1.718337
154 139 127 1.298344
155 118 112 0.497051
156 129 108 1.45762
157 193 175 1.153069
158 192 178 0.64157
159 67 65 1.226305
160 124 111 1.628823
161 145 127 1.15926
162 125 113 0.258003
163 174 150 1.101808
164 137 120 1.085373
165 130 123 0.948653
166 95 87 3.105461
167 91 84 1.810483
168 114 99 0.587902
169 139 129 0.998522
170 134 113 2.888443
171 165 148 0.732979
172 104 97 1.178349
173 89 86 0.546574
174 86 78 1.081212
175 150 132 0.524742
176 128 122 1.280618
177 66 63 1.054082
178 90 81 1.663163
179 112 99 0.856532
180 167 143 1.075
181 175 153 0.292765
182 74 62 2.685029
183 182 169 0.415661
184 188 169 0.783439
185 145 133 0.290771
186 178 158 0.674441
187 137 131 1.877269
188 125 108 1.016664
189 225 212 0.344553
190 127 114 0.707327
191 82 76 1.469014
192 101 88 3.056474
193 87 71 3.271424
194 137 132 1.254841
195 164 142 0.790725
196 125 114 1.968879
197 83 79 0.577457
198 73 70 1.725427
199 131 115 0.435243
200 225 185 0.424952
201 144 117 0.5549
202 179 164 1.13086
203 152 139 1.895058
204 100 92 1.715064
205 98 92 1.268482
206 160 136 0.792369
207 61 55 3.654506
208 81 76 1.318478
209 115 103 1.290532
210 147 132 1.101981
211 67 59 2.590581
212 69 64 1.104364
213 136 119 4.837152
214 130 112 1.674154
215 97 78 1.412782
216 70 66 3.94503
217 111 103 0.681197
218 148 127 0.945761
219 62 58 2.986561
220 173 156 0.454861
221 153 128 0.882764
222 192 162 1.599846
223 105 98 1.245039
224 146 124 1.720236
225 52 49 5.356388
226 246 211 0.32386
227 167 150 1.098083
228 146 123 1.06995
229 113 103 0.551616
230 133 121 1.123453
231 144 132 3.17575
232 119 106 1.424602
233 136 123 1.190923
234 79 77 1.102818
235 169 144 5.741329
236 132 121 0.481787
237 174 158 0.767852
238 81 70 1.891257
239 138 125 0.508354
240 146 137 0.581081
241 156 129 1.248346
242 173 157 1.275271
243 137 121 0.867397
244 86 79 0.884066
245 138 123 1.072542
246 61 53 9.851231
247 103 81 1.850187
248 160 150 0.958415
249 193 171 0.198848
250 92 88 1.348344
251 112 96 2.368916
252 62 58 1.807135
253 161 141 0.866341
254 115 105 0.099039
255 114 108 1.026863
256 150 127 0.873094
257 112 101 0.590207
258 155 133 1.147039
259 166 157 0.318315
260 73 68 1.891674
261 99 92 0.678443
262 50 48 2.214126
263 165 148 0.2697
264 43 41 1.160067
265 166 155 0.536309
266 137 118 0.291603
267 120 113 0.54355
268 84 75 1.139263
269 168 142 1.986678
270 160 146 1.089096
271 100 95 0.915382
272 85 76 1.443116
273 91 80 1.659917
274 103 97 1.772705
275 153 142 0.558186
276 267 231 0.240212
277 162 151 0.759784
278 160 144 0.954645
279 131 111 0.662059
280 113 100 0.901941
281 106 103 3.098098
282 161 154 0.846856
283 148 143 0.445277
284 180 164 0.454532
285 122 117 1.175201
286 123 106 1.166496
287 228 193 0.292856
288 168 137 0.700522
289 65 60 1.784104
290 96 94 1.032479
291 161 138 0.96026
292 152 142 0.610577
293 143 129 0.188451
294 100 95 1.18617
295 86 80 2.461232
296 87 74 0.675274
297 120 105 1.593618
298 129 112 3.164693
299 53 50 1.011594
300 72 67 1.460189
301 201 192 0.341331
302 157 136 0.700193
303 183 152 1.068065
304 85 79 2.195469
305 48 48 2.106788
306 95 85 1.495683
307 97 87 1.287439
308 124 110 2.20823
309 200 162 0.418786
310 122 104 2.134834
311 230 201 0.352283
312 80 67 4.753803
313 197 174 0.155855
314 156 122 1.353028
315 74 66 5.070272
316 145 126 0.854362
317 122 107 0.684098
318 143 129 1.394196
319 91 86 1.131164
320 148 139 0.955458
321 94 81 5.424738
322 164 140 0.718351
323 176 147 1.661779
324 80 68 1.422466
325 55 51 1.707413
326 151 130 1.232835
327 193 182 1.492342
328 154 139 0.742639
329 161 141 0.75344
330 130 119 1.007761
331 158 138 0.575193
332 94 85 1.780994
333 50 42 4.787102
334 204 186 0.454748
335 114 100 1.174313
336 76 69 1.549904
337 111 91 2.397017
338 38 36 1.725425
339 99 91 1.522018
340 118 118 0.932173
341 91 77 2.892972
342 157 135 0.33434
343 146 124 0.239099
344 100 89 1.628541
345 122 115 0.83363
346 93 85 0.495284
347 133 117 0.953561
348 89 79 2.457474
349 106 99 0.799428
350 75 66 1.060448
351 149 135 0.548307
352 141 128 1.011452
353 81 77 1.915722
354 113 101 1.088581
355 81 69 1.201053
356 64 55 1.473772
357 109 95 0.92566
358 147 137 1.67074
359 124 116 2.057116
360 159 136 1.450905
361 153 140 1.439046
362 122 110 0.658897
363 81 77 1.869192
364 90 84 0.504472
365 173 157 0.617524
366 167 152 2.816957
367 159 138 1.983413
368 161 136 0.781586
369 150 131 1.194865
370 96 83 1.100886
371 150 128 3.888907
372 151 138 0.613456
373 134 116 2.293075
374 114 95 1.004734
375 148 132 0.095267
376 100 89 10.422003
377 114 104 0.699317
378 110 106 2.045193
379 188 154 0.93246
380 167 138 1.525221
381 121 104 2.275233
382 122 106 0.506811
383 130 118 1.490072
384 77 65 1.583243
385 126 113 1.374421
386 108 106 0.23396
387 150 134 0.620273
388 108 99 1.244727
389 62 60 1.855595
390 121 106 1.011236
391 167 137 0.618799
392 71 64 1.025713
393 106 101 0.453725
394 88 82 2.018845
395 90 84 0.112166
396 113 108 1.090639
397 112 104 0.37695
398 103 97 1.729378
399 84 75 1.570781
400 147 128 1.157603
401 92 85 1.770836
402 121 102 7.516197
403 73 66 2.437449
404 132 118 1.1946
405 119 110 0.955453
406 120 109 2.983552
407 163 148 1.053297
408 163 144 1.142869
409 119 107 3.03632
410 74 67 2.082596
411 115 108 0.775139
412 153 143 0.62592
413 159 140 0.353637
414 117 108 1.23071
415 118 111 0.092402
416 113 94 0.752503
417 125 110 1.015668
418 101 84 5.459134
419 115 102 0.762433
420 126 111 1.237014
421 90 80 3.041628
422 114 106 0.9970762
423 146 133 1.1241589
424 95 88 1.745169
425 92 79 29.8696854
426 171 153 1.8433367
427 162 134 3.4339829
428 134 132 2.3630477
429 119 103 1.5018047
430 82 71 2.3034162
431 41 38 3.0455638
432 52 50 3.4539083
433 126 114 1.4859889
434 172 143 1.3537498
435 90 81 1.1285123
436 102 92 1.111273
437 86 79 2.2329257
438 74 71 2.4256723
439 139 129 0.631361
440 127 117 2.1476009
441 54 48 5.7430393
442 134 123 0.9167471
443 175 159 1.5513652
444 190 161 0.8937628
445 100 90 2.2559253
446 147 135 1.7197816
447 139 133 1.8618987
448 107 98 1.2756867
449 130 125 1.0937099
450 126 109 2.1945449
451 41 37 3.0338299
452 163 148 0.2255574
453 177 143 0.8441449
454 219 189 0.6261917
455 128 115 4.2385321
456 163 151 4.2275945
457 195 176 1.163996
458 127 118 1.9428544
459 91 74 5.9944807
460 189 163 0.0779486
461 103 91 2.609062
462 113 103 2.3289418
463 149 131 0.9948298
464 58 50 3.2104995
465 89 80 2.9523209
466 171 157 1.3638871
467 156 141 1.2081181
468 105 93 2.5830372
469 223 192 2.0802227
470 102 96 2.4727614
471 79 70 1.2066393
472 130 119 4.678509
473 123 117 2.4700163
474 71 68 0.5231519
475 111 100 1.2891548
476 152 142 1.0381584
477 141 122 2.7188562
478 197 161 0.9984051
479 98 91 1.3504158
480 108 98 2.0362361
481 137 116 2.2584173
482 164 152 3.1891334
483 106 96 2.11561
484 38 32 4.635113
485 101 95 3.3589825
486 137 123 3.9873855
487 32 32 3.8977347
488 62 57 3.2110274
489 121 100 2.7476808
490 82 76 3.3157291
491 69 62 3.613385
492 120 102 10.9200603
493 93 91 2.400275
494 119 116 0.7075515
495 127 114 1.685563
496 125 111 1.9938986
497 142 127 0.778836
498 152 138 1.0744481
499 76 71 1.831115
500 51 50 3.6233621
501 103 99 0.951566
502 97 92 0.8475976
503 160 144 1.4520807
504 64 59 4.77028
505 140 123 1.3460854
506 165 149 1.7059057
507 127 111 1.1099698
508 89 75 5.4475857
509 76 67 2.0687522
510 79 74 1.9158868
511 139 129 1.6428007
512 52 49 4.3118427
513 137 127 2.1900529
514 77 70 5.4898002
515 109 101 2.9403848
516 156 137 1.3624773
517 148 135 1.1704307
518 110 99 1.3857721
519 182 166 0.6376106
520 54 52 0.9692776
521 195 162 1.8589711
522 92 88 1.8586247
523 152 128 1.5299655
524 128 121 3.4220961
525 115 103 1.6794341
526 105 98 1.6691381
527 141 119 2.6974435
528 113 97 2.8796125
529 162 144 2.0123716
530 79 74 4.4934263
531 68 63 1.6613425
532 70 62 5.1844532
533 96 93 3.8008094
534 101 93 2.5654251
535 151 135 2.106581
536 76 76 1.7028637
537 103 95 1.3750522
538 133 120 1.8107223
539 83 70 2.8555292
540 89 88 3.4427125
541 103 97 1.2181012
542 109 101 2.9105104
543 117 111 1.1740254
544 89 85 3.0079152
545 213 184 0.4501001
546 123 104 0.6914688
547 87 81 3.0792136
548 120 113 3.8132567
549 197 170 0.5975264
550 163 152 0.6331523
551 76 65 2.9154116
552 131 116 1.8101616
553 147 132 0.2695408
554 100 79 4.3869964
555 103 87 2.6468447
556 125 111 1.5040178
557 89 75 1.8221189
558 165 150 0.8539366
559 188 168 0.6905972
560 126 123 1.5012854
561 84 78 2.7900787
562 178 151 0.597284
563 71 60 1.5174053
564 83 77 2.2414963
565 202 180 0.1904216
566 91 84 1.8482081
567 105 100 2.5588806
568 91 85 2.6605028
569 179 161 0.6810263
570 82 68 3.1468262
571 174 150 0.1173983
572 173 153 0.3643854
573 49 47 3.2396252
574 76 68 2.2877438
575 104 97 0.3336739
576 98 91 1.5614374
577 131 120 1.5501299
578 156 139 1.9955669
579 105 88 2.0919551
580 236 217 0.4690014
581 105 102 2.0222917
582 202 178 1.1239461
583 148 135 1.5079483
584 86 76 5.1847094
585 117 108 1.5417632
586 177 143 0.9013731
587 171 158 1.0947977
588 141 125 4.121932
589 46 41 4.6283353
590 84 77 5.0095723
591 211 183 0.3293362
592 103 84 1.8145327
593 141 122 1.7175804
594 125 110 1.8406016
595 117 109 1.1196355
596 126 106 2.058343
597 75 73 1.8773034
598 145 123 3.2469262
599 128 120 1.7500605
600 116 104 0.4146243
601 108 99 1.2063666
602 171 156 2.1630753
603 78 77 3.0012611
604 175 161 0.1680177
605 120 106 1.9574774
606 170 146 1.4514394
607 134 116 0.7071256
608 119 108 2.2410628
609 75 74 1.0551378
610 120 102 1.3707928
611 138 125 2.0588557
612 121 111 0.6827528
613 119 108 1.6444216
614 113 104 2.4583916
615 97 89 1.1747947
616 121 109 3.3042505
617 129 123 1.6970533
618 143 129 3.8066358
619 148 127 2.2527598
620 177 165 1.6888745
621 148 136 0.9716875
622 65 56 2.6943521
623 127 121 0.8666575
624 159 130 1.3746093
625 123 114 1.0562732
626 122 118 1.3196184
627 53 45 5.5431456
628 128 120 1.352826
629 160 139 5.6335815
630 182 157 1.4101328
631 103 96 2.0770537
632 170 152 0.4638805
633 109 90 3.4953632
634 71 64 4.1253723
635 154 144 1.5250416
636 105 97 2.6948559
637 196 169 1.0802847
638 208 181 1.6168209
639 152 129 0.6974837
640 52 47 2.395163
641 84 72 1.6312301
642 78 76 1.7403781
643 139 130 0.8961451
644 133 123 0.7791434
645 182 157 0.7130225
646 100 89 1.0876241
647 119 104 2.1220853
648 125 116 2.5589122
649 114 100 1.6902935
650 168 165 2.1900633
651 62 62 2.1492612
652 117 103 1.7760805
653 215 176 0.1074592
654 113 94 2.2884951
655 106 92 2.0762788
656 98 94 3.4050451
657 121 109 1.7725967
658 133 124 2.4969894
659 71 62 2.3706581
660 141 127 1.4220898
661 66 59 4.9395771
662 171 145 1.1553722
663 90 82 3.0409733
664 106 101 2.2066448
665 146 127 0.6410879
666 95 89 2.792843
667 107 97 2.4743337
668 80 62 2.7805254
669 149 129 2.0418944
670 145 138 1.8474587
671 90 81 2.2557777
672 188 167 0.6953142
673 77 66 5.8727052
674 138 126 2.0892506
675 68 64 2.046344
676 139 122 0.6861145
677 124 110 2.5741489
678 148 132 0.4999541
679 80 76 3.0955297
680 183 162 1.7812055
681 210 186 0.2181039
682 116 103 2.6408956
683 117 102 3.3543847
684 135 116 2.0127469
685 151 131 0.3726764
686 78 69 2.4467901
687 68 56 3.0155049
688 126 110 3.9021043
689 138 125 0.8741
690 95 86 2.434559
691 217 194 0.326563
692 88 83 2.3496344
693 97 86 2.5412205
694 252 211 0.3306881
695 80 69 2.1731693
696 126 122 0.4954518
697 200 170 1.2161665
698 77 73 2.4362593
699 71 68 1.3796667
700 154 137 1.0627293
701 127 120 0.2967176
702 147 139 1.679576
703 178 158 1.1717664
704 80 75 1.8207458
705 117 104 3.9641408
706 122 106 1.2191505
707 71 70 3.1081469
708 131 117 0.9719273
709 132 129 1.4540328
710 73 70 3.4907569
711 180 156 0.5382482
712 108 104 2.2997155
713 148 126 2.2297488
714 87 79 2.238811
715 230 207 0.3643157
716 111 103 4.007828
717 109 96 1.7507531
718 51 50 2.5271063
719 120 105 0.6129757
720 108 99 6.0044216
721 64 58 2.8755797
722 105 96 1.3666545
723 128 119 0.7912674
724 148 130 5.1278014
725 109 96 1.6410479
726 139 126 1.4234933
727 128 110 3.4152982
728 128 124 2.0047435
729 167 148 1.3500382
730 150 133 1.4413753
731 136 116 3.3104765
732 135 122 2.1981064
733 137 126 2.3935866
734 117 112 2.0939725
735 141 127 2.0797588
736 114 103 1.9578074
737 153 121 1.0751849
738 138 124 1.5972306
739 58 50 6.8505571
740 65 54 5.3457784
741 219 203 0.1173505
742 198 175 1.2889271
743 125 111 2.7528458
744 142 130 1.0123651
745 69 61 3.1930246
746 126 106 0.8405697
747 144 133 0.7378489
748 140 133 0.5496079
749 132 110 1.6259339
750 108 96 1.406778
751 114 100 0.8238826
752 79 72 1.5555279
753 158 141 0.6240362
754 146 125 1.7975413
755 128 118 1.8138554
756 111 104 0.9925534
757 174 161 1.2854165
758 50 43 2.079884
759 67 59 5.2750265
760 140 116 1.9730765
761 80 73 1.7319362
762 97 84 1.3300877
763 142 130 1.2453825
764 122 110 3.6145019
765 182 157 2.8544847
766 168 156 2.2128673
767 235 209 0.2779232
768 144 121 0.9456477
769 171 150 1.0020977
770 165 148 1.2513828
771 83 80 2.1056094
772 96 91 3.2730131
773 101 92 5.9284097
774 105 92 1.3398464
775 150 145 2.0348749
776 105 101 1.1664352
777 103 89 2.3258147
778 118 106 0.7528912
779 187 169 1.0313772
780 130 112 1.7010331
781 131 117 2.2392342
782 156 141 1.0511215
783 156 139 0.6546861
784 127 116 1.3878153
785 59 53 3.5484336
786 181 159 0.5938805
787 116 110 1.5075659
788 55 52 3.3206626
789 115 111 2.4464435
790 101 83 4.5326064
791 153 143 1.6275986
792 192 159 0.6736116
793 112 99 1.084349
794 67 61 3.1046749
795 51 48 3.0818941
796 173 145 1.9999215
797 88 84 2.3910446
798 143 120 2.9753496
799 204 175 0.433348
800 178 165 0.594717
801 200 184 0.9306609
802 144 129 0.1219732
803 108 97 1.6984483
804 121 101 3.3952776
805 131 115 2.3981324
806 119 111 2.2250604
807 143 124 2.0715354
808 84 77 3.0055739
809 193 181 1.0948796
810 126 117 1.5538575
811 118 103 1.1421568
812 133 120 1.2852303
813 179 148 1.6012269
814 109 102 1.6001481
815 153 125 1.0034866
816 163 150 0.7203891
817 188 166 1.2810951
818 132 114 1.2656916
819 117 106 0.7491836
820 32 31 4.5710493
821 85 80 1.4107671
822 148 134 3.0710246
823 111 100 10.3752392
824 154 132 2.3866241
825 121 107 1.9125483
826 164 145 2.8167025
827 113 100 2.989022
828 105 98 4.0105753
829 184 161 1.2123194
830 55 54 2.7334756
831 113 91 2.0052599
832 138 114 3.1885178
833 107 97 2.7582201
834 143 118 3.3117869
835 110 101 0.6062693
836 101 85 2.0173171
837 164 155 1.5409796
838 172 157 1.4022768
839 91 88 2.106745
840 78 73 2.5438912
