1 24 20 0.125052
2 18 16 0.123822
3 19 16 0.083211
4 15 15 0.061109
5 13 11 0.085655
6 13 13 0.03458
7 20 17 0.034883
8 15 14 0.046693
9 25 20 0.030436
10 9 8 0.024743
11 22 20 0.025551
12 12 12 0.043047
13 9 8 0.024769
14 12 12 0.023466
15 21 18 0.029984
16 12 12 0.032537
17 16 14 0.023304
18 18 16 0.029372
19 28 23 0.022121
20 21 17 0.04605
21 22 19 0.020866
22 29 26 0.024652
23 19 15 0.023736
24 19 18 0.026041
25 25 19 0.052663
26 8 8 0.023748
27 15 13 0.028723
28 8 8 0.045465
29 24 24 0.042636
30 17 15 0.026979
31 18 16 0.024381
32 18 15 0.054953
33 18 17 0.019571
34 17 14 0.017968
35 21 19 0.032312
36 32 26 0.017421
37 18 16 0.025499
38 18 15 0.038639
39 19 17 0.055048
40 22 18 0.030954
41 18 16 0.081916
42 25 18 0.016768
43 10 10 0.020125
44 35 25 0.02177
45 11 10 0.018442
46 11 9 0.034412
47 17 14 0.022796
48 13 13 0.02346
49 10 9 0.018986
50 11 11 0.020395
51 13 12 0.025255
52 17 17 0.020032
53 19 17 0.021323
54 17 15 0.052189
55 14 13 0.076392
56 23 19 0.050314
57 21 18 0.04404
58 20 17 0.036909
59 16 14 0.036242
60 13 13 0.038069
61 17 16 0.04128
62 15 14 0.041274
63 20 17 0.044074
64 8 8 0.06344
65 12 12 0.031613
66 18 16 0.05298
67 7 7 0.043795
68 21 17 0.036941
69 11 11 0.055992
70 20 14 0.036823
71 5 5 0.142612
72 24 19 0.040491
73 16 14 0.034019
74 16 15 0.036431
75 12 12 0.048939
76 13 12 0.044418
77 17 13 0.034769
78 18 16 0.029367
79 14 12 0.064302
80 16 14 0.019535
81 16 15 0.019983
82 21 19 0.021824
83 19 15 0.03677
84 13 11 0.020302
85 13 11 0.019113
86 29 24 0.02019
87 17 16 0.024928
88 20 17 0.026143
89 18 16 0.021946
90 26 19 0.023932
91 13 12 0.044527
92 20 17 0.036378
93 24 23 0.058198
94 24 20 0.036458
95 17 14 0.025494
96 12 10 0.029874
97 14 12 0.03814
98 16 15 0.05332
99 12 11 0.036114
100 19 16 0.036877
101 12 11 0.046962
102 17 15 0.041374
103 22 22 0.039971
104 12 10 0.050655
105 18 15 0.033808
106 18 16 0.031626
107 23 22 0.016044
108 15 13 0.02297
109 26 26 0.034433
110 13 12 0.043297
111 13 13 0.035346
112 18 17 0.041749
113 26 23 0.06659
114 16 15 0.027377
115 14 11 0.035868
116 21 19 0.032941
117 23 20 0.028057
118 15 14 0.035548
119 7 7 0.035254
120 15 12 0.046354
121 25 21 0.034425
122 19 15 0.038367
123 14 13 0.048208
124 22 18 0.031828
125 17 17 0.033515
126 21 17 0.038677
127 23 20 0.046263
128 20 18 0.032852
129 11 10 0.02721
130 15 13 0.057918
131 26 22 0.039486
132 22 20 0.058957
133 23 19 0.035391
134 24 17 0.03721
135 25 22 0.032654
136 21 17 0.03116
137 24 19 0.044082
138 11 10 0.021489
139 8 8 0.061024
140 17 15 0.018383
141 15 15 0.039317
142 17 16 0.036549
143 12 11 0.033798
144 24 19 0.044482
145 9 9 0.043462
146 19 15 0.030788
147 25 22 0.022504
148 14 13 0.035863
149 14 13 0.01882
150 17 17 0.018956
151 8 8 0.022082
152 20 16 0.018573
153 6 6 0.019481
154 16 15 0.019856
155 15 13 0.020512
156 24 21 0.016599
157 15 13 0.032678
158 9 8 0.034951
159 19 19 0.039157
160 13 12 0.026593
161 15 12 0.027751
162 13 12 0.029968
163 14 14 0.019405
164 14 12 0.020111
165 12 11 0.020429
166 12 11 0.057107
167 13 13 0.022131
168 18 17 0.019403
169 20 17 0.015845
170 13 13 0.018154
171 18 16 0.018731
172 27 23 0.019403
173 15 15 0.019916
174 11 11 0.019975
175 10 10 0.022017
176 13 13 0.039489
177 21 17 0.015903
178 23 19 0.055361
179 19 18 0.032027
180 13 11 0.065751
181 23 21 0.036401
182 16 13 0.034079
183 19 17 0.057065
184 8 8 0.036301
185 20 15 0.043215
186 9 9 0.0253
187 5 5 0.023128
188 13 13 0.025788
189 20 19 0.06033
190 12 10 0.04098
191 29 24 0.022162
192 17 16 0.019122
193 23 19 0.023706
194 18 16 0.02287
195 18 17 0.028752
196 20 19 0.022552
197 10 8 0.021978
198 15 13 0.020471
199 25 21 0.017534
200 28 24 0.033014
201 14 14 0.047957
202 21 19 0.016374
203 13 12 0.038267
204 21 20 0.022956
205 10 10 0.023865
206 13 12 0.020981
207 16 15 0.021607
208 24 21 0.019341
209 19 17 0.025119
210 17 16 0.022742
211 17 17 0.020663
212 22 17 0.019146
213 16 16 0.023578
214 14 12 0.020481
215 16 13 0.019123
216 17 15 0.019012
217 11 11 0.035704
218 19 14 0.055572
219 16 16 0.044391
220 27 22 0.08635
221 17 13 0.046246
222 16 14 0.047151
223 18 15 0.021464
224 25 23 0.051314
225 24 20 0.043365
226 17 14 0.033917
227 25 22 0.026016
228 24 18 0.028963
229 14 13 0.033352
230 11 10 0.030976
231 20 19 0.032787
232 16 16 0.016748
233 19 17 0.015457
234 16 14 0.044265
235 20 18 0.037787
236 12 10 0.016632
237 17 15 0.0579
238 20 16 0.043967
239 9 9 0.044581
240 23 18 0.021868
241 6 6 0.01953
242 14 14 0.020984
243 17 14 0.035063
244 17 15 0.035088
245 23 21 0.054581
246 17 14 0.040278
247 11 10 0.029156
248 22 18 0.063875
249 18 16 0.03363
250 17 14 0.024375
251 14 14 0.033134
252 14 12 0.031769
253 22 19 0.018878
254 13 12 0.022368
255 22 19 0.019049
256 9 9 0.018605
257 14 13 0.021988
258 13 10 0.015756
259 18 17 0.019095
260 11 11 0.018686
261 35 33 0.015348
262 17 15 0.017277
263 18 17 0.022309
264 20 18 0.023814
265 14 14 0.021897
266 11 9 0.017499
267 24 19 0.017365
268 17 16 0.020462
269 17 14 0.015351
270 28 24 0.046885
271 16 14 0.017634
272 24 21 0.018417
273 23 17 0.014539
274 19 16 0.024099
275 14 14 0.032891
276 18 16 0.021238
277 24 23 0.023742
278 12 11 0.022826
279 19 17 0.020841
280 21 18 0.021165
281 18 15 0.022951
282 11 10 0.019429
283 25 19 0.017413
284 21 20 0.014842
285 13 13 0.023296
286 13 13 0.020505
287 25 23 0.019819
288 15 15 0.03188
289 25 25 0.052292
290 23 18 0.059584
291 33 26 0.034728
292 16 14 0.023775
293 22 19 0.025223
294 27 21 0.024028
295 24 21 0.021243
296 20 17 0.029888
297 17 14 0.018901
298 21 15 0.017032
299 23 18 0.017755
300 18 18 0.044116
301 16 16 0.021221
302 16 15 0.021006
303 18 17 0.023835
304 16 16 0.020524
305 14 14 0.03173
306 18 18 0.024346
307 17 14 0.017322
308 20 19 0.022605
309 12 11 0.01979
310 28 22 0.024303
311 22 17 0.022917
312 16 15 0.028923
313 22 20 0.019436
314 10 10 0.020155
315 20 19 0.049789
316 25 23 0.021743
317 18 16 0.054771
318 13 11 0.044897
319 24 19 0.039398
320 20 20 0.057008
321 19 18 0.05098
322 16 16 0.038413
323 19 15 0.036123
324 17 17 0.039898
325 25 22 0.044345
326 11 11 0.027717
327 20 18 0.037358
328 21 18 0.03828
329 11 9 0.02037
330 22 18 0.019583
331 15 13 0.023763
332 17 15 0.023857
333 17 15 0.016661
334 27 21 0.017026
335 23 20 0.021794
336 21 18 0.027779
337 24 21 0.023123
338 18 17 0.017006
339 24 21 0.019883
340 20 16 0.018132
341 18 17 0.019999
342 23 17 0.022357
343 18 17 0.025176
344 18 16 0.022649
345 7 7 0.031152
346 26 22 0.034524
347 22 20 0.020154
348 18 16 0.014654
349 13 12 0.01597
350 24 19 0.05381
351 23 22 0.019491
352 32 25 0.023772
353 12 11 0.018332
354 14 12 0.018374
355 15 14 0.049502
356 5 5 0.049117
357 26 18 0.035774
358 28 23 0.034331
359 37 30 0.031247
360 10 9 0.034418
361 24 20 0.02573
362 31 27 0.036601
363 12 12 0.039815
364 17 14 0.03333
365 8 8 0.018507
366 16 15 0.019491
367 14 12 0.017543
368 15 14 0.04157
369 18 15 0.028745
370 13 12 0.042758
371 20 18 0.045452
372 16 15 0.022363
373 15 15 0.025786
374 18 18 0.025333
375 18 16 0.04203
376 12 10 0.045754
377 27 21 0.028757
378 14 12 0.023879
379 25 21 0.02594
380 23 22 0.019963
381 13 12 0.024275
382 13 13 0.043569
383 22 20 0.024002
384 18 16 0.019502
385 14 12 0.026586
386 19 17 0.053393
387 10 10 0.027992
388 23 19 0.029302
389 18 16 0.027747
390 22 18 0.01875
391 23 21 0.024767
392 19 15 0.0166
393 17 13 0.020046
394 15 14 0.057773
395 17 14 0.021554
396 27 24 0.019732
397 18 17 0.02205
398 37 26 0.017941
399 17 15 0.019212
400 15 13 0.028088
401 25 21 0.021789
402 18 13 0.019077
403 17 15 0.06069
404 14 14 0.016914
405 14 14 0.023887
406 9 9 0.040208
407 12 11 0.055034
408 19 18 0.055663
409 27 24 0.028398
410 20 17 0.030499
411 16 13 0.043078
412 15 13 0.040574
413 16 14 0.036334
414 15 13 0.02091
415 12 10 0.017009
416 12 11 0.018299
417 15 15 0.019889
418 23 22 0.013881
419 16 16 0.016239
420 12 11 0.055211
421 15 14 0.2053419
422 13 11 0.1031782
423 15 13 0.0684768
424 11 11 0.0642225
425 18 16 0.10265
426 8 8 0.0485984
427 7 7 0.0423722
428 21 17 0.0539138
429 18 16 0.0437431
430 10 10 0.0577124
431 19 16 0.0669403
432 14 13 0.0352522
433 17 15 0.0295706
434 20 17 0.0787268
435 17 14 0.0271267
436 11 11 0.0566994
437 9 9 0.0926719
438 29 26 0.0571712
439 15 13 0.0569414
440 11 10 0.0502715
441 21 19 0.0661913
442 25 23 0.0370641
443 13 12 0.0475342
444 17 13 0.0570959
445 8 8 0.0726291
446 19 16 0.0666518
447 19 16 0.0639819
448 18 17 0.0542499
449 12 10 0.0281636
450 11 9 0.0427656
451 24 19 0.0589402
452 12 11 0.0461671
453 17 15 0.054901
454 14 13 0.0644278
455 20 20 0.0639865
456 19 18 0.0236206
457 15 13 0.0492604
458 26 21 0.069407
459 16 15 0.053583
460 23 19 0.0472135
461 10 10 0.0623865
462 23 18 0.0624163
463 25 21 0.050318
464 21 19 0.0438887
465 15 14 0.0590819
466 14 13 0.0500121
467 21 17 0.0613371
468 8 8 0.0554701
469 19 18 0.0478099
470 19 18 0.059615
471 17 15 0.0482329
472 14 13 0.0700843
473 21 19 0.0592523
474 14 13 0.0314169
475 22 20 0.0576962
476 24 20 0.0556935
477 16 14 0.0469802
478 24 20 0.0616263
479 25 22 0.0684884
480 25 19 0.0584697
481 19 16 0.063851
482 17 16 0.062983
483 25 23 0.0604933
484 9 9 0.0657119
485 13 13 0.0602807
486 15 14 0.0630221
487 28 21 0.0610707
488 7 7 0.0647081
489 20 17 0.0608759
490 12 12 0.0655857
491 14 13 0.0675672
492 20 17 0.0720057
493 14 14 0.0637158
494 25 22 0.063823
495 22 18 0.0582816
496 21 18 0.0562099
497 19 15 0.0594193
498 18 17 0.0262623
499 10 10 0.0255949
500 16 15 0.0266166
501 9 8 0.0619149
502 32 24 0.0682755
503 20 18 0.0630894
504 21 19 0.0587228
505 5 5 0.0593992
506 10 10 0.0603936
507 25 23 0.0558065
508 16 14 0.056517
509 9 8 0.059331
510 22 20 0.0213423
511 13 12 0.0623786
512 23 20 0.0220273
513 19 19 0.0273976
514 22 17 0.0283359
515 16 16 0.0246804
516 12 11 0.0295944
517 19 17 0.0619246
518 21 16 0.0246689
519 23 17 0.0620693
520 25 20 0.0222406
521 24 21 0.0292527
522 12 10 0.027244
523 11 10 0.0240862
524 25 21 0.0695474
525 15 14 0.0623272
526 20 20 0.0575583
527 16 14 0.0626747
528 17 14 0.0583205
529 24 19 0.0546609
530 16 15 0.0610548
531 18 17 0.0251045
532 16 15 0.0665824
533 20 19 0.0589401
534 18 16 0.0239483
535 15 14 0.0280508
536 27 23 0.0249438
537 23 19 0.0605206
538 22 19 0.0660311
539 23 22 0.0403204
540 26 22 0.0543081
541 7 7 0.0594314
542 17 14 0.0635432
543 9 9 0.0606285
544 15 14 0.064796
545 16 14 0.0640904
546 18 18 0.0268293
547 17 14 0.0257953
548 21 19 0.0587347
549 19 17 0.0663735
550 23 19 0.060276
551 25 21 0.0514433
552 11 11 0.0400535
553 13 13 0.0241536
554 12 11 0.0558476
555 23 18 0.0451146
556 17 15 0.0588858
557 21 19 0.0295376
558 17 16 0.0421787
559 18 17 0.0515199
560 15 13 0.0445898
561 17 15 0.0468675
562 22 19 0.0235118
563 26 21 0.0532161
564 23 18 0.0516514
565 26 22 0.0214017
566 18 14 0.0549372
567 22 20 0.0490159
568 25 22 0.0583228
569 13 12 0.0694943
570 21 20 0.056727
571 16 15 0.0546867
572 6 6 0.0605752
573 19 15 0.053713
574 21 17 0.0506937
575 19 18 0.059659
576 14 13 0.0637279
577 9 9 0.0508012
578 13 12 0.0422842
579 21 16 0.0539462
580 12 10 0.0555217
581 14 12 0.0572328
582 15 13 0.0517968
583 20 18 0.0474614
584 29 23 0.019833
585 17 16 0.0537134
586 22 21 0.0459962
587 19 17 0.0524839
588 27 20 0.0570125
589 19 17 0.0287789
590 21 16 0.0522777
591 28 26 0.0237267
592 17 15 0.0569661
593 16 15 0.0229505
594 19 16 0.051968
595 15 13 0.0539714
596 23 20 0.0522894
597 25 21 0.0539114
598 19 15 0.0573619
599 18 16 0.0445664
600 22 17 0.0580856
601 17 14 0.0593236
602 25 21 0.0232787
603 19 17 0.0356901
604 28 23 0.0446768
605 9 9 0.0549565
606 15 13 0.0523179
607 16 16 0.0519274
608 22 18 0.0535329
609 15 13 0.0558087
610 16 16 0.0489637
611 14 13 0.0548119
612 30 26 0.0541598
613 27 20 0.0455776
614 28 24 0.0207116
615 14 13 0.0570102
616 18 17 0.0542592
617 22 19 0.0586237
618 15 11 0.0532102
619 22 21 0.0515431
620 15 13 0.0517966
621 22 18 0.0558897
622 28 23 0.049146
623 8 8 0.0554638
624 23 19 0.0246812
625 21 19 0.0520392
626 19 16 0.0570376
627 8 8 0.0549121
628 19 17 0.0461104
629 24 20 0.0617837
630 17 15 0.0538466
631 22 20 0.0212547
632 33 25 0.057481
633 12 11 0.0499392
634 17 13 0.0474531
635 23 17 0.0543089
636 24 19 0.0456644
637 14 13 0.0557795
638 18 16 0.057422
639 9 9 0.0620645
640 10 10 0.0530591
641 20 16 0.0507211
642 21 19 0.0431623
643 11 11 0.0538938
644 25 18 0.0251243
645 23 17 0.0225173
646 16 12 0.0390481
647 9 9 0.0528114
648 18 15 0.0575066
649 9 9 0.0648512
650 30 25 0.0570473
651 16 15 0.0541923
652 30 26 0.0526727
653 24 24 0.051559
654 11 11 0.052751
655 23 19 0.0605054
656 20 16 0.0388675
657 17 15 0.0513165
658 24 20 0.0606931
659 18 16 0.0636393
660 25 20 0.0580819
661 15 15 0.0267851
662 23 21 0.0648422
663 23 19 0.0253943
664 17 16 0.0251892
665 20 17 0.0469392
666 18 15 0.0346604
667 20 16 0.0240717
668 18 15 0.0477427
669 15 13 0.0535613
670 29 24 0.0181515
671 19 16 0.0252599
672 23 17 0.0608475
673 21 16 0.0339623
674 9 9 0.0437426
675 22 20 0.0403439
676 7 7 0.0641768
677 17 17 0.0536832
678 19 14 0.0453797
679 25 20 0.0576423
680 22 17 0.0550791
681 24 21 0.06661
682 12 11 0.0497273
683 19 19 0.0472001
684 18 17 0.0469827
685 16 15 0.0572446
686 15 15 0.0439897
687 17 16 0.0538387
688 9 8 0.0545622
689 16 16 0.0402283
690 15 14 0.0591079
691 16 14 0.02569
692 29 25 0.0264047
693 10 10 0.0272147
694 18 16 0.0248908
695 12 12 0.0259753
696 20 18 0.0269804
697 14 13 0.0613281
698 22 20 0.0239464
699 16 16 0.0273938
700 24 22 0.024773
701 20 18 0.026782
702 16 15 0.0472492
703 22 18 0.0587129
704 15 12 0.0254427
705 13 13 0.0634506
706 24 20 0.0298477
707 10 10 0.0494829
708 16 14 0.0571694
709 24 21 0.0646142
710 14 12 0.0457708
711 16 14 0.054055
712 13 12 0.0591615
713 24 24 0.0380597
714 13 12 0.0625813
715 23 20 0.0220247
716 20 17 0.0246241
717 17 15 0.0290326
718 9 9 0.0503958
719 20 16 0.0260059
720 19 16 0.0254897
721 23 20 0.045282
722 16 14 0.0581483
723 9 9 0.0546797
724 27 26 0.0608565
725 24 21 0.0470561
726 15 14 0.0575725
727 20 17 0.0340175
728 13 11 0.0609087
729 18 14 0.0447223
730 18 15 0.0408028
731 28 23 0.0216542
732 37 33 0.0468043
733 20 18 0.0514217
734 9 9 0.0413116
735 8 8 0.0255885
736 19 16 0.0260981
737 21 18 0.0271214
738 13 12 0.0277473
739 14 13 0.0390262
740 13 13 0.0537523
741 18 16 0.0204358
742 23 19 0.0461287
743 12 11 0.0291591
744 16 16 0.0339986
745 13 12 0.0535362
746 21 18 0.0273155
747 13 13 0.0421126
748 32 25 0.0570099
749 14 12 0.0401038
750 18 16 0.0348557
751 25 19 0.0502351
752 20 19 0.0384758
753 7 7 0.0450671
754 11 10 0.0417484
755 20 18 0.0546483
756 16 14 0.0525406
757 14 13 0.047529
758 23 18 0.0264406
759 14 14 0.0266943
760 14 14 0.0485076
761 29 24 0.0281727
762 17 16 0.0450946
763 23 19 0.0418371
764 13 13 0.0513909
765 14 10 0.042388
766 13 12 0.046051
767 23 21 0.0438142
768 14 14 0.0501479
769 16 15 0.0467522
770 12 11 0.0482806
771 21 17 0.0375924
772 23 18 0.028413
773 8 8 0.0435887
774 13 12 0.0470742
775 24 22 0.0361854
776 20 19 0.0614085
777 14 14 0.0376324
778 24 21 0.0472739
779 16 13 0.0507906
780 20 19 0.0350053
781 22 18 0.0383503
782 15 13 0.0472271
783 17 16 0.0493742
784 25 21 0.0448199
785 19 17 0.0426181
786 21 20 0.0764205
787 25 21 0.0417398
788 18 16 0.0472035
789 13 12 0.0478014
790 9 8 0.0512658
791 15 13 0.0420216
792 19 18 0.0331659
793 24 19 0.0402854
794 21 17 0.0456751
795 25 19 0.0516273
796 22 22 0.029052
797 8 7 0.0546292
798 16 15 0.0322947
799 17 16 0.0545987
800 19 17 0.0544444
801 21 17 0.0493314
802 8 8 0.0372849
803 15 14 0.0387367
804 20 17 0.047556
805 15 13 0.0425952
806 9 8 0.0570775
807 13 13 0.0523058
808 10 9 0.0488321
809 22 17 0.0208266
810 18 16 0.0460271
811 24 21 0.048916
812 19 18 0.0488248
813 26 25 0.042758
814 21 17 0.0421174
815 21 18 0.0433798
816 18 16 0.0542998
817 8 8 0.0382265
818 18 16 0.0262311
819 17 15 0.0271401
820 11 11 0.0601295
821 13 12 0.0430398
822 13 11 0.0429051
823 9 9 0.0422285
824 23 18 0.0261572
825 20 16 0.0252875
826 17 16 0.0532211
827 13 11 0.0382161
828 13 11 0.0556439
829 24 23 0.0351517
830 22 20 0.0586575
831 12 11 0.0413999
832 14 13 0.0503087
833 15 13 0.027861
834 14 13 0.0413484
835 18 16 0.0495178
836 26 23 0.0457817
837 30 23 0.0430029
838 13 12 0.0519709
839 14 12 0.0399957
840 25 19 0.050676
