1 73 63 0.532976
2 86 77 0.591766
3 111 89 0.171004
4 53 43 0.677159
5 100 85 0.174341
6 89 74 0.409993
7 64 53 0.230952
8 75 74 0.351452
9 115 98 0.125616
10 69 62 0.246439
11 117 94 0.287506
12 37 37 0.335566
13 79 71 0.265007
14 79 69 0.281372
15 85 78 0.28043
16 60 53 0.184909
17 99 89 0.405297
18 103 90 0.186112
19 68 60 0.194017
20 52 46 0.25474
21 60 58 0.333733
22 70 65 0.15078
23 90 78 0.584714
24 43 39 0.347009
25 69 56 0.592956
26 69 59 0.297137
27 92 80 0.160595
28 74 67 0.418197
29 102 86 0.248258
30 71 59 0.622182
31 67 59 0.419809
32 65 63 0.156777
33 82 69 0.345184
34 73 62 0.302479
35 51 47 0.609516
36 58 51 0.364372
37 78 72 0.332764
38 81 66 0.226487
39 35 34 0.370296
40 67 55 0.184868
41 74 67 0.246763
42 74 66 0.266796
43 29 22 0.224491
44 83 71 0.358559
45 69 68 0.328244
46 60 49 0.380915
47 80 70 0.312801
48 68 61 0.37839
49 66 58 0.272257
50 64 56 0.311609
51 75 63 0.248793
52 133 108 0.125275
53 84 67 0.278932
54 107 82 0.032699
55 97 88 0.128506
56 66 55 0.30757
57 40 40 0.204866
58 65 49 0.368893
59 93 78 0.386205
60 72 67 0.160304
61 72 67 0.131548
62 93 84 0.266605
63 53 47 0.243178
64 70 63 0.22461
65 73 67 0.128762
66 94 87 0.123621
67 87 78 0.119038
68 29 29 0.253272
69 57 51 0.611877
70 56 51 0.209296
71 68 60 0.279552
72 124 109 0.134745
73 107 99 0.086673
74 72 63 0.160341
75 104 96 0.10174
76 78 72 0.423375
77 77 68 0.213095
78 68 61 0.090215
79 70 66 0.091917
80 46 42 0.224917
81 83 71 0.205658
82 100 84 0.150577
83 97 85 0.208764
84 77 67 0.509082
85 56 50 0.377326
86 60 55 0.24666
87 45 41 0.394118
88 125 103 0.148242
89 67 55 1.175498
90 69 64 0.16385
91 87 68 0.192556
92 37 34 0.387073
93 83 69 0.362951
94 111 82 0.095562
95 59 51 0.220052
96 71 55 0.567079
97 81 69 0.240876
98 62 55 0.37741
99 109 87 0.178707
100 111 92 0.224704
101 62 57 0.343023
102 61 51 0.750656
103 87 78 0.298368
104 62 54 0.544874
105 86 74 0.255985
106 108 91 0.183053
107 66 57 0.569613
108 88 72 0.26206
109 31 31 0.264093
110 57 47 0.146272
111 60 58 0.342735
112 55 51 0.226815
113 77 66 0.135122
114 65 61 0.367294
115 85 72 0.178083
116 58 47 0.449354
117 66 57 0.647145
118 76 74 0.161688
119 92 81 0.388664
120 77 68 0.269003
121 77 68 0.14256
122 38 37 0.272646
123 69 63 0.232775
124 66 57 0.18941
125 35 34 0.342478
126 63 59 0.317693
127 40 36 1.39223
128 65 62 0.248783
129 80 66 0.465767
130 70 63 0.242514
131 34 34 0.345204
132 90 81 0.297695
133 58 57 0.311629
134 117 95 0.118454
135 96 77 0.205079
136 34 32 0.254306
137 93 75 0.261782
138 79 71 0.677221
139 78 67 0.287756
140 68 60 0.503842
141 54 51 0.318423
142 83 75 0.253867
143 96 92 0.109278
144 77 59 0.349503
145 70 62 0.097835
146 81 70 0.119362
147 94 79 0.101539
148 53 44 0.17543
149 88 78 0.233312
150 61 49 0.441674
151 84 70 0.260324
152 108 88 0.131513
153 101 87 0.349593
154 94 72 0.408556
155 42 42 0.171776
156 57 51 0.452241
157 43 40 0.356607
158 46 42 0.196483
159 82 66 0.295339
160 103 89 0.240435
161 68 59 0.567818
162 108 95 0.119277
163 33 28 0.33821
164 63 55 0.170402
165 19 17 0.37557
166 105 89 0.164463
167 86 73 0.186552
168 91 80 0.443222
169 33 30 0.403217
170 58 47 0.493385
171 85 75 0.097107
172 68 63 0.153831
173 83 79 0.38996
174 89 77 0.22573
175 60 53 0.436482
176 81 69 0.671347
177 80 65 1.034423
178 73 67 0.19269
179 76 71 0.730089
180 111 98 0.221692
181 49 46 0.105404
182 75 62 0.565517
183 35 32 0.390722
184 47 42 0.29218
185 75 63 0.38878
186 97 84 0.14444
187 46 39 0.50192
188 77 63 0.268446
189 76 69 0.267387
190 99 91 0.563339
191 94 76 0.221945
192 42 34 0.324711
193 82 67 0.389811
194 77 65 0.746004
195 46 41 0.365483
196 66 60 0.365807
197 61 55 0.117884
198 98 81 0.215742
199 32 28 0.251099
200 92 80 0.186693
201 90 82 0.224465
202 83 78 0.293414
203 75 63 0.249567
204 73 65 0.292789
205 49 42 0.500582
206 84 66 0.361839
207 107 91 0.124788
208 77 68 0.395204
209 70 59 1.206268
210 128 115 0.134961
211 42 37 0.391809
212 62 52 0.088424
213 71 68 0.246932
214 78 71 0.197214
215 113 101 0.21603
216 44 38 0.372485
217 45 37 0.522185
218 50 49 0.253573
219 39 35 0.216087
220 98 87 0.151634
221 107 85 0.132331
222 69 58 0.303763
223 88 74 0.472051
224 49 40 0.316689
225 98 87 0.228447
226 77 69 0.105263
227 58 53 0.373513
228 101 85 0.232752
229 92 81 0.309325
230 48 48 0.281005
231 65 56 0.310617
232 84 69 0.144152
233 45 40 0.404582
234 98 88 0.175714
235 42 42 0.283334
236 125 109 0.141505
237 114 91 0.192325
238 100 82 0.295789
239 84 72 0.416746
240 101 78 0.412713
241 74 66 0.371232
242 82 75 0.180506
243 99 85 0.246015
244 103 89 0.238264
245 67 60 0.289377
246 113 92 0.221275
247 54 43 0.541786
248 26 24 0.45582
249 73 58 0.352539
250 96 87 0.217322
251 88 82 0.194773
252 75 62 0.222219
253 68 58 0.340691
254 67 54 0.925979
255 80 65 0.145513
256 80 71 0.130568
257 61 54 0.418517
258 59 50 0.328816
259 80 66 0.326381
260 57 54 0.380786
261 63 60 0.26783
262 123 107 0.081306
263 50 39 0.573848
264 37 35 0.510971
265 75 62 0.635775
266 127 112 0.222333
267 120 114 0.203586
268 72 60 0.408637
269 104 96 0.15334
270 26 24 0.354472
271 75 66 0.21454
272 97 79 0.227442
273 80 68 0.611002
274 38 32 0.25801
275 95 81 0.297179
276 113 96 0.249979
277 72 69 0.347585
278 101 90 0.201277
279 83 70 0.378963
280 39 39 0.266822
281 84 63 0.296186
282 49 43 0.407408
283 148 129 0.061236
284 91 77 0.341181
285 88 76 0.318909
286 92 75 0.1793
287 66 58 0.235721
288 80 70 0.561435
289 77 69 0.102367
290 49 44 0.352277
291 56 52 0.183631
292 60 60 0.302988
293 78 70 0.210173
294 55 48 0.187929
295 90 78 0.147273
296 97 75 0.291457
297 34 31 0.234937
298 36 30 0.60315
299 87 73 0.351673
300 70 60 0.384161
301 116 101 0.326645
302 49 48 0.195016
303 67 59 0.409392
304 50 48 0.284305
305 115 95 0.308365
306 118 100 0.188576
307 123 101 0.254402
308 68 65 0.254991
309 117 97 0.252728
310 84 77 0.172956
311 89 73 0.322594
312 47 44 0.22062
313 82 69 0.124925
314 107 81 0.142492
315 49 47 0.201392
316 70 64 0.264926
317 106 94 0.195522
318 78 70 0.536762
319 55 51 0.175264
320 74 66 0.756919
321 54 50 0.136515
322 58 50 0.421358
323 30 28 0.262642
324 82 74 0.38715
325 109 93 0.202553
326 79 71 0.211918
327 28 28 0.461177
328 85 77 0.310808
329 92 70 0.130819
330 64 58 0.410999
331 100 86 0.327145
332 61 47 0.317311
333 65 56 0.231581
334 104 88 0.394043
335 127 101 0.141845
336 55 48 0.188793
337 80 74 0.106266
338 59 51 0.123707
339 63 56 0.317288
340 68 60 0.156232
341 83 66 0.429016
342 75 74 0.316718
343 94 86 0.052665
344 71 64 0.313089
345 59 53 0.322049
346 47 39 0.41401
347 121 100 0.141971
348 79 70 0.243521
349 75 65 0.10545
350 66 59 0.250638
351 30 27 0.431877
352 79 75 0.200052
353 97 84 0.12968
354 89 76 0.422046
355 124 103 0.253497
356 71 62 0.282615
357 51 47 0.323195
358 61 50 0.552815
359 67 60 0.309646
360 98 86 0.199102
361 52 50 0.198211
362 85 75 0.198274
363 109 90 0.137234
364 103 87 0.095627
365 79 79 0.201093
366 53 48 0.2272
367 91 74 0.192257
368 75 69 0.294634
369 85 76 0.223014
370 106 83 0.183662
371 114 100 0.145645
372 77 70 0.218821
373 69 64 0.224895
374 59 54 0.229516
375 124 114 0.150733
376 75 65 0.134449
377 95 84 0.267313
378 29 28 0.182601
379 80 73 0.234345
380 78 66 0.201114
381 35 33 0.313829
382 66 61 0.199316
383 108 89 0.38949
384 63 54 0.139894
385 106 96 0.087081
386 63 60 0.355989
387 107 95 0.407083
388 76 64 0.231242
389 119 98 0.130277
390 95 81 0.281831
391 94 85 0.380725
392 63 53 0.359063
393 61 58 0.172553
394 85 73 0.211547
395 56 50 0.381113
396 97 89 0.165659
397 82 64 0.292273
398 71 63 0.46832
399 104 88 0.151858
400 77 62 0.176281
401 42 40 0.318776
402 112 99 0.156763
403 96 83 0.286933
404 94 84 0.154306
405 70 60 0.359218
406 46 40 0.248872
407 53 43 0.742715
408 85 81 0.275159
409 97 83 0.285773
410 73 60 0.831678
411 61 58 0.288213
412 103 93 0.145724
413 85 78 0.186244
414 109 98 0.120163
415 109 87 0.265309
416 56 48 0.301569
417 63 57 0.413395
418 107 95 0.179874
419 97 81 0.407588
420 77 68 0.292112
421 58 51 1.6422144
422 106 92 0.7189419
423 76 65 1.4804272
424 100 86 0.3001883
425 70 62 0.3661232
426 85 71 0.5440813
427 47 39 0.5434827
428 58 47 0.6248812
429 78 68 0.321644
430 110 88 0.1425089
431 107 97 0.1999804
432 105 97 0.2796442
433 71 62 0.4838906
434 80 71 1.5337719
435 38 32 0.995939
436 103 91 0.2188684
437 42 34 0.4265789
438 117 93 0.5495615
439 76 71 0.5564618
440 53 48 0.5888286
441 89 73 0.3312035
442 63 56 0.5495554
443 56 47 0.5193043
444 110 86 0.7277941
445 80 73 0.3520445
446 51 43 0.7494054
447 55 48 0.5775436
448 110 88 0.1385795
449 59 56 0.3687377
450 53 49 0.6685354
451 53 46 0.6213901
452 61 52 0.4254559
453 45 40 0.7147805
454 48 39 0.575543
455 79 71 0.6194267
456 69 59 0.5278933
457 69 56 0.5741404
458 83 75 0.4095759
459 75 68 0.2021955
460 67 64 0.536174
461 64 60 0.6332791
462 34 33 0.5635021
463 83 75 0.3201312
464 80 68 0.1424521
465 56 53 0.4400563
466 103 81 0.5462386
467 78 69 0.3663396
468 90 84 0.3063216
469 66 58 0.1689474
470 117 87 0.4479905
471 39 33 1.2086474
472 89 80 0.448849
473 69 63 0.6438624
474 44 39 0.3498689
475 73 60 0.7374522
476 51 47 0.6940706
477 71 65 0.5625554
478 68 55 0.3710222
479 67 56 0.2943649
480 89 76 0.3765979
481 81 66 0.2076029
482 54 48 0.647756
483 64 55 0.6700237
484 44 44 0.4959974
485 73 69 0.4905117
486 85 72 0.3322921
487 68 55 0.4099451
488 98 86 0.2433001
489 38 36 0.6416203
490 32 28 0.7603707
491 77 69 0.7969932
492 118 96 0.1444216
493 37 35 0.4699978
494 41 33 0.7964587
495 44 33 0.6299718
496 44 41 0.5173066
497 66 57 0.6057134
498 89 70 0.8474671
499 75 64 0.6846139
500 85 73 0.2281273
501 89 74 0.4120151
502 89 80 0.4378334
503 107 93 0.3039084
504 61 50 0.4911361
505 83 69 0.4627214
506 63 55 0.685532
507 61 54 1.0322264
508 57 54 0.3659989
509 87 78 0.4494283
510 50 44 0.6791409
511 158 139 0.0923672
512 62 57 0.4585145
513 83 74 0.4057003
514 79 74 0.3034057
515 55 50 0.5841523
516 97 82 0.2892251
517 74 72 0.6109606
518 82 72 0.4340564
519 96 80 0.5345197
520 64 56 0.5144873
521 63 58 0.5256784
522 72 62 0.5796467
523 95 84 0.2887856
524 82 68 0.4982308
525 57 50 1.0349241
526 68 59 0.8070727
527 59 54 0.5714924
528 142 115 0.3155102
529 89 75 0.2614431
530 46 40 0.6839852
531 97 91 0.5314574
532 104 92 0.2105693
533 22 20 0.7044129
534 27 27 0.4770696
535 52 48 0.4824011
536 76 62 0.7354902
537 82 65 0.3642712
538 48 44 0.5976833
539 84 73 0.4766315
540 80 67 0.4385084
541 142 112 0.2343243
542 70 62 0.1947932
543 77 65 0.3829837
544 79 73 0.2168943
545 90 81 0.4826549
546 82 70 0.389764
547 113 98 0.337102
548 87 76 0.6745314
549 93 79 0.451985
550 75 65 0.2488007
551 45 41 0.429006
552 69 61 0.4377643
553 69 63 0.4449391
554 57 50 0.3848364
555 91 75 0.3094274
556 80 67 0.3976607
557 65 53 0.4509616
558 86 73 0.7153787
559 74 70 0.5768759
560 123 110 0.1397177
561 74 66 0.5915179
562 122 107 0.3758692
563 62 56 0.6048839
564 94 79 0.162831
565 61 60 0.6514124
566 117 99 0.2469733
567 88 80 0.3195699
568 50 43 0.5764778
569 71 58 0.4010336
570 78 69 0.3292804
571 54 52 0.4696932
572 56 51 0.3660312
573 70 59 0.4594683
574 59 48 2.0308131
575 99 85 0.4729901
576 34 32 0.8114478
577 98 89 0.3736824
578 55 50 0.5189354
579 35 30 0.4861602
580 84 76 0.398146
581 39 36 0.7184563
582 101 81 0.2207384
583 85 73 0.7093568
584 64 56 0.3838215
585 87 72 0.5168722
586 54 44 0.5118916
587 115 92 0.2384904
588 91 76 0.2911369
589 71 64 0.2963301
590 108 99 0.225704
591 84 70 0.3131068
592 67 59 0.584323
593 89 75 0.3026476
594 62 45 0.846414
595 50 46 0.4860914
596 63 48 0.3984675
597 60 50 0.623875
598 68 63 0.2827089
599 92 81 0.3855762
600 48 44 0.5894536
601 67 59 0.3853438
602 58 52 0.38863
603 47 37 1.1980316
604 62 52 0.4213589
605 104 84 0.4462131
606 56 46 0.4139522
607 88 77 0.4962664
608 83 69 0.1995548
609 79 69 0.5366982
610 91 80 0.8703265
611 49 43 0.5122518
612 82 69 0.2600437
613 96 78 0.5965638
614 62 48 0.8267013
615 52 42 0.3918194
616 49 49 0.526226
617 77 70 0.2134217
618 85 73 0.3929866
619 87 81 0.5693787
620 70 62 0.4692104
621 78 72 0.1783032
622 77 62 0.8178405
623 73 64 1.272573
624 56 51 0.6359628
625 81 73 0.335274
626 82 70 0.7403971
627 55 46 0.7779071
628 74 61 0.9412374
629 65 55 0.7274755
630 32 31 0.9475253
631 81 66 0.192989
632 63 58 0.4970234
633 43 36 0.6823777
634 78 63 1.0192135
635 105 91 0.3417288
636 51 41 0.7471
637 71 64 0.1918023
638 66 61 0.6842742
639 43 39 0.636669
640 78 70 0.4532559
641 95 85 0.233376
642 42 40 0.3812111
643 119 99 0.2599405
644 121 108 0.3279365
645 78 68 0.3684255
646 70 64 0.4825155
647 64 55 0.4324581
648 96 78 0.5273172
649 61 53 0.2829019
650 51 43 0.6696555
651 49 41 0.5243589
652 56 54 0.2542264
653 33 30 0.5546973
654 63 50 0.3289294
655 108 94 0.2917823
656 49 38 0.2674745
657 83 72 0.472315
658 116 103 0.1566753
659 79 66 0.1768937
660 33 32 0.4072335
661 49 46 0.5914195
662 63 56 0.3470666
663 105 89 0.2192844
664 66 55 0.3714278
665 94 83 0.2232665
666 107 91 0.3503316
667 94 82 0.1793111
668 103 82 0.1338602
669 86 71 0.1815483
670 90 70 0.1781127
671 45 40 0.5484792
672 84 79 0.3515761
673 53 53 0.8161672
674 80 68 0.489144
675 67 61 0.1930353
676 72 63 0.541245
677 64 57 0.4492745
678 85 79 0.3645618
679 70 59 0.5178993
680 45 45 0.5032685
681 125 104 0.117697
682 92 81 0.4136024
683 29 27 0.6946682
684 77 63 0.5251398
685 74 64 0.3464327
686 43 40 0.5618563
687 40 39 0.3534308
688 100 81 0.2646881
689 90 78 0.3925492
690 120 100 0.4066393
691 95 80 0.238508
692 62 58 0.737374
693 56 48 0.5521471
694 38 35 0.6963219
695 112 101 0.2879724
696 99 86 0.2647826
697 77 73 0.3388608
698 46 43 0.626711
699 69 66 0.3588291
700 113 91 0.1416212
701 78 64 0.3018442
702 32 32 0.4212811
703 58 53 0.5544235
704 75 65 0.2972392
705 106 93 0.1359147
706 89 79 0.2360256
707 72 70 0.4328756
708 106 95 0.1749174
709 89 75 0.3102803
710 86 78 0.2473411
711 112 98 0.4406672
712 40 35 0.4246428
713 84 76 0.281419
714 77 73 0.2382729
715 63 52 0.4443521
716 52 48 0.297196
717 46 42 0.5208068
718 66 56 0.5622076
719 49 42 0.3829624
720 66 59 0.421221
721 80 75 0.2595904
722 41 36 0.3835115
723 75 68 0.2863165
724 65 60 0.3147898
725 93 75 0.3216796
726 53 50 0.4105388
727 81 68 0.3863904
728 86 74 0.2489304
729 97 79 0.4170469
730 58 47 0.5203073
731 51 47 0.3403783
732 77 65 0.3436847
733 83 74 0.1977778
734 92 84 0.0911721
735 56 52 0.2152728
736 76 64 0.3548472
737 76 64 0.5677691
738 62 53 0.2998324
739 51 45 0.5564407
740 62 55 0.9443431
741 53 52 0.224946
742 36 31 0.3920621
743 98 87 0.2690875
744 93 81 0.0965769
745 61 58 0.3650875
746 69 56 0.3991979
747 47 43 0.5982128
748 47 40 0.4189365
749 65 62 0.3255142
750 49 45 0.6284425
751 70 65 0.2774001
752 65 54 0.1501374
753 77 70 0.2250579
754 53 52 0.5650536
755 45 36 0.4008696
756 53 48 0.466524
757 63 56 0.2140965
758 60 57 0.1410935
759 103 94 0.1291875
760 86 72 0.1595205
761 54 41 0.529697
762 56 47 0.3687936
763 60 56 0.2897276
764 39 33 0.527668
765 107 101 0.280933
766 67 51 0.0919136
767 93 83 0.2208368
768 84 72 0.2244651
769 76 68 0.4099874
770 93 85 0.1572225
771 115 96 0.2025497
772 67 59 0.4954507
773 110 88 0.1493093
774 96 84 0.1923929
775 83 72 0.4523725
776 116 99 0.220792
777 86 75 0.2294341
778 39 39 0.4936989
779 104 86 0.2550948
780 97 85 0.2656822
781 89 82 0.393243
782 86 82 0.2090556
783 85 71 0.3553305
784 71 60 0.3786036
785 103 89 0.2881245
786 146 119 0.1010053
787 71 61 0.0899
788 85 77 0.1740319
789 66 56 0.3028878
790 94 79 0.2520116
791 62 56 0.2605063
792 76 64 0.4327249
793 70 60 0.272813
794 97 82 0.3893963
795 85 64 0.4492027
796 93 78 0.3805832
797 112 94 0.1734547
798 67 55 0.1218542
799 34 33 0.3858585
800 80 66 0.342065
801 59 55 0.4265147
802 65 52 0.2070675
803 85 73 0.1538174
804 103 86 0.2409767
805 102 93 0.2285361
806 85 71 0.2239322
807 103 91 0.2240664
808 73 68 0.3113172
809 46 43 0.3367059
810 104 92 0.1212659
811 60 54 0.3304472
812 71 60 0.3287974
813 79 63 0.3301766
814 95 87 0.2014467
815 93 83 0.3949458
816 84 72 0.2913361
817 63 56 0.3970434
818 74 62 0.3396304
819 74 67 0.1148289
820 104 89 0.1917043
821 89 75 0.196536
822 26 26 0.4208042
823 71 59 0.2462076
824 56 49 0.3519592
825 89 71 0.4484729
826 25 22 0.3888497
827 93 85 0.0726525
828 132 106 0.2290193
829 82 63 0.1810103
830 69 66 0.2999399
831 71 66 0.1282962
832 50 45 0.5850897
833 97 80 0.3208369
834 110 95 0.236769
835 53 52 0.2996524
836 89 79 0.2581842
837 83 72 0.1614552
838 110 89 0.3939115
839 63 59 0.2608792
840 56 51 0.4620113
