1 8 7 0.096098
2 7 7 0.038757
3 6 6 0.02633
4 6 6 0.041682
5 10 7 0.031557
6 6 6 0.016666
7 9 8 0.01636
8 8 7 0.01565
9 8 8 0.016922
10 7 7 0.013461
11 7 7 0.031991
12 6 6 0.012672
13 9 8 0.014807
14 6 6 0.013024
15 8 8 0.012043
16 7 7 0.012017
17 7 7 0.015913
18 7 7 0.01315
19 7 7 0.011195
20 7 7 0.010944
21 10 8 0.01151
22 6 6 0.011466
23 9 8 0.014456
24 8 8 0.013336
25 6 6 0.011695
26 9 8 0.015502
27 7 7 0.010941
28 6 6 0.01121
29 10 8 0.015279
30 9 8 0.015826
31 9 8 0.012757
32 8 7 0.010843
33 8 7 0.01171
34 7 7 0.012197
35 8 8 0.010606
36 6 6 0.031377
37 8 7 0.060862
38 7 7 0.010554
39 6 6 0.011586
40 6 6 0.01059
41 7 7 0.02635
42 7 7 0.028403
43 8 8 0.011646
44 7 7 0.011399
45 8 8 0.011093
46 6 6 0.011075
47 8 8 0.011284
48 6 6 0.010749
49 8 7 0.011543
50 9 8 0.010776
51 7 7 0.010386
52 6 6 0.010708
53 9 8 0.010603
54 8 8 0.009825
55 8 7 0.010714
56 10 8 0.011407
57 7 7 0.04271
58 6 6 0.011787
59 7 7 0.011893
60 8 7 0.011439
61 7 7 0.011819
62 7 7 0.010597
63 8 7 0.011209
64 6 6 0.010941
65 6 6 0.011731
66 7 7 0.013082
67 11 8 0.010935
68 8 7 0.011727
69 8 7 0.013455
70 8 7 0.010698
71 8 7 0.011048
72 6 6 0.01138
73 7 7 0.03806
74 6 6 0.025027
75 9 7 0.016667
76 7 7 0.028892
77 7 7 0.019777
78 8 7 0.020582
79 7 7 0.01946
80 6 6 0.024369
81 7 7 0.014372
82 6 6 0.011412
83 6 6 0.011038
84 6 6 0.013273
85 7 7 0.011156
86 7 7 0.027273
87 8 7 0.009705
88 6 6 0.02744
89 7 7 0.026984
90 9 7 0.009894
91 6 6 0.018663
92 6 6 0.028208
93 7 7 0.028373
94 8 8 0.02847
95 6 6 0.060812
96 8 7 0.027521
97 8 7 0.027884
98 7 7 0.027076
99 7 7 0.026281
100 7 7 0.027207
101 7 7 0.027599
102 10 7 0.027214
103 10 8 0.027162
104 8 8 0.010971
105 9 8 0.01052
106 8 8 0.010633
107 8 8 0.010504
108 7 7 0.010963
109 6 6 0.010963
110 7 7 0.010688
111 6 6 0.010817
112 7 7 0.010866
113 8 8 0.011078
114 7 7 0.010955
115 7 7 0.010975
116 7 7 0.010771
117 7 7 0.011075
118 6 6 0.010628
119 7 7 0.010227
120 7 7 0.010662
121 6 6 0.010515
122 6 6 0.016853
123 7 7 0.011249
124 8 8 0.010644
125 9 7 0.010659
126 7 7 0.010644
127 7 7 0.010642
128 6 6 0.011177
129 6 6 0.011198
130 7 7 0.010878
131 8 7 0.010719
132 8 7 0.010913
133 6 6 0.010874
134 6 6 0.010836
135 7 7 0.010362
136 7 7 0.010712
137 6 6 0.010904
138 8 8 0.009605
139 7 7 0.010371
140 7 7 0.010728
141 8 8 0.009683
142 8 7 0.0102
143 7 7 0.010888
144 8 8 0.011635
145 6 6 0.011055
146 8 8 0.01092
147 6 6 0.01091
148 7 7 0.010955
149 9 8 0.010572
150 6 6 0.010898
151 7 7 0.034036
152 7 7 0.010971
153 7 7 0.027255
154 8 8 0.026527
155 7 7 0.035773
156 8 8 0.027573
157 6 6 0.027848
158 8 8 0.039255
159 8 8 0.027977
160 6 6 0.028067
161 8 7 0.010694
162 7 7 0.024545
163 7 7 0.012185
164 7 7 0.010392
165 8 7 0.010244
166 6 6 0.039243
167 8 8 0.026889
168 7 7 0.026604
169 7 7 0.00988
170 9 7 0.026305
171 6 6 0.027271
172 9 8 0.010682
173 6 6 0.010925
174 7 7 0.010346
175 6 6 0.038873
176 8 8 0.024094
177 8 8 0.026195
178 7 7 0.011199
179 7 7 0.032483
180 8 8 0.011213
181 6 6 0.021171
182 6 6 0.027748
183 7 7 0.027537
184 10 7 0.025956
185 8 7 0.026106
186 8 7 0.03254
187 7 7 0.039274
188 6 6 0.031172
189 7 7 0.035553
190 8 7 0.035264
191 7 7 0.031155
192 8 7 0.034439
193 7 7 0.038835
194 7 7 0.027445
195 6 6 0.018139
196 6 6 0.047224
197 7 7 0.022673
198 8 8 0.034544
199 9 7 0.013036
200 6 6 0.014297
201 8 8 0.034529
202 6 6 0.047505
203 6 6 0.027933
204 7 7 0.034575
205 8 7 0.023092
206 8 7 0.034594
207 6 6 0.023512
208 7 7 0.04032
209 7 7 0.037057
210 9 8 0.01022
211 6 6 0.039108
212 8 8 0.030582
213 7 7 0.050823
214 10 8 0.009697
215 8 7 0.028131
216 7 7 0.010435
217 8 8 0.030618
218 7 7 0.044795
219 6 6 0.054242
220 6 6 0.061129
221 8 7 0.022245
222 8 7 0.021066
223 7 7 0.053866
224 7 7 0.035314
225 8 8 0.024293
226 7 7 0.03756
227 9 8 0.02967
228 7 7 0.033997
229 8 7 0.033921
230 8 8 0.039809
231 8 7 0.020514
232 9 8 0.026042
233 6 6 0.026516
234 8 8 0.010663
235 6 6 0.026513
236 8 7 0.013946
237 7 7 0.02696
238 6 6 0.010118
239 7 7 0.01069
240 6 6 0.019012
241 9 8 0.010282
242 8 8 0.009864
243 7 7 0.010421
244 8 8 0.010188
245 8 7 0.01021
246 7 7 0.010474
247 6 6 0.011255
248 9 7 0.026027
249 7 7 0.010104
250 7 7 0.026562
251 8 8 0.009782
252 7 7 0.010225
253 7 7 0.010354
254 8 7 0.010442
255 7 7 0.010429
256 7 7 0.010375
257 7 7 0.011447
258 9 7 0.010108
259 7 7 0.01048
260 10 8 0.010371
261 10 8 0.009896
262 7 7 0.011341
263 7 7 0.010362
264 6 6 0.010659
265 6 6 0.010676
266 7 7 0.009792
267 7 7 0.010417
268 7 7 0.010474
269 7 7 0.010371
270 8 7 0.009929
271 8 7 0.010317
272 8 8 0.009135
273 8 8 0.010399
274 7 7 0.010585
275 9 8 0.010329
276 7 7 0.010355
277 7 7 0.011032
278 9 7 0.011118
279 8 7 0.010227
280 6 6 0.01077
281 6 6 0.010666
282 6 6 0.009455
283 6 6 0.010447
284 6 6 0.010322
285 8 7 0.010008
286 7 7 0.010241
287 6 6 0.01043
288 8 7 0.010349
289 8 8 0.010142
290 7 7 0.010479
291 7 7 0.010235
292 6 6 0.010231
293 7 7 0.010378
294 7 7 0.019428
295 9 8 0.009839
296 8 7 0.0101
297 8 7 0.010242
298 6 6 0.010326
299 8 8 0.010381
300 7 7 0.010542
301 6 6 0.010504
302 7 7 0.010366
303 9 8 0.010085
304 8 8 0.009476
305 7 7 0.009604
306 7 7 0.0103
307 7 7 0.009476
308 8 7 0.009598
309 7 7 0.009447
310 6 6 0.010163
311 8 8 0.009099
312 7 7 0.009833
313 6 6 0.010587
314 9 8 0.010104
315 7 7 0.010384
316 6 6 0.010665
317 6 6 0.010588
318 6 6 0.010658
319 7 7 0.010563
320 8 7 0.009042
321 9 8 0.008969
322 7 7 0.009917
323 7 7 0.010199
324 7 7 0.010251
325 8 7 0.010134
326 6 6 0.010418
327 7 7 0.010158
328 6 6 0.010079
329 7 7 0.009429
330 8 8 0.010339
331 6 6 0.010406
332 8 7 0.010022
333 6 6 0.010538
334 7 7 0.010672
335 9 8 0.01045
336 7 7 0.01027
337 10 8 0.009831
338 8 7 0.010468
339 8 7 0.010644
340 7 7 0.010756
341 9 8 0.009264
342 7 7 0.00992
343 8 7 0.009907
344 7 7 0.009735
345 7 7 0.015966
346 8 8 0.012101
347 6 6 0.021288
348 9 8 0.008989
349 8 7 0.020146
350 9 7 0.009125
351 7 7 0.009729
352 7 7 0.026025
353 8 7 0.026145
354 7 7 0.04241
355 7 7 0.052162
356 7 7 0.038713
357 6 6 0.011619
358 7 7 0.028802
359 6 6 0.034002
360 8 8 0.026988
361 6 6 0.018906
362 7 7 0.028707
363 8 8 0.040582
364 7 7 0.010242
365 7 7 0.010603
366 9 8 0.009693
367 8 7 0.010219
368 8 7 0.034095
369 7 7 0.026596
370 7 7 0.019332
371 7 7 0.023991
372 7 7 0.010476
373 8 7 0.010582
374 7 7 0.0103
375 7 7 0.01101
376 8 7 0.031272
377 7 7 0.035162
378 8 7 0.023141
379 6 6 0.034714
380 9 7 0.031407
381 6 6 0.034745
382 6 6 0.035436
383 8 7 0.030826
384 7 7 0.010237
385 7 7 0.024939
386 6 6 0.027108
387 7 7 0.012647
388 7 7 0.028906
389 7 7 0.011623
390 7 7 0.010182
391 8 7 0.026921
392 8 8 0.010036
393 7 7 0.010338
394 7 7 0.022524
395 8 7 0.077342
396 7 7 0.010545
397 7 7 0.009431
398 8 8 0.009199
399 7 7 0.034746
400 8 7 0.009969
401 7 7 0.025772
402 7 7 0.01081
403 6 6 0.022821
404 9 8 0.010537
405 8 8 0.009555
406 7 7 0.019403
407 7 7 0.022604
408 7 7 0.022756
409 6 6 0.022686
410 10 8 0.01039
411 8 7 0.010792
412 7 7 0.027194
413 9 8 0.009161
414 6 6 0.011009
415 10 8 0.026295
416 7 7 0.019339
417 6 6 0.009322
418 7 7 0.009975
419 8 8 0.00992
420 8 7 0.009037
421 9 7 0.38359
422 7 7 0.0924813
423 7 7 0.0494419
424 7 7 0.0191119
425 7 7 0.0434367
426 7 7 0.0287436
427 7 7 0.0269831
428 7 7 0.0397977
429 8 8 0.0404696
430 8 8 0.0372807
431 6 6 0.0228208
432 6 6 0.0715155
433 7 7 0.1081022
434 8 8 0.0153051
435 7 7 0.0161517
436 7 7 0.0158722
437 8 7 0.027776
438 7 7 0.0322831
439 8 8 0.0461461
440 6 6 0.0395534
441 8 8 0.0159935
442 8 7 0.0456946
443 7 7 0.0536333
444 8 7 0.0405486
445 6 6 0.0161416
446 7 7 0.0213017
447 6 6 0.0594423
448 7 7 0.0229339
449 6 6 0.0169663
450 6 6 0.1318437
451 9 8 0.0673701
452 8 8 0.0157924
453 9 8 0.0148055
454 7 7 0.076873
455 9 8 0.0147917
456 7 7 0.0286712
457 6 6 0.0318313
458 7 7 0.0226019
459 6 6 0.0962708
460 8 8 0.0871403
461 9 7 0.0177282
462 6 6 0.0164013
463 8 7 0.0159595
464 6 6 0.0727545
465 6 6 0.0960982
466 6 6 0.015192
467 8 7 0.0168766
468 8 8 0.1027838
469 6 6 0.1020684
470 6 6 0.0883922
471 7 7 0.0858198
472 9 8 0.0148806
473 8 7 0.0167204
474 7 7 0.0157436
475 7 7 0.0156717
476 9 8 0.0370799
477 8 8 0.0448192
478 8 7 0.0147999
479 6 6 0.0174548
480 6 6 0.0157043
481 8 8 0.0264109
482 6 6 0.0248614
483 8 7 0.031875
484 8 7 0.0345708
485 8 8 0.0152384
486 11 7 0.0140402
487 8 8 0.0351994
488 8 7 0.0800688
489 7 7 0.0872721
490 6 6 0.015189
491 6 6 0.0169579
492 9 8 0.1446211
493 8 8 0.148492
494 7 7 0.0261515
495 7 7 0.1610842
496 7 7 0.1119621
497 8 7 0.0145246
498 9 8 0.0142124
499 7 7 0.1075987
500 6 6 0.0144712
501 6 6 0.0148883
502 8 8 0.0689206
503 7 7 0.0640099
504 7 7 0.0817078
505 6 6 0.0155826
506 8 7 0.013522
507 7 7 0.1148814
508 8 7 0.0937254
509 7 7 0.0148591
510 6 6 0.0158749
511 7 7 0.0799808
512 6 6 0.0936258
513 6 6 0.1274408
514 9 8 0.0188873
515 7 7 0.0157816
516 8 8 0.1071651
517 7 7 0.0818995
518 8 7 0.0752053
519 7 7 0.015484
520 6 6 0.026018
521 6 6 0.0184197
522 9 7 0.0277444
523 8 8 0.0247503
524 8 8 0.0183169
525 7 7 0.0171177
526 7 7 0.0206743
527 7 7 0.1017858
528 9 7 0.0152672
529 6 6 0.0305304
530 6 6 0.0777176
531 8 8 0.0153276
532 8 8 0.0153296
533 6 6 0.0221968
534 6 6 0.0816433
535 7 7 0.0158107
536 8 7 0.0142028
537 9 8 0.0787872
538 6 6 0.0732958
539 6 6 0.0363118
540 7 7 0.0157911
541 8 7 0.0796216
542 7 7 0.085906
543 6 6 0.0154904
544 7 7 0.0231282
545 7 7 0.0215641
546 7 7 0.0143809
547 6 6 0.014843
548 7 7 0.0171062
549 10 8 0.0158957
550 8 8 0.0201055
551 9 8 0.016479
552 7 7 0.0137531
553 9 8 0.0355682
554 7 7 0.0162948
555 9 8 0.0183283
556 8 8 0.0162007
557 6 6 0.0155596
558 7 7 0.0303724
559 7 7 0.0173685
560 7 7 0.0156575
561 7 7 0.0172278
562 8 7 0.0158216
563 8 8 0.0173946
564 10 8 0.0234044
565 7 7 0.020822
566 7 7 0.0151302
567 6 6 0.0176389
568 6 6 0.0190991
569 6 6 0.0250418
570 7 7 0.1213667
571 6 6 0.1394947
572 7 7 0.0158058
573 9 7 0.0151455
574 6 6 0.1374442
575 6 6 0.1118822
576 9 8 0.1369601
577 7 7 0.1393993
578 8 7 0.0151149
579 7 7 0.1326049
580 7 7 0.1225207
581 9 8 0.1182128
582 7 7 0.0185457
583 7 7 0.0164568
584 6 6 0.0172219
585 6 6 0.0162375
586 10 7 0.1149517
587 7 7 0.1287208
588 8 7 0.0166255
589 7 7 0.0142988
590 8 7 0.133523
591 6 6 0.0186198
592 7 7 0.0148231
593 8 8 0.0145437
594 8 8 0.0240264
595 7 7 0.0165587
596 8 7 0.015239
597 9 8 0.02742
598 7 7 0.0189696
599 8 8 0.0169833
600 8 7 0.015856
601 6 6 0.115779
602 7 7 0.0171953
603 7 7 0.0210542
604 6 6 0.0215518
605 9 7 0.0254381
606 9 8 0.0142427
607 7 7 0.0153369
608 7 7 0.0812471
609 7 7 0.0159212
610 8 8 0.0142031
611 7 7 0.0279669
612 9 8 0.0138741
613 8 7 0.0268789
614 9 8 0.0156054
615 7 7 0.0136351
616 7 7 0.017772
617 6 6 0.0140318
618 8 7 0.0149489
619 7 7 0.0979566
620 7 7 0.0150865
621 7 7 0.0163307
622 7 7 0.0155706
623 8 7 0.0154947
624 9 8 0.0162984
625 8 7 0.0174314
626 7 7 0.0149485
627 8 7 0.0154637
628 7 7 0.0150339
629 8 8 0.0152038
630 6 6 0.0993679
631 8 8 0.0949243
632 6 6 0.0868091
633 8 7 0.0172208
634 6 6 0.0153337
635 7 7 0.0166676
636 8 7 0.0173114
637 8 7 0.0164248
638 9 8 0.0154151
639 7 7 0.0147922
640 6 6 0.0885419
641 8 7 0.0993612
642 6 6 0.0152283
643 8 7 0.0914218
644 9 8 0.0837362
645 9 8 0.0166485
646 6 6 0.10488
647 8 8 0.0981684
648 6 6 0.0151024
649 9 8 0.0977411
650 7 7 0.1089686
651 7 7 0.0142459
652 8 8 0.1049577
653 7 7 0.014221
654 7 7 0.102828
655 7 7 0.0154633
656 8 8 0.0205196
657 8 7 0.0906383
658 9 7 0.0974275
659 8 8 0.0152719
660 7 7 0.0992764
661 6 6 0.016111
662 9 8 0.0142476
663 7 7 0.093503
664 7 7 0.0936521
665 7 7 0.0146588
666 6 6 0.0136341
667 6 6 0.0997792
668 7 7 0.0158911
669 10 8 0.0978746
670 8 8 0.0836625
671 7 7 0.0178657
672 6 6 0.0235553
673 7 7 0.0250978
674 9 8 0.0269185
675 8 7 0.0173093
676 8 7 0.0965912
677 6 6 0.0167777
678 6 6 0.0143527
679 7 7 0.0142689
680 8 7 0.0143897
681 6 6 0.0149249
682 8 7 0.0160684
683 8 7 0.0292259
684 8 8 0.0222547
685 6 6 0.025976
686 6 6 0.0477181
687 6 6 0.0541141
688 6 6 0.0147526
689 9 8 0.0475398
690 6 6 0.0472234
691 9 7 0.0490868
692 8 7 0.0362479
693 8 8 0.0262358
694 7 7 0.0176817
695 7 7 0.0187391
696 7 7 0.0571009
697 7 7 0.0184638
698 7 7 0.0164971
699 8 7 0.0591457
700 8 7 0.0154796
701 9 8 0.0183158
702 7 7 0.0181559
703 8 8 0.0232656
704 8 7 0.0379535
705 8 8 0.0240526
706 6 6 0.0151607
707 7 7 0.0562407
708 8 7 0.0523812
709 8 7 0.0249712
710 6 6 0.0166764
711 7 7 0.0520341
712 6 6 0.0464293
713 7 7 0.063354
714 8 8 0.0147376
715 8 8 0.02543
716 9 8 0.0465866
717 8 8 0.044023
718 9 8 0.018643
719 8 8 0.0209326
720 7 7 0.0328611
721 8 7 0.0147669
722 9 8 0.0260188
723 8 8 0.0275659
724 7 7 0.045563
725 8 7 0.0348934
726 7 7 0.0151466
727 7 7 0.0141542
728 7 7 0.0589823
729 7 7 0.047367
730 7 7 0.0162754
731 6 6 0.0153677
732 8 7 0.0164296
733 8 7 0.0173887
734 7 7 0.0157445
735 8 7 0.0151638
736 7 7 0.015405
737 8 8 0.0177989
738 6 6 0.0174981
739 8 7 0.0181576
740 8 7 0.0191976
741 7 7 0.0181658
742 7 7 0.0149306
743 7 7 0.0192463
744 7 7 0.017507
745 6 6 0.0449844
746 8 8 0.0202981
747 8 8 0.0196445
748 7 7 0.0154597
749 7 7 0.0200422
750 9 8 0.0151084
751 7 7 0.0147616
752 7 7 0.0164441
753 7 7 0.0202967
754 8 8 0.0376477
755 8 8 0.0246238
756 6 6 0.0144914
757 6 6 0.0216905
758 7 7 0.016827
759 8 8 0.0163519
760 7 7 0.0152324
761 6 6 0.0216109
762 7 7 0.0149418
763 7 7 0.0169805
764 6 6 0.0231129
765 6 6 0.0192594
766 8 7 0.0142877
767 7 7 0.0207945
768 6 6 0.0167878
769 8 7 0.0156009
770 6 6 0.0159076
771 6 6 0.0179162
772 7 7 0.0543007
773 9 8 0.0173889
774 7 7 0.0173894
775 6 6 0.0175902
776 6 6 0.015895
777 8 8 0.0181247
778 6 6 0.0150566
779 6 6 0.0514135
780 8 7 0.0131215
781 7 7 0.0580684
782 7 7 0.0644355
783 8 8 0.0308019
784 8 7 0.0158
785 6 6 0.0159753
786 8 7 0.0717061
787 6 6,0.0655129
788,8,7,0.0140194
789,7,7,0.0199264
790,7,7,0.0303858
791,9,7,0.0226983
792,7,7,0.0273753
793,6,6,0.0140323
794,7,7,0.0209647
795,7,7,0.0168273
796,8,7,0.0175812
797,8,8,0.0171604
798,6,6,0.0238432
799,8,7,0.0211294
800,8,8,0.0184257
801,7,7,0.0155642
802,8,8,0.0147064
803,8,8,0.0145399
804,8,8,0.0199996
805,7,7,0.0187038
806,7,7,0.0147541
807,7,7,0.0251141
808,7,7,0.0143497
809,7,7,0.0143168
810,6,6,0.0167154
811,8,8,0.0166683
812,7,7,0.0152237
813,8,8,0.0252604
814,8,8,0.0154779
815,6,6,0.0156106
816,7,7,0.017103
817,8,8,0.0151181
818,9,8,0.0138095
819,6,6,0.0169564
820,6,6,0.0154354
821,7,7,0.0142518
822,6,6,0.0151406
823,8,7,0.0253296
824,6,6,0.0206321
825,8,7,0.016584
826,6,6,0.0149568
827,7,7,0.0166188
828,7,7,0.0152389
829,8,8,0.0137112
830,7,7,0.0149495
831,6,6,0.0150741
832,10,8,0.013538
833,7,7,0.0142361
834,7,7,0.0162361
835,6,6,0.014915
836,9,7,0.0146898
837,8,7,0.0157026
838,8,7,0.0159348
839,7,7,0.0145014
840,6,6,0.0149775
