1 16 14 0.11674
2 14 12 0.050995
3 9 8 0.022809
4 12 11 0.026743
5 11 11 0.03908
6 9 9 0.044822
7 9 9 0.041626
8 10 9 0.039129
9 10 9 0.027333
10 11 10 0.014756
11 11 11 0.013946
12 10 9 0.014268
13 10 9 0.012792
14 9 9 0.013639
15 10 10 0.013325
16 12 9 0.035401
17 9 9 0.014071
18 14 14 0.020151
19 8 8 0.013421
20 17 13 0.015647
21 11 10 0.017447
22 17 13 0.012799
23 15 11 0.012647
24 9 9 0.012557
25 12 11 0.012555
26 10 10 0.013453
27 12 11 0.019938
28 17 17 0.027987
29 8 8 0.02583
30 13 10 0.01293
31 16 11 0.012107
32 14 13 0.014567
33 8 8 0.01345
34 9 8 0.022933
35 10 10 0.030567
36 11 10 0.040004
37 11 11 0.015233
38 12 10 0.028761
39 10 9 0.019129
40 13 12 0.012442
41 6 6 0.029508
42 17 13 0.029816
43 11 9 0.013293
44 9 9 0.032376
45 16 13 0.030109
46 13 13 0.026563
47 11 8 0.029629
48 14 12 0.03816
49 11 9 0.030594
50 13 11 0.033861
51 16 14 0.029795
52 6 6 0.029592
53 12 11 0.030664
54 10 10 0.013122
55 11 9 0.037235
56 14 12 0.013079
57 8 8 0.038392
58 12 9 0.037141
59 10 10 0.038165
60 12 10 0.034024
61 7 7 0.027674
62 10 10 0.013444
63 11 10 0.029922
64 13 13 0.0125
65 8 8 0.013325
66 8 7 0.013778
67 15 12 0.013544
68 6 6 0.013757
69 16 13 0.01224
70 10 9 0.013402
71 11 9 0.01341
72 16 14 0.014296
73 14 12 0.012469
74 8 8 0.012989
75 14 14 0.015188
76 15 14 0.030265
77 8 8 0.012407
78 11 9 0.013296
79 12 10 0.014111
80 12 12 0.014536
81 10 9 0.013138
82 20 16 0.012625
83 14 10 0.022504
84 11 9 0.01466
85 11 10 0.015428
86 8 8 0.014203
87 8 7 0.014609
88 10 9 0.013502
89 10 10 0.019403
90 9 8 0.013862
91 9 7 0.013489
92 18 13 0.013975
93 13 13 0.018572
94 11 11 0.014944
95 12 10 0.016528
96 11 10 0.014195
97 11 11 0.013569
98 7 7 0.013883
99 14 14 0.017932
100 7 7 0.014115
101 11 10 0.013932
102 8 8 0.014911
103 15 13 0.030537
104 14 10 0.01345
105 15 14 0.014143
106 8 7 0.019198
107 11 11 0.016079
108 13 11 0.013215
109 10 9 0.012531
110 9 9 0.012158
111 8 8 0.012721
112 9 9 0.013279
113 13 11 0.012342
114 9 8 0.01265
115 13 11 0.013268
116 16 15 0.012616
117 6 6 0.012624
118 9 9 0.012072
119 6 6 0.01196
120 18 14 0.012097
121 14 11 0.013401
122 14 11 0.014058
123 12 10 0.013193
124 11 10 0.014032
125 11 10 0.013175
126 6 6 0.019128
127 12 11 0.012625
128 7 7 0.01454
129 15 12 0.012496
130 12 11 0.012819
131 13 12 0.013241
132 11 10 0.01323
133 12 10 0.012897
134 13 12 0.013995
135 17 13 0.025054
136 10 9 0.013393
137 12 10 0.012202
138 9 9 0.013752
139 10 10 0.013418
140 7 7 0.013085
141 11 11 0.014818
142 10 9 0.014126
143 15 13 0.013815
144 12 10 0.014346
145 10 10 0.015435
146 17 14 0.012265
147 11 10 0.012111
148 14 11 0.013151
149 13 11 0.019705
150 13 13 0.01302
151 19 16 0.012341
152 14 11 0.03299
153 12 10 0.012694
154 13 12 0.014758
155 9 9 0.026061
156 8 8 0.013064
157 11 11 0.011789
158 10 9 0.026352
159 11 10 0.044105
160 14 12 0.029328
161 10 9 0.012232
162 10 9 0.012877
163 10 9 0.013942
164 18 15 0.012076
165 15 14 0.013107
166 9 9 0.01427
167 9 9 0.0138
168 12 9 0.012683
169 10 9 0.013169
170 11 10 0.021205
171 7 7 0.013496
172 8 8 0.012265
173 14 13 0.011903
174 11 10 0.012897
175 16 12 0.01123
176 12 11 0.011642
177 19 17 0.027014
178 11 11 0.012078
179 9 9 0.013084
180 7 7 0.013785
181 9 8 0.017557
182 11 10 0.013085
183 13 13 0.012562
184 8 8 0.05157
185 11 11 0.045613
186 7 7 0.018726
187 15 13 0.011557
188 11 11 0.012361
189 9 9 0.012528
190 13 12 0.012159
191 9 8 0.013932
192 11 9 0.012748
193 9 9 0.012897
194 14 11 0.012233
195 16 13 0.012575
196 7 7 0.012657
197 13 11 0.011699
198 8 8 0.012795
199 11 9 0.018923
200 11 10 0.012105
201 11 9 0.011545
202 8 8 0.011915
203 13 11 0.012095
204 10 10 0.011447
205 12 12 0.011269
206 9 9 0.012678
207 7 7 0.013015
208 8 8 0.011958
209 13 10 0.011626
210 13 11 0.011445
211 13 12 0.01204
212 14 11 0.010879
213 15 13 0.012078
214 8 7 0.012156
215 12 11 0.012561
216 9 9 0.012072
217 10 9 0.01278
218 9 9 0.013303
219 8 8 0.024266
220 11 10 0.012744
221 12 10 0.012935
222 6 6 0.014817
223 12 12 0.013292
224 11 10 0.011848
225 8 7 0.012825
226 7 7 0.013177
227 10 9 0.012375
228 14 12 0.012991
229 16 14 0.011252
230 11 11 0.011516
231 10 10 0.012939
232 10 9 0.012271
233 12 10 0.015769
234 11 10 0.012099
235 8 8 0.012927
236 8 7 0.012015
237 7 7 0.013269
238 11 11 0.012343
239 12 10 0.011616
240 15 13 0.011919
241 9 8 0.012578
242 9 7 0.012563
243 13 10 0.011841
244 12 10 0.012346
245 9 9 0.012794
246 9 9 0.012115
247 14 12 0.011983
248 10 10 0.012382
249 14 12 0.010853
250 10 8 0.012449
251 6 6 0.012762
252 15 12 0.012096
253 14 11 0.012483
254 12 12 0.011755
255 9 8 0.012439
256 17 14 0.011607
257 11 11 0.011751
258 12 11 0.013017
259 11 8 0.011001
260 10 9 0.012127
261 8 8 0.017283
262 11 9 0.019955
263 12 11 0.012077
264 9 8 0.013094
265 10 9 0.011942
266 13 11 0.012649
267 8 8 0.012413
268 13 12 0.013813
269 10 10 0.044824
270 11 11 0.011893
271 14 12 0.026263
272 12 10 0.01287
273 9 9 0.012716
274 12 10 0.012225
275 13 12 0.027617
276 9 9 0.012007
277 10 10 0.013956
278 11 11 0.012616
279 10 10 0.012823
280 13 12 0.016127
281 10 9 0.028162
282 13 13 0.011663
283 13 10 0.012183
284 12 10 0.013367
285 15 12 0.01244
286 15 12 0.013308
287 16 12 0.012992
288 13 11 0.014132
289 6 6 0.017556
290 6 6 0.029209
291 11 10 0.015033
292 12 10 0.014242
293 15 12 0.016036
294 12 10 0.015849
295 9 9 0.012091
296 11 10 0.012527
297 11 10 0.026864
298 13 11 0.024351
299 10 9 0.037187
300 14 13 0.029213
301 13 11 0.012406
302 8 8 0.015837
303 7 7 0.015728
304 11 9 0.018589
305 7 7 0.012119
306 7 7 0.013008
307 13 11 0.013849
308 9 8 0.013418
309 9 9 0.013705
310 14 11 0.012718
311 13 13 0.028537
312 9 9 0.029319
313 12 12 0.028697
314 15 10 0.011685
315 8 8 0.012525
316 9 8 0.01243
317 11 10 0.01759
318 12 12 0.011985
319 10 9 0.022936
320 13 12 0.034259
321 11 10 0.028715
322 12 12 0.013851
323 15 13 0.013331
324 8 7 0.012856
325 15 12 0.013584
326 16 15 0.011622
327 8 8 0.01248
328 8 8 0.012519
329 10 8 0.011465
330 10 9 0.012822
331 10 9 0.029576
332 17 15 0.025843
333 13 11 0.01294
334 14 12 0.011874
335 8 7 0.012135
336 12 11 0.011617
337 11 10 0.011757
338 8 8 0.012232
339 13 11 0.013179
340 10 9 0.023353
341 10 10 0.012407
342 17 15 0.012885
343 11 11 0.01325
344 9 9 0.012018
345 10 10 0.028846
346 6 6 0.012201
347 12 11 0.012351
348 10 10 0.020979
349 10 9 0.040688
350 12 9 0.011563
351 11 10 0.028732
352 11 10 0.012296
353 11 10 0.023149
354 8 8 0.024073
355 11 10 0.033851
356 10 9 0.012012
357 11 10 0.025
358 15 13 0.012777
359 11 10 0.0241
360 15 13 0.037734
361 15 11 0.012328
362 10 9 0.013281
363 12 10 0.023908
364 17 15 0.013069
365 12 10 0.012419
366 11 10 0.012666
367 7 7 0.012749
368 9 9 0.011747
369 11 10 0.011842
370 15 11 0.012518
371 14 14 0.012608
372 7 7 0.014033
373 10 10 0.011475
374 11 10 0.013412
375 12 10 0.014708
376 11 11 0.013948
377 14 10 0.012043
378 9 9 0.012381
379 8 8 0.011778
380 8 8 0.012519
381 13 10 0.029269
382 10 7 0.01271
383 9 9 0.021606
384 10 9 0.026595
385 12 10 0.012357
386 10 9 0.025207
387 12 10 0.012987
388 11 9 0.013291
389 9 9 0.013764
390 11 9 0.013827
391 13 13 0.01875
392 12 10 0.01205
393 7 7 0.012928
394 11 10 0.012986
395 8 8 0.013008
396 12 9 0.01262
397 9 8 0.013173
398 18 16 0.011445
399 15 13 0.033954
400 10 10 0.011531
401 14 13 0.01326
402 10 9 0.056731
403 11 10 0.014983
404 11 9 0.012226
405 14 12 0.021335
406 11 10 0.029595
407 10 9 0.029195
408 11 11 0.012683
409 10 10 0.043372
410 10 8 0.029365
411 13 10 0.014828
412 9 9 0.026022
413 11 10 0.013694
414 9 9 0.040734
415 11 9 0.011527
416 8 8 0.012993
417 15 13 0.011263
418 17 15 0.011983
419 7 7 0.023639
420 10 9 0.01162
421 10 9 0.167226
422 17 15 0.0723762
423 10 9 0.0372316
424 11 10 0.044232
425 11 10 0.0659602
426 10 10 0.0389512
427 10 9 0.0325861
428 13 11 0.0339821
429 10 10 0.0469394
430 9 9 0.021541
431 23 17 0.0257989
432 9 9 0.0261999
433 14 11 0.021162
434 9 9 0.0270145
435 13 11 0.0274087
436 16 14 0.0390962
437 10 9 0.0190841
438 12 10 0.0245325
439 11 9 0.0217852
440 18 15 0.0223967
441 11 10 0.0313178
442 10 9 0.0231055
443 13 12 0.0322995
444 12 12 0.0275289
445 11 10 0.038025
446 18 15 0.040375
447 10 10 0.0258414
448 7 7 0.0198785
449 14 12 0.019364
450 9 9 0.0233374
451 12 11 0.0229887
452 10 9 0.0216957
453 10 9 0.0200964
454 12 9 0.0194105
455 11 10 0.0226655
456 9 8 0.0185395
457 14 12 0.0225776
458 11 10 0.0236101
459 13 11 0.0461404
460 10 9 0.0269465
461 10 9 0.0208418
462 7 7 0.0208287
463 11 10 0.0219896
464 8 7 0.0200815
465 12 10 0.0213399
466 10 9 0.023459
467 16 14 0.0209023
468 10 9 0.020528
469 13 12 0.0223237
470 11 11 0.0204179
471 11 10 0.0217298
472 11 10 0.0236142
473 18 15 0.0210017
474 12 10 0.0189375
475 11 10 0.0221702
476 12 11 0.0210926
477 11 11 0.0282373
478 11 10 0.0229608
479 8 7 0.0233762
480 14 12 0.0243978
481 9 9 0.0230789
482 12 11 0.0215063
483 14 12 0.0221513
484 14 12 0.0231602
485 9 9 0.02794
486 9 9 0.0223481
487 10 9 0.0226631
488 11 9 0.0188811
489 12 10 0.0194428
490 13 11 0.0202098
491 9 9 0.0211403
492 15 15 0.0189651
493 9 9 0.0202731
494 10 10 0.0238007
495 15 14 0.021065
496 12 10 0.0206185
497 8 7 0.0199674
498 15 13 0.0230634
499 8 8 0.0213133
500 10 10 0.019868
501 8 8 0.0298884
502 7 7 0.0246834
503 10 9 0.022019
504 14 11 0.0241478
505 12 12 0.0208366
506 15 14 0.0188953
507 9 9 0.0259712
508 12 9 0.0260786
509 15 14 0.0280365
510 13 12 0.0257136
511 7 7 0.0237643
512 11 9 0.0194297
513 17 13 0.0191701
514 8 8 0.0236786
515 11 9 0.0249439
516 14 12 0.022886
517 10 10 0.0244878
518 11 10 0.0275693
519 13 10 0.0232072
520 9 7 0.0320869
521 14 11 0.0172071
522 10 10 0.0242229
523 11 8 0.0231922
524 10 10 0.0199084
525 13 10 0.0192622
526 14 13 0.034491
527 18 15 0.04215
528 13 10 0.0338987
529 12 10 0.0499069
530 10 10 0.0351773
531 12 9 0.049118
532 12 11 0.0434546
533 14 13 0.029198
534 9 8 0.0367693
535 18 14 0.0394202
536 7 7 0.0647724
537 10 9 0.0477377
538 7 7 0.0451852
539 9 9 0.0387567
540 8 8 0.044141
541 11 10 0.022872
542 16 13 0.0201147
543 14 11 0.0200386
544 19 13 0.0181162
545 14 11 0.0227582
546 17 15 0.0171028
547 10 10 0.0202051
548 12 11 0.0183621
549 9 8 0.0185011
550 16 14 0.0222124
551 15 12 0.0270925
552 12 9 0.023897
553 13 10 0.0192147
554 8 8 0.0298946
555 9 9 0.0205926
556 10 10 0.022619
557 11 10 0.0209819
558 8 8 0.0184962
559 12 10 0.0278684
560 10 9 0.0189677
561 7 7 0.0277398
562 7 7 0.0273917
563 10 9 0.0202895
564 7 7 0.0239501
565 17 13 0.0322637
566 13 11 0.019896
567 11 9 0.0198722
568 9 8 0.0385157
569 14 13 0.0188622
570 10 10 0.027214
571 7 7 0.021522
572 12 10 0.0227164
573 10 9 0.0235135
574 7 7 0.0223926
575 9 9 0.019719
576 8 8 0.0204665
577 12 11 0.0271813
578 12 10 0.018738
579 11 9 0.0364489
580 9 8 0.0552358
581 12 12 0.0520545
582 11 10 0.0401999
583 8 8 0.0389269
584 9 9 0.0327484
585 10 10 0.0344181
586 12 10 0.0354824
587 11 11 0.0326227
588 10 10 0.0449488
589 9 8 0.0393404
590 14 12 0.0231642
591 12 12 0.0380735
592 6 6 0.0513083
593 13 13 0.0391267
594 7 7 0.034067
595 11 11 0.0434262
596 8 8 0.0405566
597 11 10 0.042115
598 9 9 0.0501721
599 16 14 0.0666619
600 12 11 0.0368155
601 10 9 0.040954
602 15 13 0.023293
603 13 12 0.0197544
604 10 10 0.04362
605 11 10 0.0457134
606 7 7 0.0325145
607 13 12 0.032214
608 13 11 0.0255019
609 13 11 0.0507082
610 12 10 0.0315609
611 13 12 0.0418994
612 8 8 0.0221437
613 9 9 0.058647
614 11 10 0.0310171
615 13 12 0.0409145
616 8 8 0.019046
617 9 9 0.0220373
618 12 10 0.0322736
619 11 9 0.0185843
620 8 7 0.0233068
621 10 9 0.0481646
622 11 10 0.0396075
623 10 10 0.0498103
624 11 11 0.0466802
625 12 11 0.0327161
626 12 11 0.0306818
627 14 12 0.0340511
628 14 12 0.0455501
629 16 15 0.0475788
630 14 13 0.0360055
631 13 12 0.0482029
632 11 11 0.0334034
633 6 6 0.0308413
634 11 10 0.0544195
635 8 7 0.0332626
636 9 9 0.0375653
637 10 10 0.0356512
638 18 16 0.0292933
639 7 7 0.0391396
640 13 11 0.0309715
641 16 16 0.0217992
642 7 7 0.0391756
643 12 11 0.0338407
644 14 12 0.0221595
645 10 9 0.0856506
646 12 12 0.0232421
647 9 9 0.0304297
648 7 7 0.0278684
649 16 13 0.0291534
650 10 9 0.0386236
651 15 12 0.0368088
652 13 11 0.0191437
653 10 9 0.031544
654 10 10 0.0186458
655 14 10 0.0377813
656 20 15 0.0379356
657 14 12 0.0322373
658 8 8 0.0324994
659 18 15 0.0256015
660 14 12 0.0196315
661 8 7 0.0197883
662 10 9 0.0242499
663 14 12 0.0216697
664 8 8 0.0206931
665 8 8 0.0208064
666 17 15 0.0251881
667 9 9 0.0236173
668 11 10 0.0214374
669 15 12 0.0294616
670 8 8 0.0303615
671 11 10 0.0305205
672 10 9 0.0287947
673 10 9 0.0220727
674 11 10 0.0295465
675 7 7 0.0303344
676 14 11 0.0259977
677 8 8 0.0381943
678 17 14 0.0297695
679 9 9 0.0312717
680 9 9 0.0269601
681 16 14 0.023187
682 14 12 0.0192561
683 11 10 0.0296651
684 11 10 0.02367
685 13 12 0.0341675
686 16 12 0.0379298
687 13 11 0.0178619
688 11 10 0.0235494
689 11 10 0.0240179
690 8 8 0.0244114
691 12 12 0.0195953
692 15 13 0.0190929
693 15 11 0.0248773
694 13 11 0.0401943
695 11 10 0.0206171
696 9 9 0.0296405
697 14 13 0.0314147
698 13 12 0.0287325
699 12 11 0.0352287
700 10 9 0.0361943
701 7 7 0.0276754
702 18 12 0.0227542
703 12 10 0.0182893
704 17 15 0.0199179
705 12 10 0.0187989
706 9 9 0.0245607
707 15 14 0.0248077
708 17 13 0.0252381
709 14 13 0.0341155
710 18 14 0.0310579
711 12 10 0.0249153
712 14 14 0.0235034
713 7 7 0.0225345
714 11 10 0.0414873
715 10 9 0.0188608
716 10 9 0.0204838
717 14 13 0.0212673
718 12 10 0.0218438
719 8 8 0.0243715
720 12 11 0.0294432
721 14 11 0.0247112
722 12 10 0.0266028
723 15 13 0.019538
724 14 11 0.0185101
725 15 13 0.0212063
726 7 7 0.0195225
727 12 10 0.0381437
728 9 9 0.027502
729 12 12 0.0401909
730 10 10 0.0240687
731 10 10 0.0276649
732 11 10 0.0193032
733 10 10 0.0236489
734 16 15 0.0297229
735 7 7 0.0234188
736 16 13 0.0303407
737 10 10 0.0279718
738 14 12 0.0317096
739 17 17 0.0289582
740 14 11 0.0209758
741 12 12 0.0193965
742 14 12 0.0207968
743 12 9 0.0190081
744 13 10 0.021182
745 8 7 0.0191022
746 13 12 0.0327691
747 9 9 0.018989
748 10 9 0.0348156
749 11 11 0.0245256
750 7 7 0.0233264
751 12 9 0.0199823
752 9 9 0.0178633
753 16 13 0.019087
754 13 13 0.0188781
755 10 10 0.0197038
756 9 9 0.0217109
757 12 10 0.0201561
758 12 12 0.0199277
759 12 11 0.0214582
760 7 7 0.0196268
761 18 15 0.0180935
762 13 10 0.0187915
763 13 12 0.0299768
764 10 9 0.0182373
765 9 8 0.0221392
766 6 6 0.0211419
767 7 7 0.0230402
768 12 11 0.0182001
769 8 8 0.0226843
770 9 9 0.0188395
771 10 10 0.0205982
772 13 12 0.0179848
773 13 12 0.0244453
774 12 11 0.0245886
775 13 12 0.0212471
776 12 11 0.0179375
777 6 6 0.0232972
778 8 8 0.0266871
779 19 14 0.0206203
780 11 10 0.0225061
781 17 13 0.0180454
782 14 14 0.0202196
783 14 11 0.0228438
784 9 9 0.0194301
785 17 15 0.0182976
786 15 13 0.0180782
787 12 11 0.0246791
788 10 10 0.0196245
789 12 11 0.0187854
790 8 8 0.0222673
791 13 10 0.0196094
792 9 9 0.0221628
793 12 10 0.0183291
794 14 14 0.0179967
795 8 8 0.0185939
796 8 8 0.0207004
797 21 16 0.0396094
798 14 10 0.0267575
799 15 15 0.0322544
800 7 7 0.0395824
801 8 8 0.0252946
802 20 18 0.029749
803 11 10 0.0179155
804 14 11 0.020177
805 9 9 0.0207288
806 13 11 0.017802
807 12 10 0.0215881
808 15 10 0.018119
809 12 11 0.0192873
810 11 10 0.0190926
811 10 9 0.0213856
812 14 11 0.0230478
813 12 11 0.0253113
814 14 12 0.020178
815 9 8 0.0246998
816 10 9 0.0233841
817 13 12 0.0231156
818 12 12 0.0259969
819 13 11 0.0228694
820 13 11 0.0272159
821 15 13 0.0267446
822 11 9 0.0460297
823 9 7 0.0185422
824 15 13 0.0222451
825 14 12 0.019123
826 6 6 0.0182096
827 14 14 0.0207633
828 9 9 0.0204233
829 12 10 0.0227337
830 15 13 0.0206434
831 8 8 0.0207683
832 10 10 0.0212537
833 13 11 0.0213649
834 9 9 0.0218134
835 11 10 0.0224347
836 11 9 0.0193045
837 14 14 0.0228461
838 11 9 0.0180129
839 8 7 0.0220622
840 15 13 0.0232187
