1 80 70 0.770227
2 120 104 0.248331
3 65 61 0.653474
4 76 70 0.41421
5 97 83 0.346051
6 81 69 0.300177
7 80 72 0.260029
8 95 74 1.388433
9 78 65 0.220124
10 107 89 0.263581
11 109 93 0.158237
12 99 78 0.155709
13 87 71 0.159297
14 83 71 0.631292
15 132 103 1.571288
16 95 85 0.556832
17 69 60 0.239388
18 90 78 0.938961
19 163 134 1.621231
20 109 84 0.595833
21 134 109 0.20627
22 53 46 0.315941
23 49 46 0.281529
24 108 86 0.726847
25 97 85 0.430369
26 83 70 0.299605
27 78 66 0.415944
28 55 48 0.333443
29 89 69 0.353412
30 108 91 0.299283
31 96 73 0.595302
32 83 70 0.911549
33 122 93 0.788945
34 112 106 0.178596
35 90 77 0.239113
36 64 56 0.465973
37 128 100 0.142685
38 67 56 0.221837
39 46 38 0.328193
40 74 61 0.228508
41 157 128 0.08082
42 50 42 0.634125
43 96 82 0.207104
44 97 81 0.600346
45 107 97 0.648041
46 138 118 0.152406
47 75 62 0.2784
48 59 50 0.611012
49 88 75 0.217875
50 92 78 0.249657
51 101 89 0.505105
52 103 90 0.327867
53 104 90 0.224866
54 99 80 0.332003
55 91 82 0.449938
56 117 100 0.155214
57 101 88 0.199119
58 122 107 0.176798
59 83 71 0.276434
60 75 70 0.240912
61 102 87 0.334634
62 90 73 0.503809
63 119 102 0.24017
64 91 80 0.266416
65 140 116 0.368623
66 58 56 0.522017
67 30 30 0.41343
68 77 65 0.250198
69 132 103 0.486553
70 51 42 0.496462
71 93 85 0.366481
72 73 65 1.078034
73 119 93 1.19595
74 50 41 0.362658
75 111 96 0.402036
76 87 70 0.329529
77 158 132 0.116879
78 92 79 0.412469
79 68 61 0.405482
80 80 70 0.370467
81 78 69 0.710435
82 84 67 0.572505
83 89 70 0.269726
84 86 68 0.472063
85 84 71 0.320153
86 96 78 0.288543
87 92 79 0.771647
88 86 75 0.327806
89 93 83 0.204893
90 103 87 0.291621
91 115 99 0.501811
92 78 65 0.277713
93 124 100 0.185789
94 58 46 0.426198
95 136 109 0.242295
96 87 70 0.409451
97 62 57 0.495079
98 100 87 0.311224
99 82 73 0.500475
100 72 62 0.553782
101 75 62 0.233379
102 76 68 0.44674
103 98 85 0.663103
104 105 95 0.171036
105 109 91 0.233236
106 69 57 0.876892
107 73 54 0.433166
108 26 26 0.466605
109 70 62 0.421006
110 125 104 0.327464
111 40 34 0.609735
112 114 86 0.424656
113 80 72 0.20251
114 88 77 0.668262
115 121 97 0.189913
116 99 85 0.33275
117 64 55 0.297997
118 95 83 0.549081
119 83 75 0.457977
120 91 74 0.218915
121 94 80 0.174082
122 71 65 0.181446
123 96 82 1.020117
124 97 76 0.144156
125 126 98 0.14614
126 104 84 0.216828
127 89 70 0.388479
128 69 59 0.318601
129 97 85 0.391033
130 46 41 0.287942
131 128 107 0.241303
132 57 48 0.253497
133 51 42 0.31089
134 99 85 0.157802
135 76 61 0.75881
136 73 58 0.355624
137 92 76 0.113923
138 64 53 0.338722
139 88 74 0.21503
140 61 48 0.308571
141 84 72 0.228451
142 120 102 0.183372
143 95 86 0.259957
144 103 95 0.450978
145 60 51 0.205141
146 90 75 0.440157
147 112 97 0.129087
148 78 67 0.435036
149 95 78 0.502882
150 99 89 0.284562
151 141 120 0.18294
152 145 112 0.09446
153 86 68 0.285843
154 61 54 0.420067
155 114 94 0.436308
156 61 57 0.313973
157 101 88 0.314994
158 127 104 0.281414
159 70 58 0.270816
160 99 87 0.251316
161 89 79 0.180501
162 83 75 0.227536
163 87 76 0.349699
164 73 64 0.284118
165 108 102 0.193181
166 88 72 0.278379
167 90 77 1.864297
168 119 97 0.350394
169 125 107 0.327778
170 86 75 0.232688
171 118 97 0.274504
172 63 59 0.275008
173 91 75 0.203612
174 87 75 0.320909
175 68 61 0.260604
176 45 39 0.499921
177 68 59 0.333248
178 68 55 0.392384
179 92 71 1.316965
180 86 77 0.434877
181 42 39 0.487291
182 88 68 0.617521
183 83 70 0.466134
184 104 87 0.241437
185 110 85 0.127598
186 62 57 0.257818
187 107 92 0.163889
188 117 100 0.20061
189 95 79 0.191355
190 104 84 0.139281
191 145 113 0.197946
192 62 55 0.635592
193 75 64 0.486414
194 132 106 0.189825
195 101 84 0.458549
196 109 99 0.169178
197 96 77 0.427247
198 78 70 0.451007
199 125 104 0.172248
200 101 93 0.413071
201 65 54 0.666952
202 62 47 0.455242
203 83 77 0.378929
204 119 105 0.141124
205 111 99 0.220108
206 86 79 0.350516
207 55 49 0.750145
208 50 40 0.820688
209 91 81 0.19059
210 101 89 0.177577
211 59 50 0.402252
212 72 61 0.24721
213 103 84 0.128474
214 134 116 0.37184
215 61 54 0.905789
216 93 83 0.271292
217 78 65 0.565441
218 98 76 0.371512
219 89 73 0.189896
220 84 72 0.379334
221 58 50 0.364149
222 107 95 0.158418
223 93 73 0.588543
224 74 66 0.362629
225 109 87 0.528459
226 84 75 0.380469
227 115 105 0.237442
228 132 105 0.208587
229 89 77 0.423889
230 120 98 0.253132
231 52 48 0.377061
232 79 61 0.245616
233 71 65 0.165671
234 80 67 0.239088
235 88 73 0.273645
236 106 85 0.371877
237 84 70 0.239256
238 127 103 0.103862
239 130 104 0.271767
240 63 56 0.303983
241 79 71 0.433724
242 100 84 0.317707
243 106 86 0.340096
244 65 53 0.47474
245 92 77 0.25302
246 151 122 0.108367
247 92 81 0.59781
248 91 76 0.46586
249 104 84 0.394636
250 85 71 0.217398
251 101 83 0.395558
252 93 81 0.515116
253 100 82 0.242013
254 94 83 0.352753
255 108 94 0.323853
256 72 60 0.291816
257 80 68 0.270264
258 72 54 0.63982
259 97 77 0.529098
260 68 53 2.156715
261 74 67 0.431796
262 75 63 0.344572
263 119 102 0.202437
264 78 73 0.222848
265 97 78 0.177727
266 90 78 0.306571
267 92 79 0.278455
268 109 89 0.312265
269 98 84 0.386544
270 98 85 0.278527
271 80 67 0.523209
272 110 90 0.245301
273 105 98 0.219865
274 95 87 0.350976
275 86 76 0.324168
276 119 107 0.060494
277 110 98 0.276677
278 102 84 0.176256
279 114 93 0.420064
280 80 74 0.22384
281 77 69 0.389814
282 95 83 0.160309
283 52 46 0.38825
284 74 65 0.635978
285 117 91 0.451568
286 104 95 0.303813
287 106 83 0.340753
288 100 79 0.213445
289 141 116 0.280386
290 94 80 0.122794
291 100 83 0.215525
292 114 95 0.244397
293 100 83 0.734332
294 117 99 0.194201
295 100 89 0.199967
296 82 76 1.065443
297 91 78 0.264553
298 103 89 0.695925
299 127 98 0.292024
300 105 88 0.226306
301 48 43 0.436915
302 167 139 0.16306
303 101 81 0.341925
304 90 78 0.116931
305 151 127 0.537854
306 96 82 0.227614
307 121 96 0.175544
308 103 80 0.562611
309 109 83 0.451314
310 99 88 0.473391
311 76 71 0.416144
312 103 85 0.437863
313 71 61 0.667002
314 79 73 0.325169
315 98 82 0.444652
316 85 72 0.499598
317 69 64 0.235769
318 65 54 0.290473
319 82 74 0.292557
320 84 73 0.612378
321 98 82 0.197088
322 111 98 0.247224
323 122 107 0.248272
324 67 61 0.402236
325 66 57 0.492598
326 138 110 0.2039
327 104 81 0.551792
328 96 84 0.750708
329 84 75 0.466883
330 101 87 0.229513
331 57 50 0.898072
332 79 71 0.426654
333 69 59 0.428841
334 122 92 0.263456
335 78 68 0.275656
336 102 88 0.090167
337 71 59 0.552045
338 72 64 0.29653
339 64 62 0.41059
340 106 87 0.80854
341 105 92 0.20292
342 80 76 0.31489
343 136 111 0.223265
344 116 98 0.151774
345 129 110 0.167378
346 81 71 0.410518
347 35 29 0.212956
348 64 53 0.525392
349 79 65 0.355266
350 89 78 0.609091
351 96 73 0.622164
352 119 102 0.236928
353 38 35 0.299633
354 62 52 0.394881
355 64 59 0.340569
356 153 120 0.301193
357 82 68 0.518031
358 110 87 0.323667
359 70 67 0.343761
360 77 60 0.463263
361 73 64 0.850478
362 126 109 0.427797
363 124 97 0.173081
364 91 76 0.351455
365 84 74 0.257457
366 93 74 0.531644
367 65 53 0.546966
368 78 63 0.683343
369 100 95 0.293191
370 77 70 0.473782
371 118 96 0.347004
372 83 72 0.202795
373 72 63 0.490461
374 59 51 0.663945
375 68 58 0.371899
376 65 58 0.170114
377 48 40 0.333207
378 91 85 0.419189
379 90 81 0.468369
380 75 62 0.634591
381 85 75 0.332673
382 56 46 0.513851
383 74 70 0.491913
384 61 53 0.355856
385 108 87 0.278507
386 123 94 0.313127
387 127 103 0.155247
388 117 97 0.313736
389 66 66 0.198816
390 69 62 0.444764
391 67 55 0.46039
392 92 82 0.198284
393 87 73 0.56274
394 75 59 0.466454
395 83 69 0.336636
396 94 81 0.456512
397 82 70 0.43858
398 72 65 0.344818
399 80 68 0.520116
400 126 104 0.136561
401 124 97 0.48578
402 63 57 0.288881
403 33 32 0.457626
404 72 59 0.375641
405 92 79 0.25086
406 72 54 1.591117
407 78 61 0.281689
408 107 89 0.894865
409 81 73 0.477712
410 42 38 0.553836
411 81 75 0.425671
412 126 108 0.147743
413 84 73 0.24562
414 96 82 0.335984
415 120 93 0.155979
416 31 29 0.425994
417 72 52 0.4039
418 74 61 0.127702
419 77 72 0.442685
420 79 67 0.240311
421 110 99 0.2209921
422 67 60 0.6586299
423 22 22 0.9428
424 90 70 0.6822988
425 63 55 0.5060092
426 81 61 0.4522321
427 71 63 0.8554435
428 107 93 0.787933
429 94 84 0.4240694
430 113 90 0.1989653
431 93 79 0.1963979
432 128 105 0.4458108
433 86 74 0.301256
434 87 75 0.4686212
435 59 51 0.6997857
436 43 43 0.4972476
437 91 77 0.6133215
438 123 102 0.3393603
439 83 73 0.2782426
440 66 58 0.3195731
441 75 62 0.439048
442 90 71 0.274024
443 61 55 0.537528
444 69 52 0.5278443
445 56 51 0.5167343
446 56 51 0.7315169
447 93 70 3.6785152
448 70 55 0.3364581
449 125 114 0.1851986
450 103 87 0.7276504
451 67 55 1.0225341
452 98 81 0.4667881
453 60 53 0.7564446
454 137 109 0.4041949
455 115 90 0.5040171
456 89 76 0.4397326
457 102 81 0.3430992
458 78 74 0.4953099
459 112 95 0.2394832
460 95 78 0.4561788
461 45 39 0.4498525
462 84 75 0.4273394
463 124 102 0.219989
464 116 95 0.309701
465 94 81 0.4185641
466 70 63 0.5641943
467 72 59 0.4856639
468 86 69 0.3502846
469 112 82 1.4658063
470 88 75 0.636715
471 56 55 0.5962666
472 93 79 0.6529142
473 83 67 0.2704732
474 116 96 0.2376951
475 98 80 0.4714746
476 86 67 0.3936273
477 137 114 0.2964593
478 102 92 0.4333859
479 94 72 0.5179722
480 75 66 0.6560601
481 108 87 0.3785196
482 104 92 0.536668
483 72 61 0.571482
484 76 69 0.8842522
485 81 67 0.5294819
486 69 54 0.6883504
487 78 65 0.3368379
488 140 123 0.2306969
489 74 66 0.5524339
490 95 73 0.327145
491 31 29 0.5619635
492 93 81 0.7345421
493 84 73 0.7218977
494 95 82 0.5163056
495 87 73 0.4940814
496 100 89 0.4432521
497 140 113 0.4587829
498 109 96 0.3203539
499 69 61 0.3851034
500 82 67 0.4843111
501 79 60 0.4093639
502 103 86 0.3213672
503 73 62 0.4904855
504 105 92 0.3123694
505 126 112 0.4746345
506 84 70 0.4707639
507 82 76 0.8855325
508 66 57 0.5697241
509 48 43 1.0616616
510 114 100 0.4524108
511 55 49 1.0319451
512 79 73 0.4586695
513 77 66 0.6171858
514 73 66 0.7393277
515 88 74 0.4151062
516 104 84 0.5136721
517 94 77 0.3991867
518 72 60 0.4679531
519 85 74 0.6660249
520 112 93 0.2529869
521 74 66 0.3738786
522 108 87 0.8655189
523 48 42 0.6602984
524 78 65 0.7455876
525 76 73 0.7217941
526 92 78 0.2153657
527 136 111 0.5862829
528 106 86 0.6782981
529 62 55 0.7039638
530 105 91 0.4320175
531 76 66 0.4937273
532 105 88 0.8761608
533 122 102 0.4239929
534 80 74 0.664027
535 83 74 0.5351577
536 52 45 0.7227247
537 103 85 0.4296876
538 64 62 0.6539484
539 124 112 0.6530367
540 73 61 0.4845989
541 55 52 0.4616173
542 130 109 0.2942054
543 95 77 0.5307501
544 78 65 1.1008687
545 134 104 0.3366012
546 50 41 0.8024558
547 143 106 0.4595829
548 107 88 0.5611552
549 84 72 0.4040285
550 67 53 0.5399186
551 91 73 0.6182272
552 68 66 0.8096049
553 78 70 0.4771646
554 37 34 0.9407709
555 52 39 0.9927801
556 57 46 0.6723828
557 86 74 0.6362238
558 74 61 1.1547678
559 83 71 0.4392214
560 164 135 0.1388855
561 69 63 0.2253825
562 84 75 0.5860179
563 116 86 0.3924746
564 103 90 0.4252169
565 103 93 0.2999019
566 56 50 0.4711173
567 72 60 1.087987
568 82 69 0.5342084
569 109 97 0.4536356
570 80 69 0.8632498
571 100 83 0.6662522
572 46 37 0.966766
573 75 65 0.6741805
574 68 52 0.7920688
575 66 58 0.3164917
576 140 126 0.3223705
577 71 63 0.4981968
578 89 69 0.5314099
579 75 66 0.5628466
580 67 63 0.6722478
581 83 72 0.5536603
582 117 98 0.2004729
583 90 79 0.579688
584 89 70 0.6750033
585 57 56 0.767704
586 91 79 0.7924601
587 106 85 3.6666762
588 78 70 0.7207435
589 74 58 0.4931482
590 100 85 0.6455476
591 105 87 0.3422972
592 128 107 0.2611423
593 126 96 0.3249115
594 94 83 0.435982
595 105 89 0.3621307
596 104 90 0.5033651
597 74 61 0.7510535
598 98 84 0.8231248
599 128 110 0.5762828
600 119 98 0.4163521
601 122 102 0.328581
602 67 56 0.5369651
603 57 49 1.0188944
604 71 62 1.0296617
605 112 90 0.3591866
606 93 80 0.4679149
607 130 102 0.2584931
608 135 108 0.6919038
609 92 80 0.7897166
610 72 64 0.3445279
611 109 94 0.5975388
612 125 108 0.2765744
613 74 64 0.4023906
614 111 95 0.4083768
615 83 70 0.3627683
616 118 106 0.4765591
617 72 66 0.560779
618 94 84 0.6891468
619 53 48 0.5732931
620 108 85 0.7064263
621 66 60 0.9851299
622 75 66 0.7637078
623 85 73 0.613281
624 54 45 0.4554607
625 94 73 0.4995272
626 100 88 0.2940851
627 105 89 0.6625704
628 116 100 0.4164191
629 96 86 0.2663659
630 74 68 0.4617872
631 77 69 0.3320933
632 126 108 0.3430877
633 103 88 0.2962058
634 108 94 0.2496096
635 79 68 0.4718687
636 110 89 0.4906627
637 111 98 0.3074047
638 99 89 0.5950101
639 107 91 0.2443915
640 90 75 0.5285946
641 157 132 0.1419206
642 102 94 0.4250258
643 78 71 0.3381144
644 65 59 0.4564381
645 96 89 0.3724944
646 105 87 0.4764928
647 145 126 0.3861752
648 69 63 0.4108449
649 64 58 0.5759226
650 111 88 0.2351954
651 49 45 0.5922651
652 69 59 0.6022237
653 46 39 1.3495142
654 102 91 0.4907882
655 61 51 0.3313609
656 98 84 0.2035382
657 163 139 0.3345772
658 73 66 0.3855432
659 102 83 0.3248432
660 179 138 0.1596063
661 62 50 0.6836399
662 88 69 0.4633069
663 74 59 0.4800716
664 98 84 0.3457758
665 135 119 0.3124569
666 43 34 0.9648897
667 103 87 0.6230219
668 98 78 0.2903153
669 103 84 0.3301803
670 139 103 0.6317124
671 106 93 0.3675812
672 104 86 0.3449126
673 103 87 0.4289443
674 90 76 0.3579599
675 47 47 0.5207442
676 55 50 0.7234709
677 113 102 0.4488034
678 71 62 0.6595471
679 89 76 0.288604
680 89 80 0.6496531
681 97 83 0.5304756
682 126 104 0.2422067
683 72 59 0.50585
684 105 86 0.567697
685 119 97 0.670037
686 75 63 0.8836773
687 115 103 0.362737
688 98 75 0.2882876
689 70 59 0.5648176
690 43 37 0.82933
691 59 53 0.6525844
692 85 73 0.3546044
693 88 76 0.4549213
694 74 66 0.3525491
695 134 108 0.2560705
696 105 91 0.2964058
697 111 96 0.3538577
698 101 83 0.4195406
699 60 56 0.4729297
700 89 75 0.1972947
701 74 66 0.4261878
702 80 76 0.5407834
703 66 56 0.4829404
704 76 65 0.3279407
705 134 114 0.2909842
706 120 96 0.2319761
707 88 79 0.4427307
708 122 95 0.4191459
709 99 82 0.6116734
710 157 125 0.23559
711 101 87 0.2999487
712 124 98 0.2150099
713 103 83 0.6061953
714 78 71 0.3651758
715 73 64 0.4787749
716 76 67 2.2835868
717 104 85 0.2987997
718 106 88 1.2509528
719 103 82 0.3397166
720 63 55 0.6711699
721 91 77 0.6290927
722 80 65 0.502773
723 96 84 0.3859336
724 83 74 0.3665781
725 106 92 0.3320405
726 126 101 0.4558424
727 69 60 0.3177821
728 79 69 0.4991518
729 96 83 0.3569534
730 59 50 0.3307865
731 84 76 0.4172847
732 84 77 0.3554658
733 73 62 0.5907045
734 42 35 0.7062049
735 76 72 0.4105577
736 122 100 0.2954324
737 66 59 0.6581604
738 49 42 0.5919442
739 74 59 0.6070026
740 90 77 0.479941
741 99 81 0.5147113
742 105 83 0.5949102
743 86 81 0.5726467
744 85 74 0.2962921
745 76 67 0.3929007
746 70 56 2.4931143
747 66 62 0.3331626
748 100 83 0.614227
749 59 55 0.4980929
750 107 92 0.5183634
751 84 66 0.3534746
752 144 127 0.190527
753 96 85 0.2758593
754 57 48 0.6996098
755 67 57 0.3199946
756 118 95 0.3547669
757 90 81 0.6141221
758 125 95 0.5042712
759 87 75 0.3938189
760 66 55 0.4720489
761 89 80 0.2085321
762 115 98 0.2742827
763 106 85 0.2967385
764 118 106 0.251547
765 110 92 0.3862127
766 91 80 0.2864658
767 29 27 0.5804806
768 98 77 0.3938853
769 110 90 0.310281
770 69 60 0.3660068
771 83 64 0.7124246
772 132 118 0.2212079
773 61 51 0.5132696
774 51 46 0.6748556
775 126 103 0.2074682
776 98 87 0.3923952
777 87 71 0.4215013
778 133 107 0.1479355
779 71 61 0.3414483
780 79 75 0.4007234
781 78 64 0.5350614
782 81 72 0.1988379
783 76 63 0.3820852
784 91 71 0.3504803
785 70 67 0.2527544
786 56 48 0.4313864
787 55 55 0.3242858
788 131 106 0.1916637
789 113 87 0.1627174
790 86 68 1.0059734
791 79 72 0.2953887
792 71 61 0.2665901
793 50 44 0.6423833
794 109 92 0.2681073
795 110 89 0.4761243
796 146 122 0.1678251
797 92 74 0.3010934
798 161 134 0.3725997
799 70 60 0.4840703
800 97 84 0.2985987
801 83 59 0.3426493
802 79 74 0.2820939
803 51 45 0.5523777
804 128 103 0.2767962
805 87 79 0.4176471
806 78 70 0.5110551
807 111 97 0.267056
808 73 61 0.3971981
809 108 93 0.3212749
810 86 78 0.7663191
811 106 91 0.1926904
812 91 75 0.1773175
813 46 35 0.4115144
814 100 86 1.0909591
815 98 85 0.2994058
816 111 97 0.4195379
817 86 67 0.4193833
818 145 117 0.208063
819 94 79 0.3399056
820 49 47 0.3818247
821 104 79 0.2257253
822 87 73 0.4681305
823 67 57 0.3068651
824 73 65 0.3399599
825 94 77 0.4018601
826 109 83 0.2180908
827 106 87 0.526462
828 75 55 0.5340809
829 144 122 0.1444382
830 121 100 0.2441034
831 44 41 0.5003535
832 84 75 0.2718201
833 106 82 0.3662325
834 94 83 0.4469572
835 58 50 0.6123326
836 96 75 0.3271149
837 74 64 0.663454
838 92 74 0.340021
839 73 64 0.2924663
840 97 84 0.3832069
