1 14 12 0.11901
2 10 10 0.055688
3 12 10 0.027424
4 10 8 0.01978
5 11 11 0.044179
6 15 13 0.01708
7 15 12 0.039931
8 14 11 0.020987
9 13 12 0.019064
10 9 8 0.016934
11 14 11 0.021059
12 10 10 0.01446
13 12 12 0.014436
14 12 12 0.01561
15 8 8 0.014473
16 13 11 0.014318
17 9 8 0.01504
18 10 10 0.014574
19 11 11 0.015337
20 12 11 0.013882
21 13 11 0.014784
22 11 10 0.014999
23 12 10 0.014261
24 14 13 0.017067
25 10 9 0.013397
26 7 7 0.013413
27 14 12 0.013814
28 13 11 0.017666
29 20 14 0.012637
30 16 12 0.01262
31 15 13 0.035817
32 19 15 0.031797
33 12 12 0.030101
34 9 8 0.019657
35 16 16 0.014558
36 20 17 0.016729
37 13 11 0.013463
38 8 8 0.013959
39 17 15 0.013375
40 8 8 0.01475
41 10 9 0.023534
42 14 11 0.013389
43 11 9 0.012619
44 12 9 0.013383
45 15 13 0.012887
46 18 14 0.012584
47 19 15 0.013386
48 16 14 0.012538
49 10 9 0.013273
50 9 9 0.01329
51 20 14 0.01317
52 16 12 0.014321
53 8 8 0.014544
54 13 11 0.014223
55 13 11 0.03955
56 16 14 0.013197
57 16 14 0.015392
58 14 11 0.014291
59 14 12 0.014203
60 15 13 0.013538
61 10 8 0.012779
62 11 10 0.013014
63 12 10 0.030526
64 11 10 0.031268
65 17 15 0.029849
66 14 12 0.027398
67 14 13 0.027438
68 10 10 0.016023
69 8 8 0.045836
70 11 9 0.012526
71 10 10 0.013209
72 14 14 0.014576
73 17 14 0.012374
74 13 11 0.012593
75 13 12 0.013513
76 11 10 0.012366
77 9 9 0.013259
78 13 10 0.012399
79 16 14 0.014556
80 21 19 0.014692
81 12 11 0.012767
82 13 12 0.013917
83 15 13 0.029441
84 14 12 0.013204
85 12 11 0.013115
86 15 12 0.01352
87 14 12 0.027146
88 21 17 0.01315
89 14 13 0.022253
90 10 10 0.014417
91 11 11 0.013101
92 16 16 0.013651
93 13 11 0.013057
94 17 13 0.01872
95 11 11 0.014501
96 12 12 0.014046
97 14 12 0.017498
98 13 12 0.013597
99 11 11 0.01452
100 11 10 0.024405
101 13 12 0.013357
102 14 13 0.01794
103 10 9 0.014149
104 12 11 0.014286
105 18 15 0.013701
106 15 13 0.012171
107 18 14 0.013744
108 16 12 0.030426
109 14 12 0.013709
110 10 10 0.014196
111 9 9 0.013745
112 15 13 0.012753
113 19 16 0.012917
114 13 11 0.015996
115 10 10 0.012628
116 17 15 0.012776
117 16 15 0.012662
118 11 10 0.013428
119 13 11 0.012704
120 16 12 0.013506
121 21 18 0.01314
122 14 12 0.028067
123 12 12 0.01501
124 11 10 0.015501
125 11 11 0.02462
126 13 13 0.027528
127 12 10 0.017184
128 13 11 0.01299
129 11 11 0.015348
130 11 11 0.012461
131 19 16 0.036677
132 14 12 0.01337
133 12 10 0.012562
134 12 11 0.013061
135 11 10 0.013261
136 14 11 0.013171
137 13 11 0.027486
138 13 11 0.013281
139 15 12 0.012497
140 9 9 0.013029
141 16 13 0.012613
142 11 10 0.012724
143 13 11 0.01247
144 11 10 0.012428
145 19 16 0.033543
146 13 11 0.025689
147 10 10 0.018992
148 13 11 0.012974
149 9 9 0.013099
150 13 12 0.040823
151 20 17 0.039652
152 12 11 0.013149
153 12 12 0.0158
154 14 13 0.028087
155 14 11 0.034715
156 10 10 0.031257
157 16 14 0.012559
158 16 13 0.039476
159 19 17 0.012918
160 10 10 0.013417
161 11 11 0.033751
162 10 10 0.013287
163 13 11 0.013119
164 10 10 0.01331
165 16 13 0.013793
166 13 12 0.013186
167 14 13 0.035626
168 11 10 0.045016
169 13 10 0.01369
170 15 13 0.049922
171 9 9 0.01423
172 17 14 0.016258
173 19 15 0.01265
174 15 12 0.013154
175 10 10 0.01413
176 10 10 0.013988
177 16 13 0.044924
178 13 12 0.015928
179 14 12 0.014505
180 16 13 0.028228
181 14 12 0.025711
182 14 11 0.01458
183 17 13 0.027802
184 17 15 0.031554
185 10 10 0.013569
186 16 14 0.014106
187 9 8 0.013503
188 13 11 0.021279
189 12 12 0.015152
190 9 9 0.013818
191 10 10 0.037285
192 10 9 0.032084
193 12 11 0.030179
194 15 15 0.012513
195 18 16 0.028549
196 13 12 0.012739
197 17 13 0.012712
198 13 12 0.013961
199 13 13 0.012792
200 13 13 0.02136
201 9 8 0.013333
202 12 11 0.013896
203 13 11 0.013575
204 10 9 0.012142
205 15 11 0.012067
206 14 12 0.026795
207 18 16 0.014595
208 14 13 0.034125
209 15 13 0.012814
210 11 9 0.042566
211 10 10 0.029379
212 11 11 0.029064
213 17 15 0.030054
214 14 14 0.012545
215 13 11 0.013279
216 14 12 0.029074
217 13 12 0.030794
218 13 11 0.029645
219 13 11 0.029077
220 12 10 0.023481
221 14 13 0.012378
222 9 9 0.012408
223 14 12 0.027885
224 23 16 0.022501
225 13 12 0.014816
226 9 9 0.013963
227 14 11 0.012115
228 11 10 0.013119
229 12 11 0.012911
230 15 11 0.023602
231 11 11 0.04589
232 10 10 0.042073
233 11 10 0.012405
234 10 9 0.012291
235 11 9 0.012581
236 15 12 0.012991
237 10 10 0.026599
238 10 10 0.019043
239 19 16 0.014192
240 15 13 0.014831
241 13 12 0.012271
242 16 14 0.011835
243 8 8 0.012509
244 13 11 0.021055
245 14 12 0.013024
246 10 8 0.01245
247 14 13 0.023478
248 9 8 0.015701
249 13 12 0.030265
250 13 12 0.016288
251 10 10 0.013918
252 13 12 0.055016
253 14 12 0.012609
254 9 9 0.012758
255 20 16 0.011426
256 16 13 0.012249
257 11 11 0.030695
258 10 9 0.012419
259 11 10 0.013089
260 14 11 0.012119
261 15 12 0.012245
262 16 12 0.012315
263 12 10 0.012098
264 12 12 0.012657
265 15 12 0.01313
266 13 13 0.012953
267 12 12 0.012343
268 12 11 0.013737
269 13 12 0.029264
270 18 18 0.01241
271 16 11 0.01271
272 13 12 0.013592
273 12 11 0.013628
274 11 10 0.012806
275 10 10 0.012946
276 16 13 0.019814
277 15 13 0.013394
278 11 11 0.019152
279 8 8 0.029559
280 12 11 0.028413
281 13 11 0.015275
282 10 10 0.022655
283 16 13 0.012449
284 13 12 0.015724
285 15 13 0.014281
286 12 12 0.011956
287 11 10 0.012584
288 11 11 0.012251
289 8 8 0.020836
290 13 11 0.020282
291 21 17 0.022124
292 15 13 0.012287
293 23 18 0.0112
294 18 14 0.012388
295 12 10 0.01312
296 12 11 0.013578
297 9 8 0.013268
298 16 13 0.031607
299 9 9 0.012416
300 14 12 0.012154
301 8 8 0.013979
302 8 8 0.029756
303 17 14 0.026196
304 20 16 0.026465
305 12 11 0.036635
306 10 10 0.029608
307 16 16 0.013257
308 10 10 0.023941
309 12 12 0.026583
310 14 12 0.026426
311 14 14 0.014301
312 12 11 0.019408
313 9 9 0.018505
314 17 16 0.026254
315 13 11 0.030358
316 14 12 0.037594
317 16 13 0.033187
318 11 10 0.030186
319 16 13 0.027609
320 16 13 0.028123
321 11 10 0.06038
322 14 13 0.013531
323 14 11 0.012893
324 7 7 0.014399
325 12 12 0.014357
326 14 11 0.01438
327 11 11 0.0145
328 14 13 0.015761
329 18 14 0.013046
330 11 11 0.015327
331 10 10 0.015526
332 9 9 0.014361
333 11 10 0.01321
334 12 12 0.013505
335 14 13 0.013358
336 9 8 0.014318
337 12 12 0.013988
338 22 16 0.012283
339 17 15 0.013543
340 12 12 0.015207
341 14 11 0.01372
342 8 8 0.015457
343 12 12 0.014545
344 15 13 0.013195
345 10 10 0.013191
346 19 13 0.015416
347 13 12 0.013875
348 14 11 0.014411
349 12 12 0.014964
350 14 14 0.013275
351 16 15 0.013311
352 10 9 0.013355
353 14 13 0.023109
354 11 10 0.014411
355 17 14 0.013381
356 17 13 0.013007
357 8 8 0.013164
358 13 11 0.013748
359 14 13 0.014068
360 16 12 0.013494
361 12 11 0.01471
362 10 10 0.014885
363 17 13 0.040032
364 9 9 0.029752
365 16 15 0.026297
366 13 11 0.013631
367 14 14 0.022494
368 15 14 0.047618
369 13 12 0.029089
370 11 11 0.034368
371 14 11 0.047205
372 14 13 0.031319
373 7 7 0.039418
374 14 11 0.037104
375 10 9 0.012833
376 15 12 0.013843
377 13 13 0.016618
378 16 12 0.012897
379 17 14 0.0124
380 10 9 0.013417
381 14 11 0.014015
382 12 11 0.014431
383 12 10 0.013957
384 17 14 0.02856
385 7 7 0.033541
386 13 11 0.036303
387 13 11 0.028878
388 17 14 0.012508
389 13 12 0.013119
390 14 13 0.012676
391 13 13 0.013813
392 17 13 0.013221
393 12 10 0.012882
394 10 9 0.013738
395 7 7 0.012855
396 10 10 0.014478
397 19 14 0.012764
398 17 13 0.012769
399 14 13 0.013223
400 12 10 0.013274
401 22 17 0.012346
402 13 12 0.0127
403 15 13 0.01367
404 16 15 0.013819
405 19 17 0.011812
406 11 11 0.013983
407 16 15 0.013775
408 12 12 0.013765
409 17 13 0.013759
410 10 9 0.013755
411 10 10 0.013197
412 9 9 0.028731
413 12 12 0.013174
414 19 16 0.014867
415 10 10 0.012697
416 15 11 0.012795
417 7 7 0.013734
418 7 7 0.012518
419 16 12 0.012577
420 9 8 0.012555
421 15 13 0.1883221
422 20 15 0.1354317
423 15 12 0.0438118
424 11 10 0.0297018
425 13 12 0.0648434
426 13 12 0.031482
427 13 12 0.0222686
428 8 8 0.02434
429 17 15 0.0214391
430 9 9 0.0258948
431 13 12 0.0771275
432 11 10 0.0311966
433 11 11 0.0262967
434 15 12 0.0298035
435 12 11 0.0254492
436 11 10 0.0321473
437 12 11 0.0483877
438 11 11 0.0223645
439 15 13 0.0329146
440 19 17 0.0206234
441 18 16 0.0291872
442 13 11 0.0250492
443 9 9 0.0320684
444 10 10 0.0222666
445 11 11 0.0269385
446 12 12 0.122851
447 14 13 0.0267427
448 15 14 0.0200471
449 14 12 0.1413759
450 13 11 0.0291149
451 10 9 0.0363409
452 11 11 0.0247297
453 11 11 0.0223862
454 9 9 0.0212064
455 12 12 0.0328515
456 10 10 0.0508411
457 22 18 0.0381128
458 14 12 0.0204672
459 15 13 0.0336712
460 12 12 0.0208628
461 13 12 0.0330285
462 16 13 0.0294012
463 11 11 0.0271233
464 11 9 0.0198964
465 15 15 0.0233445
466 9 9 0.0253484
467 9 9 0.024392
468 13 11 0.0242883
469 12 10 0.0243072
470 14 12 0.0347384
471 11 10 0.0219439
472 11 11 0.0294733
473 10 9 0.021661
474 12 11 0.0426174
475 18 14 0.022394
476 17 15 0.1169904
477 12 11 0.1068128
478 18 16 0.0996359
479 18 13 0.1133625
480 17 13 0.0202818
481 11 10 0.0871607
482 12 10 0.0828895
483 14 11 0.0897502
484 13 12 0.088654
485 19 17 0.0283772
486 13 11 0.1029916
487 8 8 0.0208576
488 14 12 0.0768423
489 15 12 0.0944482
490 23 17 0.0189642
491 12 12 0.0578474
492 14 13 0.087769
493 12 11 0.1225567
494 14 12 0.1330231
495 11 11 0.0209887
496 12 12 0.1042374
497 13 12 0.1249094
498 10 8 0.0437641
499 11 11 0.1189188
500 12 11 0.1299208
501 12 11 0.1364694
502 13 13 0.1335464
503 13 12 0.0204706
504 9 8 0.1535256
505 16 15 0.0208159
506 11 10 0.0186518
507 16 13 0.086619
508 12 11 0.090555
509 12 12 0.0187537
510 19 14 0.1097601
511 12 11 0.1261127
512 15 13 0.0209407
513 15 13 0.1076865
514 15 14 0.0972447
515 15 15 0.0213955
516 17 12 0.0190382
517 9 9 0.084874
518 16 13 0.0200476
519 13 12 0.1013391
520 9 9 0.0835991
521 18 16 0.0259059
522 11 10 0.0849287
523 11 10 0.0202661
524 19 17 0.0192066
525 22 17 0.0648142
526 15 12 0.0532011
527 18 14 0.0191048
528 14 11 0.0847074
529 11 11 0.0530449
530 13 11 0.0206604
531 12 11 0.0534011
532 10 9 0.03793
533 13 12 0.0810049
534 7 7 0.0722152
535 14 13 0.0196101
536 13 11 0.0204303
537 18 14 0.0353027
538 12 11 0.0240769
539 10 10 0.1073954
540 15 13 0.0188755
541 12 11 0.0992415
542 12 12 0.0925641
543 18 16 0.0217955
544 14 13 0.0935444
545 16 14 0.0764071
546 11 11 0.0183427
547 13 11 0.0970666
548 10 10 0.0197886
549 12 11 0.0182994
550 9 8 0.0842044
551 19 16 0.0201867
552 13 11 0.0847085
553 16 14 0.0241475
554 13 11 0.0214819
555 16 13 0.025167
556 13 13 0.0217914
557 11 9 0.0192019
558 14 12 0.0422288
559 17 15 0.0202775
560 9 9 0.1155987
561 17 13 0.1042452
562 12 12 0.0194899
563 12 11 0.1202289
564 11 10 0.1322093
565 14 13 0.0219924
566 16 14 0.1128956
567 8 8 0.1020557
568 12 11 0.0205196
569 18 15 0.0985783
570 11 11 0.0962462
571 18 17 0.095243
572 11 10 0.0213372
573 11 10 0.1021373
574 11 10 0.0190899
575 10 10 0.0962668
576 16 12 0.0995616
577 15 12 0.0192926
578 12 10 0.0729726
579 17 14 0.072904
580 10 10 0.0212271
581 17 15 0.0194702
582 12 11 0.0925266
583 17 16 0.0272497
584 11 10 0.0930054
585 14 12 0.1116406
586 16 12 0.0852779
587 8 8 0.0416757
588 19 14 0.0211567
589 11 11 0.0217407
590 9 9 0.0221211
591 14 12 0.0197364
592 12 11 0.0212856
593 9 9 0.021172
594 12 11 0.0196164
595 11 11 0.0207799
596 18 14 0.0249055
597 9 9 0.0194487
598 15 13 0.0210185
599 8 8 0.0210321
600 15 14 0.0214993
601 8 8 0.0210173
602 12 11 0.0204049
603 12 12 0.0240901
604 17 13 0.0193152
605 10 9 0.0206865
606 15 14 0.0199402
607 12 11 0.0188955
608 10 8 0.0835832
609 10 9 0.0189768
610 11 10 0.0210279
611 9 9 0.0205774
612 12 10 0.0197884
613 11 10 0.0728952
614 14 12 0.0823063
615 17 13 0.0843419
616 12 10 0.0194314
617 20 15 0.0191016
618 15 14 0.0198543
619 17 14 0.0188208
620 12 11 0.0208573
621 12 11 0.0825424
622 11 11 0.074994
623 17 14 0.0202918
624 13 10 0.0193595
625 13 12 0.1068883
626 23 18 0.0188143
627 8 8 0.1087016
628 11 10 0.021529
629 10 9 0.0198838
630 12 12 0.0222237
631 11 9 0.0216882
632 18 15 0.0191483
633 15 14 0.017478
634 11 10 0.0225254
635 11 11 0.0197226
636 7 7 0.0213618
637 13 12 0.0193349
638 12 11 0.0839688
639 19 14 0.0204108
640 12 10 0.0205097
641 13 12 0.0861669
642 12 11 0.0836251
643 11 10 0.0407262
644 14 13 0.0183847
645 12 11 0.0193125
646 12 11 0.110623
647 14 13 0.0195927
648 11 10 0.0192549
649 16 12 0.0193746
650 12 12 0.0872836
651 18 15 0.0995029
652 17 14 0.0803267
653 9 9 0.0188865
654 13 13 0.0249959
655 16 15 0.0908328
656 15 11 0.0577062
657 11 11 0.0700323
658 11 10 0.0250941
659 11 10 0.0229721
660 17 14 0.0839755
661 18 15 0.0226742
662 18 14 0.0266747
663 13 11 0.0694412
664 8 8 0.0195189
665 12 12 0.0212288
666 14 12 0.0665057
667 15 13 0.0675291
668 15 13 0.0183592
669 21 17 0.0525885
670 8 8 0.0234477
671 8 8 0.0316323
672 14 12 0.0702506
673 9 9 0.0585933
674 9 9 0.0206358
675 12 12 0.0633465
676 17 17 0.074648
677 11 10 0.0211952
678 16 13 0.0541635
679 12 11 0.0614044
680 11 11 0.0223774
681 11 10 0.0189957
682 12 10 0.0840768
683 14 12 0.0190018
684 15 14 0.021127
685 11 11 0.0676458
686 15 13 0.0349561
687 12 11 0.0188682
688 12 11 0.0839997
689 12 12 0.0203749
690 10 10 0.0208017
691 12 11 0.0296295
692 10 9 0.0261738
693 14 12 0.0258349
694 13 10 0.0209112
695 15 13 0.0451857
696 16 14 0.0457696
697 8 8 0.0224847
698 12 11 0.0220609
699 9 9 0.0455428
700 12 10 0.0225099
701 20 15 0.0218505
702 10 10 0.0207935
703 11 10 0.0198429
704 16 13 0.0201378
705 12 12 0.0193563
706 16 12 0.0176555
707 17 15 0.0178578
708 12 11 0.0241923
709 8 8 0.0201139
710 10 10 0.0208906
711 11 10 0.0218319
712 9 9 0.0203198
713 14 13 0.0238197
714 13 12 0.0213888
715 9 8 0.0193704
716 10 10 0.0199421
717 8 8 0.0193434
718 10 10 0.0172411
719 14 12 0.0158937
720 12 11 0.0174009
721 12 11 0.0173327
722 12 10 0.0182541
723 12 11 0.0189978
724 9 8 0.0185399
725 14 12 0.0176737
726 12 11 0.019137
727 13 13 0.0255743
728 12 11 0.0217877
729 12 11 0.0196201
730 11 11 0.0188592
731 16 12 0.018895
732 17 13 0.0192141
733 9 8 0.0199748
734 13 10 0.023572
735 13 12 0.0183054
736 13 12 0.0183647
737 10 9 0.0186226
738 20 15 0.0189314
739 10 10 0.0191683
740 13 10 0.0217421
741 11 9 0.0238118
742 15 12 0.0207587
743 17 14 0.0219538
744 8 8 0.0197224
745 14 13 0.0194214
746 14 13 0.0179644
747 9 9 0.0194456
748 14 13 0.024419
749 17 13 0.0197527
750 10 10 0.0198119
751 17 14 0.0203357
752 13 12 0.0236919
753 11 10 0.0202487
754 19 17 0.0186557
755 12 11 0.0207225
756 15 13 0.0202308
757 12 11 0.0175875
758 16 13 0.0187883
759 14 11 0.0151538
760 9 9 0.0176704
761 14 13 0.0169797
762 14 11 0.017087
763 10 10 0.0216765
764 10 9 0.0158665
765 11 10 0.018712
766 13 12 0.019917
767 11 10 0.0194759
768 9 9 0.0183248
769 14 12 0.0208601
770 10 10 0.0192515
771 14 12 0.0115072
772 14 13 0.0157943
773 13 13 0.0142162
774 19 15 0.0196263
775 12 12 0.0165238
776 9 9 0.0166477
777 13 11 0.0181155
778 12 11 0.0169103
779 14 12 0.0131349
780 13 12 0.0182541
781 11 9 0.0196724
782 18 16 0.015546
783 9 9 0.0140092
784 16 14 0.0132671
785 8 8 0.0170125
786 12 11 0.0154515
787 13 12 0.0153173
788 19 16 0.0120071
789 20 16 0.0164523
790 13 12 0.0147962
791 9 9 0.017982
792 13 12 0.0133033
793 17 14 0.015664
794 13 12 0.014467
795 13 10 0.0185704
796 11 10 0.0149629
797 13 12 0.0143035
798 13 13 0.0199293
799 11 11 0.0136149
800 10 10 0.0175736
801 11 11 0.0125618
802 11 10 0.0136557
803 11 11 0.0153801
804 22 17 0.0126953
805 15 15 0.0174756
806 14 13 0.0162249
807 11 11 0.0183327
808 9 9 0.0174668
809 12 10 0.0183096
810 17 15 0.0147278
811 10 10 0.0161912
812 15 13 0.0163385
813 9 9 0.0173275
814 13 11 0.0173306
815 18 13 0.0125967
816 11 11 0.0164169
817 17 14 0.0181611
818 11 9 0.0146426
819 12 12 0.014488
820 18 14 0.0173357
821 10 10 0.0165353
822 14 13 0.0179642
823 12 11 0.0171291
824 11 9 0.0173565
825 12 11 0.0150183
826 17 13 0.0170335
827 15 13 0.0187573
828 11 11 0.0194188
829 14 11 0.0188887
830 9 9 0.0208448
831 7 7 0.0199008
832 11 11 0.0194702
833 9 9 0.0187147
834 10 10 0.0227631
835 12 10 0.021341
836 10 10 0.0164378
837 13 12 0.0136495
838 15 15 0.0208697
839 10 10 0.0193254
840 17 14 0.0190764
