1 14 13 0.117517
2 16 14 0.047509
3 13 11 0.038848
4 16 13 0.019804
5 12 12 0.042326
6 14 12 0.021416
7 13 12 0.053741
8 26 20 0.058504
9 15 12 0.020517
10 11 11 0.01866
11 12 12 0.016935
12 14 13 0.018651
13 16 13 0.021073
14 18 17 0.016625
15 12 11 0.017651
16 17 13 0.029952
17 18 16 0.03
18 12 12 0.027068
19 25 19 0.016424
20 14 13 0.030586
21 12 10 0.030037
22 13 13 0.031298
23 14 13 0.031781
24 15 14 0.015725
25 11 11 0.013653
26 16 13 0.014202
27 13 11 0.014558
28 10 10 0.014757
29 17 14 0.014116
30 14 13 0.013777
31 11 10 0.03043
32 12 12 0.01382
33 18 16 0.015955
34 10 10 0.01412
35 9 9 0.014399
36 15 14 0.013766
37 20 17 0.016933
38 11 10 0.0158
39 18 12 0.01416
40 16 14 0.015411
41 14 12 0.013285
42 14 12 0.013535
43 17 17 0.013059
44 12 12 0.014484
45 22 17 0.012208
46 11 11 0.013463
47 13 12 0.015501
48 16 15 0.0136
49 10 10 0.012907
50 16 14 0.013091
51 16 13 0.013724
52 13 12 0.013767
53 14 13 0.014127
54 15 13 0.014348
55 17 15 0.013724
56 15 13 0.013996
57 11 11 0.015847
58 19 15 0.014467
59 17 13 0.044748
60 19 17 0.014393
61 20 17 0.015203
62 17 14 0.013782
63 12 10 0.014691
64 18 15 0.013568
65 14 12 0.01395
66 15 13 0.014132
67 14 12 0.015256
68 19 17 0.020301
69 24 20 0.050467
70 10 10 0.016052
71 19 16 0.018065
72 11 10 0.015379
73 8 8 0.015544
74 18 16 0.015381
75 11 10 0.016701
76 15 14 0.015553
77 17 13 0.015288
78 10 10 0.013873
79 11 10 0.012646
80 17 14 0.014911
81 22 15 0.012876
82 15 13 0.014279
83 13 12 0.015859
84 13 12 0.013929
85 11 11 0.014824
86 14 13 0.013734
87 11 11 0.013952
88 17 15 0.014216
89 15 14 0.014088
90 16 13 0.015128
91 11 10 0.030889
92 9 9 0.015423
93 12 12 0.019148
94 12 12 0.023773
95 15 14 0.016149
96 14 14 0.013087
97 14 13 0.016635
98 12 12 0.015271
99 11 10 0.012993
100 14 12 0.01406
101 15 12 0.013331
102 15 13 0.015045
103 13 13 0.038885
104 20 15 0.013796
105 16 14 0.015864
106 10 10 0.023884
107 13 12 0.015351
108 17 15 0.014225
109 15 14 0.014836
110 18 15 0.029521
111 14 11 0.015044
112 18 16 0.017389
113 15 14 0.041298
114 15 14 0.017832
115 12 11 0.024122
116 13 12 0.031006
117 13 11 0.030616
118 13 12 0.029208
119 20 14 0.035042
120 14 12 0.016853
121 23 17 0.013099
122 13 12 0.030136
123 18 14 0.019614
124 14 12 0.013738
125 16 13 0.013965
126 15 13 0.03522
127 16 12 0.02338
128 8 8 0.014561
129 12 10 0.013856
130 20 16 0.013259
131 13 13 0.015619
132 20 15 0.014386
133 19 16 0.013505
134 12 11 0.014227
135 9 9 0.026078
136 10 10 0.013459
137 10 10 0.014207
138 13 12 0.013633
139 10 10 0.013847
140 18 13 0.013033
141 18 15 0.013838
142 15 12 0.013119
143 18 17 0.013283
144 16 13 0.013701
145 17 13 0.01373
146 22 18 0.013633
147 18 14 0.026473
148 20 16 0.033263
149 15 13 0.033452
150 18 15 0.040851
151 15 14 0.013361
152 11 11 0.01307
153 13 12 0.013123
154 10 9 0.013959
155 20 15 0.012625
156 17 14 0.013901
157 10 10 0.04142
158 18 16 0.033699
159 12 11 0.024663
160 13 13 0.012653
161 22 17 0.012128
162 19 15 0.012576
163 16 14 0.013368
164 21 16 0.013397
165 21 16 0.012439
166 9 9 0.013482
167 12 11 0.01318
168 12 11 0.043028
169 17 14 0.012565
170 16 14 0.01275
171 20 15 0.012768
172 19 16 0.015335
173 24 17 0.012103
174 17 15 0.013847
175 18 17 0.013642
176 12 11 0.014489
177 13 13 0.013455
178 12 11 0.013398
179 11 11 0.013628
180 14 12 0.04926
181 15 13 0.012807
182 19 16 0.012534
183 13 13 0.034232
184 16 14 0.031524
185 11 11 0.030824
186 10 9 0.027735
187 17 15 0.026437
188 18 14 0.029279
189 12 12 0.032633
190 15 14 0.027324
191 18 16 0.019532
192 14 12 0.025739
193 9 9 0.030216
194 13 11 0.026189
195 17 13 0.0288
196 16 15 0.014059
197 10 10 0.015202
198 20 16 0.012621
199 12 12 0.013789
200 16 14 0.012751
201 14 11 0.013848
202 17 14 0.013814
203 14 12 0.014171
204 12 12 0.014673
205 18 17 0.0129
206 15 15 0.012697
207 27 20 0.012752
208 13 12 0.024865
209 13 12 0.05146
210 14 12 0.038241
211 11 11 0.036357
212 14 13 0.012913
213 14 14 0.015228
214 19 14 0.013876
215 12 12 0.014178
216 13 11 0.013228
217 16 16 0.014084
218 15 12 0.04054
219 8 8 0.02973
220 18 15 0.031613
221 19 15 0.013345
222 16 14 0.038348
223 13 12 0.028481
224 13 12 0.014039
225 21 16 0.012714
226 17 15 0.013509
227 16 14 0.015821
228 12 11 0.013067
229 13 12 0.014211
230 17 13 0.012608
231 15 14 0.027903
232 12 11 0.013389
233 13 13 0.013169
234 11 11 0.025051
235 11 11 0.034419
236 18 15 0.024328
237 11 11 0.015862
238 21 17 0.013392
239 17 15 0.034462
240 14 13 0.013622
241 12 11 0.013141
242 17 16 0.020888
243 16 15 0.015724
244 12 11 0.017369
245 15 13 0.031505
246 12 12 0.033476
247 17 15 0.037189
248 13 12 0.013452
249 15 15 0.013531
250 8 8 0.013602
251 14 13 0.013536
252 18 15 0.029869
253 20 17 0.027531
254 17 15 0.015314
255 16 14 0.014836
256 14 13 0.016968
257 13 12 0.015778
258 14 12 0.015794
259 19 17 0.01463
260 16 14 0.016494
261 21 16 0.014845
262 13 11 0.015627
263 25 19 0.011727
264 14 11 0.011843
265 17 14 0.013755
266 17 14 0.014545
267 11 10 0.015101
268 23 18 0.019575
269 11 10 0.013376
270 13 12 0.013677
271 17 15 0.013137
272 13 13 0.02655
273 19 15 0.017024
274 15 14 0.024074
275 16 14 0.013481
276 12 11 0.045239
277 11 10 0.046168
278 11 10 0.027431
279 14 13 0.060919
280 17 13 0.031031
281 15 13 0.027389
282 21 15 0.03396
283 16 13 0.029069
284 16 14 0.034339
285 12 12 0.022285
286 13 12 0.020092
287 13 12 0.028709
288 20 17 0.040545
289 11 10 0.031823
290 15 13 0.050102
291 20 16 0.029906
292 16 16 0.030678
293 11 11 0.046209
294 15 13 0.052774
295 18 16 0.042225
296 13 12 0.014978
297 13 12 0.038495
298 17 17 0.026846
299 10 10 0.031297
300 16 14 0.04997
301 18 17 0.03436
302 11 10 0.016491
303 27 19 0.012886
304 19 15 0.0185
305 23 18 0.024197
306 11 11 0.032549
307 21 18 0.014648
308 22 18 0.013101
309 17 14 0.015283
310 18 17 0.014609
311 11 10 0.013723
312 16 13 0.043218
313 10 10 0.029537
314 12 11 0.022414
315 14 13 0.027708
316 18 14 0.030109
317 11 11 0.039135
318 14 14 0.014599
319 16 13 0.014885
320 16 13 0.014996
321 12 12 0.014616
322 13 13 0.022754
323 14 12 0.026039
324 15 14 0.017029
325 14 14 0.015265
326 13 12 0.015294
327 13 11 0.014811
328 18 14 0.013622
329 13 12 0.019256
330 18 14 0.029118
331 14 11 0.013072
332 18 15 0.016872
333 11 10 0.013402
334 13 12 0.014727
335 14 13 0.013935
336 14 12 0.013189
337 13 13 0.03194
338 20 18 0.013748
339 14 12 0.034571
340 8 8 0.013206
341 11 11 0.013318
342 18 15 0.014324
343 20 13 0.028657
344 10 10 0.065957
345 21 17 0.014224
346 22 17 0.012983
347 11 11 0.013515
348 17 14 0.014944
349 21 18 0.012875
350 19 16 0.01287
351 14 13 0.014708
352 22 16 0.013413
353 11 11 0.014342
354 11 11 0.013548
355 16 14 0.02202
356 16 13 0.027595
357 23 17 0.01287
358 21 17 0.073048
359 19 15 0.05207
360 20 15 0.029767
361 16 14 0.013402
362 13 11 0.027402
363 16 13 0.013108
364 11 11 0.031427
365 12 11 0.058144
366 15 14 0.050705
367 17 15 0.015905
368 14 13 0.055628
369 13 12 0.013364
370 16 16 0.013501
371 20 17 0.013131
372 15 13 0.013821
373 14 12 0.014455
374 9 9 0.013386
375 13 13 0.013985
376 16 14 0.0126
377 11 11 0.026716
378 21 16 0.020796
379 14 12 0.037417
380 10 10 0.027573
381 15 14 0.041601
382 17 14 0.050988
383 14 13 0.030091
384 10 9 0.044553
385 16 13 0.030673
386 16 13 0.027003
387 10 10 0.013259
388 16 14 0.03363
389 17 14 0.031518
390 12 11 0.054
391 16 14 0.056164
392 14 13 0.033383
393 9 9 0.031808
394 16 13 0.032927
395 11 11 0.028101
396 21 17 0.029978
397 12 12 0.033589
398 16 14 0.026473
399 15 13 0.047447
400 11 11 0.030158
401 18 14 0.037276
402 15 12 0.029183
403 13 11 0.013167
404 11 10 0.033016
405 16 13 0.029088
406 19 15 0.024915
407 9 9 0.046004
408 12 12 0.06446
409 16 13 0.029411
410 16 14 0.01376
411 13 11 0.013111
412 18 14 0.012689
413 20 15 0.015983
414 16 14 0.014624
415 14 11 0.039733
416 11 11 0.012687
417 19 15 0.027393
418 13 11 0.013394
419 13 12 0.015965
420 9 9 0.028424
421 12 11 0.1604939
422 19 16 0.1402582
423 14 12 0.0765141
424 19 17 0.0502025
425 13 11 0.0744203
426 13 13 0.0330187
427 8 8 0.0233142
428 16 13 0.0463389
429 17 16 0.0557309
430 11 11 0.0686145
431 12 11 0.0827948
432 19 17 0.0756717
433 21 16 0.0302646
434 18 16 0.0906517
435 14 12 0.106036
436 12 11 0.116405
437 15 12 0.1071726
438 12 11 0.0363882
439 12 11 0.0960859
440 15 13 0.0576559
441 14 13 0.0594441
442 20 16 0.0218308
443 11 10 0.0213173
444 11 10 0.0220402
445 10 10 0.0217914
446 11 11 0.0217706
447 13 12 0.0441021
448 12 12 0.0226912
449 13 12 0.0392258
450 13 11 0.0257049
451 24 18 0.046671
452 12 10 0.0294029
453 15 12 0.0340862
454 15 12 0.0194081
455 16 14 0.0252384
456 22 15 0.028521
457 9 9 0.0477926
458 14 12 0.0200281
459 19 17 0.07389
460 16 14 0.0942247
461 14 12 0.1061865
462 12 11 0.0196569
463 16 14 0.0202414
464 17 14 0.0859532
465 16 12 0.0879708
466 16 16 0.0762205
467 13 12 0.114361
468 12 11 0.023076
469 15 15 0.0208688
470 12 12 0.1138039
471 13 11 0.0899275
472 18 13 0.0204992
473 11 11 0.037331
474 15 12 0.0557287
475 10 10 0.0892916
476 17 14 0.1164072
477 13 11 0.1296748
478 9 9 0.037564
479 16 14 0.0212128
480 17 13 0.1312261
481 13 12 0.1339695
482 15 15 0.1237729
483 18 15 0.0413476
484 18 15 0.0195742
485 12 10 0.1221846
486 12 12 0.125242
487 18 14 0.1104937
488 12 12 0.0211562
489 18 15 0.0973052
490 16 13 0.122619
491 18 16 0.0947256
492 11 11 0.0229287
493 15 13 0.0214268
494 16 12 0.1165518
495 21 16 0.0850552
496 12 11 0.0225631
497 9 9 0.0205235
498 13 12 0.038709
499 14 12 0.0283936
500 20 16 0.0294784
501 19 17 0.0192218
502 12 12 0.0236929
503 14 12 0.038254
504 12 11 0.026731
505 16 13 0.0219739
506 13 12 0.0214664
507 17 15 0.0320487
508 8 8 0.034282
509 16 13 0.0368626
510 12 11 0.020432
511 11 10 0.0312495
512 17 15 0.0325108
513 19 16 0.0243887
514 16 14 0.0213511
515 17 13 0.0203947
516 19 17 0.0225512
517 16 13 0.0368861
518 13 12 0.0251583
519 16 14 0.0210249
520 13 12 0.025193
521 17 15 0.0221419
522 13 12 0.0227611
523 11 11 0.0219217
524 14 13 0.0225967
525 13 13 0.0196601
526 16 13 0.0199749
527 13 12 0.0263927
528 19 17 0.0950434
529 16 15 0.0786003
530 14 12 0.0227712
531 11 10 0.0399102
532 17 16 0.0971598
533 25 20 0.1024474
534 18 14 0.088591
535 10 10 0.0218235
536 11 10 0.1040169
537 12 12 0.0988421
538 13 12 0.0876067
539 17 15 0.0233609
540 17 15 0.102022
541 17 15 0.0941247
542 15 14 0.0213384
543 22 16 0.0376796
544 10 10 0.0282113
545 22 18 0.1160098
546 20 16 0.0206956
547 15 12 0.0218483
548 20 14 0.1060634
549 9 9 0.1252141
550 15 14 0.0233271
551 17 14 0.0211182
552 12 11 0.0296074
553 12 11 0.0193205
554 22 17 0.1196291
555 18 13 0.1233988
556 14 11 0.0208578
557 17 14 0.1093506
558 14 11 0.0949534
559 15 14 0.0420481
560 24 18 0.0199077
561 14 13 0.0982103
562 13 11 0.099777
563 13 12 0.0203465
564 10 10 0.020577
565 13 12 0.0247769
566 14 14 0.0833144
567 13 12 0.0206903
568 10 10 0.0843207
569 17 15 0.0229277
570 13 12 0.0217951
571 20 17 0.0207397
572 8 8 0.0225267
573 19 17 0.0965508
574 13 13 0.1095902
575 18 15 0.0199187
576 16 16 0.0979053
577 13 11 0.1070596
578 15 13 0.1185712
579 12 12 0.1102537
580 13 13 0.1116362
581 13 12 0.0896972
582 11 11 0.020475
583 12 11 0.0807983
584 16 12 0.0201695
585 17 15 0.0203032
586 16 14 0.0235726
587 12 11 0.0983517
588 16 14 0.0200541
589 26 19 0.0811747
590 11 10 0.0195677
591 17 15 0.0204912
592 18 15 0.0202901
593 9 9 0.0222059
594 17 15 0.028822
595 19 15 0.0666388
596 14 12 0.0184369
597 11 11 0.0246944
598 12 12 0.0208788
599 13 13 0.0377248
600 11 11 0.0204216
601 12 12 0.0239714
602 11 11 0.0226891
603 16 15 0.0190095
604 16 13 0.0210529
605 13 11 0.019414
606 16 14 0.0205535
607 18 15 0.020623
608 10 10 0.0234177
609 9 9 0.0205612
610 11 10 0.0216014
611 14 12 0.0285556
612 12 11 0.0223662
613 12 11 0.0233385
614 14 13 0.0231009
615 13 12 0.0202835
616 21 18 0.0197343
617 17 15 0.0219463
618 10 10 0.0221266
619 11 10 0.0809506
620 14 13 0.0968473
621 14 13 0.0213033
622 14 14 0.0357687
623 15 13 0.0930709
624 15 12 0.0190513
625 19 15 0.0201981
626 17 17 0.0194665
627 16 14 0.040019
628 14 13 0.0280158
629 11 11 0.0204292
630 15 13 0.020784
631 13 12 0.0927334
632 14 12 0.0187892
633 14 14 0.0865673
634 22 18 0.0206083
635 16 14 0.0202517
636 13 11 0.0244075
637 11 11 0.0195212
638 17 13 0.0202099
639 15 11 0.1057906
640 14 12 0.0189646
641 10 10 0.0209097
642 18 15 0.0197276
643 17 15 0.0205629
644 14 13 0.0198403
645 12 12 0.023223
646 14 13 0.0210918
647 20 15 0.0207157
648 14 12 0.0203062
649 13 12 0.0215077
650 22 16 0.0196565
651 16 15 0.019494
652 25 19 0.0179815
653 10 10 0.0218701
654 18 14 0.0217461
655 18 16 0.0222918
656 16 14 0.0214276
657 23 20 0.0207546
658 14 11 0.0205378
659 16 13 0.0207589
660 15 14 0.0198153
661 15 15 0.0187082
662 11 10 0.0200119
663 20 17 0.0212545
664 14 12 0.019366
665 11 11 0.0341217
666 10 10 0.0232903
667 16 15 0.0602693
668 18 14 0.0198992
669 10 10 0.0214024
670 12 12 0.0185897
671 15 14 0.0226442
672 20 18 0.0205692
673 15 14 0.0244081
674 14 12 0.0212598
675 12 9 0.0197758
676 15 14 0.0252181
677 11 11 0.023038
678 19 15 0.0203195
679 16 14 0.0234817
680 14 13 0.0198355
681 17 13 0.0236226
682 11 10 0.0471255
683 15 12 0.0237852
684 10 9 0.0230624
685 21 17 0.0208671
686 20 16 0.0212614
687 8 8 0.0224367
688 18 16 0.0253002
689 15 15 0.0198944
690 14 12 0.020895
691 17 13 0.0232561
692 18 14 0.020178
693 16 14 0.0225272
694 20 19 0.0234828
695 16 14 0.0444217
696 14 13 0.020917
697 14 14 0.0228013
698 12 12 0.0229714
699 8 8 0.0190162
700 12 12 0.0194227
701 14 14 0.0186559
702 16 16 0.0196597
703 22 17 0.0208762
704 11 11 0.0205219
705 11 10 0.0209752
706 14 13 0.021106
707 16 15 0.0205132
708 20 17 0.0205786
709 14 13 0.0709664
710 12 11 0.020353
711 14 14 0.021401
712 12 12 0.0195887
713 14 11 0.0194167
714 19 17 0.0212276
715 15 12 0.0239111
716 16 12 0.0203905
717 10 9 0.0205983
718 16 14 0.0224001
719 15 14 0.021578
720 15 13 0.0257173
721 16 12 0.0208914
722 18 15 0.0207571
723 19 15 0.0212585
724 19 16 0.0254879
725 16 13 0.0201856
726 14 12 0.0389966
727 13 13 0.0207493
728 19 14 0.0205193
729 12 12 0.0184979
730 10 10 0.0180999
731 16 15 0.018145
732 10 10 0.0173186
733 15 13 0.0179954
734 18 14 0.0188394
735 17 15 0.0199147
736 13 13 0.0195853
737 18 13 0.0192496
738 21 17 0.0198485
739 16 15 0.0218359
740 16 14 0.0194145
741 12 12 0.0195767
742 14 14 0.0191623
743 17 16 0.015433
744 19 19 0.0222042
745 16 15 0.0225818
746 14 12 0.0255375
747 18 14 0.0219138
748 18 14 0.0205191
749 23 18 0.0205438
750 11 11 0.0215142
751 20 17 0.0188416
752 14 14 0.0218537
753 11 10 0.0190269
754 15 13 0.0209547
755 16 15 0.020453
756 19 15 0.0186465
757 8 8 0.0172576
758 21 17 0.0309566
759 16 14 0.0208179
760 12 12 0.0205592
761 13 11 0.0203918
762 16 14 0.0244438
763 22 17 0.0229567
764 11 10 0.0249307
765 18 16 0.0182474
766 13 11 0.0209564
767 17 14 0.0171339
768 15 13 0.0178047
769 13 12 0.0158131
770 17 14 0.0168462
771 15 13 0.0228611
772 19 15 0.0171099
773 18 14 0.0192202
774 17 17 0.0135278
775 17 14 0.0194637
776 20 20 0.021005
777 11 10 0.0184391
778 15 14 0.0165874
779 19 17 0.0130099
780 18 13 0.0167866
781 10 9 0.0155546
782 18 14 0.0150704
783 12 12 0.0185345
784 10 9 0.0143813
785 13 11 0.0171371
786 12 10 0.0179954
787 16 13 0.0153134
788 12 12 0.0154125
789 15 14 0.0171589
790 17 14 0.0128214
791 16 15 0.0160483
792 11 11 0.0172497
793 21 16 0.017187
794 12 12 0.0183429
795 11 11 0.0210631
796 14 11 0.0195841
797 15 14 0.016482
798 10 9 0.0173001
799 14 13 0.0174527
800 14 13 0.0126101
801 15 12 0.0127152
802 9 9 0.0151544
803 12 11 0.0158609
804 13 12 0.0143649
805 13 13 0.0173178
806 18 14 0.0150776
807 17 16 0.0153521
808 18 15 0.0162565
809 16 13 0.0132685
810 12 11 0.0209346
811 15 15 0.0203437
812 19 15 0.0174807
813 21 18 0.0178293
814 17 14 0.0187596
815 15 13 0.0163056
816 15 13 0.0184077
817 13 13 0.0185498
818 16 14 0.0190361
819 15 13 0.0176628
820 12 12 0.0184251
821 16 13 0.018399
822 19 16 0.0165149
823 20 16 0.0190517
824 23 20 0.0203912
825 23 20 0.0189153
826 14 12 0.0189203
827 12 11 0.0191541
828 15 14 0.0217002
829 19 15 0.0197982
830 14 12 0.0197423
831 16 14 0.0198388
832 12 11 0.0186525
833 11 10 0.0210095
834 13 12 0.0234756
835 16 16 0.0191732
836 16 14 0.0168921
837 10 10 0.0186419
838 15 11 0.0171108
839 16 14 0.0172484
840 14 12 0.020611
