1 40 32 0.330895
2 40 30 0.275728
3 26 23 0.059435
4 29 24 0.05157
5 19 19 0.095923
6 25 22 0.089598
7 25 21 0.054883
8 26 21 0.082515
9 21 19 0.060651
10 36 28 0.075563
11 23 20 0.033641
12 27 24 0.032607
13 26 23 0.032879
14 45 34 0.067051
15 38 30 0.061936
16 32 28 0.062911
17 34 30 0.048369
18 33 30 0.046024
19 23 19 0.045678
20 24 23 0.026052
21 23 17 0.042244
22 27 23 0.025102
23 40 31 0.034751
24 29 25 0.027316
25 24 20 0.025687
26 27 25 0.086831
27 28 26 0.065693
28 17 17 0.037015
29 38 29 0.045378
30 32 24 0.032931
31 29 22 0.063645
32 20 19 0.048925
33 30 24 0.034124
34 26 22 0.029181
35 22 21 0.039168
36 20 17 0.027847
37 21 18 0.031471
38 33 27 0.029577
39 27 25 0.035604
40 31 28 0.02827
41 22 20 0.038805
42 30 26 0.032247
43 24 21 0.033058
44 28 23 0.05162
45 26 22 0.050678
46 26 21 0.027781
47 33 26 0.086908
48 22 20 0.038685
49 19 17 0.02957
50 28 24 0.02814
51 19 18 0.032458
52 24 21 0.072007
53 20 19 0.044482
54 33 28 0.057577
55 28 24 0.060532
56 32 26 0.067304
57 32 23 0.072453
58 23 21 0.031826
59 25 21 0.025203
60 19 17 0.024313
61 24 19 0.025984
62 41 28 0.019189
63 33 25 0.02434
64 28 24 0.072875
65 31 27 0.05248
66 46 38 0.054262
67 13 13 0.029881
68 41 32 0.030511
69 29 25 0.036507
70 16 15 0.034842
71 32 26 0.029023
72 32 25 0.038052
73 15 14 0.025873
74 32 27 0.030068
75 32 25 0.020925
76 31 25 0.021688
77 33 25 0.034004
78 38 29 0.033669
79 26 20 0.054814
80 34 29 0.044398
81 23 17 0.022632
82 24 20 0.042444
83 23 23 0.029994
84 19 17 0.035386
85 25 20 0.022073
86 13 13 0.043954
87 34 30 0.028925
88 31 25 0.087239
89 23 20 0.032136
90 25 23 0.029597
91 41 31 0.028459
92 23 19 0.04187
93 24 21 0.030955
94 26 23 0.039546
95 27 23 0.03951
96 30 27 0.026939
97 26 22 0.051701
98 24 24 0.033551
99 24 23 0.033211
100 54 43 0.034506
101 31 25 0.030408
102 33 26 0.025112
103 25 20 0.028467
104 30 26 0.038917
105 31 26 0.029723
106 27 23 0.030472
107 30 24 0.042066
108 32 26 0.033184
109 28 23 0.040207
110 24 22 0.075144
111 28 22 0.028595
112 20 18 0.021548
113 31 25 0.073184
114 38 30 0.044505
115 22 18 0.054516
116 28 22 0.055035
117 24 21 0.076067
118 22 19 0.094514
119 28 21 0.035201
120 37 29 0.061769
121 36 27 0.031915
122 25 21 0.034956
123 29 23 0.029106
124 24 24 0.027309
125 33 25 0.025907
126 18 16 0.070206
127 27 24 0.069115
128 18 16 0.077222
129 18 18 0.038989
130 31 25 0.125269
131 30 23 0.092369
132 27 25 0.056536
133 20 17 0.067471
134 33 29 0.041905
135 42 35 0.062575
136 33 28 0.082198
137 22 18 0.049055
138 33 27 0.057363
139 24 20 0.067067
140 25 22 0.050796
141 30 26 0.064302
142 29 26 0.077061
143 21 19 0.042588
144 33 27 0.076789
145 42 34 0.0891
146 21 20 0.060064
147 48 37 0.067797
148 31 22 0.057259
149 25 23 0.102444
150 42 30 0.084234
151 21 19 0.05419
152 27 22 0.045504
153 14 13 0.041367
154 19 17 0.024628
155 45 29 0.034109
156 26 22 0.020577
157 24 19 0.020443
158 36 32 0.025672
159 18 18 0.059293
160 26 23 0.063007
161 16 15 0.065019
162 26 20 0.064622
163 19 15 0.076873
164 24 21 0.041796
165 42 32 0.037884
166 19 18 0.03585
167 16 15 0.028284
168 17 15 0.055542
169 29 26 0.046983
170 43 32 0.074951
171 30 24 0.032764
172 23 21 0.024004
173 27 21 0.052162
174 28 25 0.030589
175 15 15 0.023928
176 34 27 0.045351
177 20 18 0.03368
178 20 17 0.038819
179 25 20 0.029906
180 23 22 0.025025
181 19 15 0.036522
182 23 20 0.044176
183 24 22 0.053155
184 33 26 0.101184
185 28 22 0.03517
186 39 32 0.029741
187 25 20 0.027851
188 26 21 0.030368
189 39 29 0.062213
190 29 25 0.046798
191 18 15 0.029742
192 32 28 0.064442
193 24 22 0.027433
194 28 21 0.039357
195 30 26 0.030823
196 31 29 0.040157
197 24 21 0.022349
198 30 25 0.029602
199 22 20 0.032522
200 18 17 0.02952
201 21 19 0.056166
202 22 18 0.03865
203 30 28 0.030865
204 35 26 0.055592
205 27 22 0.074352
206 31 30 0.031165
207 31 25 0.035144
208 26 24 0.024144
209 40 35 0.027565
210 25 20 0.01993
211 27 23 0.034459
212 31 25 0.037191
213 20 18 0.049356
214 31 28 0.04871
215 34 30 0.03922
216 30 26 0.020926
217 30 24 0.068646
218 30 24 0.028347
219 28 22 0.032251
220 21 19 0.036644
221 19 18 0.030238
222 24 20 0.025131
223 32 26 0.025075
224 28 22 0.031759
225 10 10 0.025943
226 29 27 0.026844
227 23 20 0.024666
228 33 27 0.043179
229 16 15 0.025155
230 24 20 0.029758
231 32 29 0.028678
232 32 23 0.040478
233 26 24 0.023293
234 39 30 0.031809
235 24 20 0.024775
236 40 31 0.028313
237 22 19 0.034766
238 29 24 0.0249
239 24 20 0.036764
240 21 19 0.027824
241 23 21 0.033919
242 34 26 0.048983
243 39 32 0.030725
244 26 19 0.034043
245 28 24 0.028813
246 29 23 0.028563
247 30 24 0.043736
248 23 21 0.05357
249 39 30 0.032221
250 26 23 0.041692
251 23 20 0.029752
252 39 34 0.031086
253 28 22 0.027487
254 36 28 0.024975
255 28 24 0.030808
256 36 30 0.046632
257 31 25 0.029664
258 31 25 0.026791
259 28 25 0.024712
260 24 21 0.031013
261 25 22 0.035777
262 35 27 0.032461
263 22 19 0.024877
264 26 24 0.059914
265 41 32 0.042345
266 14 14 0.056021
267 38 26 0.023212
268 28 25 0.029242
269 23 19 0.024798
270 36 28 0.027072
271 20 18 0.023174
272 25 22 0.033451
273 20 18 0.042146
274 22 19 0.027003
275 30 24 0.025153
276 23 18 0.024068
277 45 39 0.023336
278 28 25 0.034925
279 29 24 0.031427
280 32 24 0.027692
281 24 22 0.029355
282 23 19 0.032579
283 30 27 0.025817
284 16 16 0.035267
285 23 19 0.029175
286 25 19 0.038568
287 33 26 0.029884
288 18 16 0.032269
289 23 21 0.03487
290 24 21 0.056112
291 19 18 0.056795
292 20 18 0.055864
293 32 27 0.059248
294 30 24 0.041868
295 22 20 0.071021
296 31 26 0.029327
297 28 25 0.031255
298 29 23 0.023164
299 29 26 0.035261
300 19 18 0.025232
301 37 30 0.0211
302 31 24 0.027023
303 20 16 0.030565
304 24 21 0.029969
305 24 19 0.023795
306 30 22 0.025982
307 24 20 0.051516
308 35 30 0.033753
309 34 29 0.027446
310 29 24 0.080041
311 43 33 0.04972
312 36 28 0.036229
313 31 25 0.02532
314 23 19 0.056177
315 25 23 0.046874
316 20 19 0.027902
317 26 23 0.036183
318 13 13 0.036631
319 31 27 0.037848
320 32 25 0.040364
321 29 25 0.028273
322 17 16 0.030768
323 26 21 0.026908
324 36 30 0.031928
325 34 26 0.023104
326 29 24 0.028834
327 33 27 0.057049
328 18 16 0.028145
329 33 26 0.025315
330 23 22 0.034114
331 19 16 0.026325
332 25 20 0.03449
333 27 25 0.021811
334 26 20 0.026821
335 25 23 0.028865
336 26 23 0.037219
337 32 24 0.043249
338 29 25 0.023043
339 37 26 0.03904
340 44 33 0.038426
341 23 21 0.025176
342 25 24 0.037213
343 26 22 0.032253
344 16 15 0.030116
345 29 26 0.037499
346 29 26 0.021532
347 27 22 0.026303
348 24 20 0.034876
349 28 23 0.024229
350 39 30 0.02974
351 26 20 0.045189
352 34 33 0.024138
353 35 30 0.029326
354 26 22 0.024545
355 38 30 0.028493
356 30 24 0.034785
357 24 22 0.038786
358 33 27 0.026442
359 25 19 0.055406
360 27 23 0.029091
361 29 25 0.025531
362 32 26 0.037563
363 26 20 0.045384
364 30 24 0.042457
365 20 20 0.033537
366 44 31 0.03765
367 30 25 0.029436
368 20 19 0.088361
369 32 28 0.029152
370 35 27 0.032264
371 25 21 0.039177
372 31 25 0.089304
373 16 16 0.04026
374 28 25 0.023532
375 29 26 0.024122
376 40 34 0.029492
377 27 21 0.031942
378 31 28 0.026086
379 34 29 0.024905
380 37 30 0.029428
381 22 18 0.027427
382 26 23 0.026981
383 26 21 0.032339
384 40 30 0.027976
385 29 25 0.025308
386 34 26 0.060771
387 16 15 0.026081
388 31 22 0.031611
389 30 24 0.035322
390 14 14 0.034418
391 32 26 0.047418
392 41 32 0.02415
393 38 32 0.054711
394 31 25 0.030902
395 33 26 0.03801
396 36 29 0.02507
397 34 27 0.02247
398 38 32 0.030442
399 21 18 0.047919
400 39 32 0.025127
401 28 23 0.042078
402 24 21 0.028151
403 24 22 0.063369
404 22 20 0.028116
405 20 19 0.057717
406 25 21 0.026784
407 30 26 0.02149
408 34 26 0.026578
409 35 25 0.029387
410 27 24 0.026087
411 22 21 0.03001
412 31 26 0.0366
413 37 29 0.018321
414 34 25 0.04844
415 33 27 0.028247
416 26 23 0.033689
417 26 21 0.024268
418 26 21 0.041216
419 31 24 0.076078
420 38 29 0.044463
421 15 14 0.2241744
422 28 23 0.2313238
423 28 23 0.2106701
424 25 23 0.1199997
425 33 28 0.1144494
426 30 27 0.0446849
427 18 17 0.061064
428 15 13 0.0447608
429 18 16 0.0898507
430 39 32 0.0533535
431 39 30 0.0584295
432 23 18 0.1447371
433 22 20 0.1114866
434 36 28 0.1463734
435 14 14 0.1079753
436 28 23 0.0696921
437 22 19 0.1345076
438 19 18 0.174427
439 20 15 0.0888068
440 32 30 0.1318456
441 28 22 0.0710207
442 32 24 0.1028396
443 44 32 0.0462981
444 21 19 0.050255
445 33 25 0.0998517
446 35 29 0.1073561
447 27 21 0.114129
448 20 18 0.1555226
449 33 25 0.0777789
450 30 25 0.1104147
451 25 23 0.1155919
452 28 23 0.0613561
453 28 21 0.0752275
454 35 30 0.0605783
455 22 22 0.0799313
456 23 22 0.0825243
457 40 33 0.1129294
458 31 26 0.1323554
459 29 23 0.1321296
460 20 16 0.1234378
461 24 22 0.0831237
462 21 17 0.179886
463 24 20 0.212476
464 28 24 0.1364349
465 15 14 0.1001455
466 23 20 0.1753486
467 25 21 0.1101689
468 26 24 0.1167209
469 22 19 0.0968904
470 23 19 0.0852598
471 27 23 0.1305584
472 39 27 0.0461509
473 33 25 0.0376927
474 32 27 0.03067
475 36 27 0.0417883
476 17 16 0.050451
477 32 26 0.0347413
478 24 22 0.0473215
479 27 22 0.0718928
480 36 28 0.0487701
481 23 22 0.038002
482 25 21 0.0767153
483 33 28 0.0843956
484 24 24 0.0476773
485 25 22 0.06704
486 37 28 0.0771901
487 21 18 0.0847253
488 41 34 0.0605686
489 21 20 0.0418183
490 20 16 0.0834337
491 30 27 0.0839223
492 32 26 0.0717869
493 36 30 0.1537341
494 26 20 0.0906137
495 26 23 0.077832
496 21 19 0.159504
497 33 25 0.1833057
498 41 33 0.0751008
499 26 21 0.0864954
500 33 29 0.0564257
501 24 21 0.0724933
502 20 18 0.0520115
503 20 18 0.1107255
504 27 26 0.0778457
505 25 22 0.1930744
506 31 26 0.0983815
507 29 25 0.0869883
508 33 27 0.0783731
509 31 24 0.0999326
510 23 19 0.1187318
511 32 24 0.0751559
512 15 13 0.1408319
513 16 13 0.0872561
514 31 25 0.0799215
515 37 32 0.1111525
516 24 21 0.0774208
517 29 28 0.0941213
518 33 31 0.0803207
519 23 23 0.0968911
520 27 25 0.0829282
521 36 28 0.0953964
522 20 20 0.1385486
523 24 22 0.1049209
524 23 20 0.0774098
525 34 26 0.1282597
526 28 22 0.085572
527 21 19 0.1217028
528 31 25 0.1690395
529 27 23 0.0732468
530 27 26 0.0959094
531 30 27 0.1480414
532 31 22 0.1552543
533 25 22 0.1003552
534 43 34 0.1110775
535 37 32 0.1075236
536 29 23 0.1106317
537 26 23 0.0952253
538 22 21 0.15576
539 37 27 0.0793744
540 22 20 0.0960532
541 31 26 0.1387818
542 39 32 0.0869685
543 23 22 0.0955946
544 37 30 0.0750379
545 24 22 0.0860242
546 31 26 0.1219421
547 27 26 0.0542077
548 31 25 0.0414183
549 24 21 0.0789911
550 24 19 0.0423591
551 21 20 0.0366511
552 24 21 0.0394367
553 36 27 0.0411269
554 14 12 0.0805548
555 31 27 0.0409284
556 13 13 0.0411074
557 35 27 0.0344151
558 24 24 0.0675315
559 29 26 0.0794484
560 34 27 0.071408
561 43 34 0.0496492
562 28 23 0.0972363
563 28 24 0.0917047
564 20 19 0.0401856
565 28 24 0.0361713
566 29 22 0.0340822
567 29 23 0.1008968
568 32 28 0.0800317
569 48 38 0.0856065
570 18 15 0.0745459
571 19 16 0.0705007
572 35 29 0.0549423
573 23 21 0.0463712
574 17 16 0.0665381
575 20 19 0.05228
576 26 19 0.0491579
577 26 21 0.0495771
578 25 20 0.0446227
579 42 33 0.0630253
580 31 27 0.0448968
581 21 18 0.0375504
582 28 27 0.051336
583 35 28 0.0558285
584 15 13 0.0346619
585 34 29 0.0381668
586 29 25 0.039008
587 25 23 0.0422373
588 27 25 0.0329092
589 35 29 0.0426438
590 15 13 0.0531256
591 13 13 0.0370793
592 31 27 0.0368632
593 37 27 0.042723
594 40 30 0.0524929
595 36 27 0.0373541
596 41 32 0.0483655
597 27 22 0.0564504
598 31 25 0.0392844
599 25 23 0.0439039
600 27 25 0.0442129
601 43 34 0.0501304
602 28 23 0.0585639
603 42 32 0.0492914
604 24 21 0.0514194
605 26 22 0.0677955
606 25 21 0.0432315
607 18 17 0.0398321
608 24 18 0.0434644
609 25 23 0.0332261
610 37 30 0.0415346
611 28 26 0.0312545
612 27 21 0.0482017
613 23 21 0.0381097
614 31 26 0.0366866
615 39 27 0.0480328
616 38 29 0.0436691
617 31 24 0.0468829
618 29 27 0.043192
619 28 20 0.0350018
620 40 30 0.0431402
621 24 19 0.0442765
622 21 20 0.0484127
623 49 42 0.0314391
624 15 13 0.0503278
625 41 36 0.0561204
626 34 26 0.0305515
627 39 33 0.0358208
628 40 29 0.0503788
629 27 21 0.0402459
630 27 23 0.0381575
631 20 19 0.0392627
632 25 20 0.0415978
633 35 25 0.0385904
634 35 30 0.0649618
635 30 28 0.0343357
636 31 25 0.0356924
637 21 19 0.0317215
638 39 26 0.0440981
639 27 22 0.0558535
640 25 21 0.0450118
641 36 27 0.030362
642 34 29 0.0394369
643 30 25 0.049951
644 20 18 0.0541502
645 35 30 0.041093
646 28 23 0.0469479
647 38 30 0.0504698
648 17 16 0.0447678
649 25 23 0.0418344
650 32 24 0.028922
651 27 21 0.0383577
652 30 23 0.0351359
653 41 31 0.0410689
654 35 26 0.031768
655 35 31 0.0432102
656 18 16 0.0462816
657 32 29 0.0493314
658 36 29 0.0372976
659 29 24 0.0374153
660 26 23 0.0366004
661 39 34 0.0382647
662 44 33 0.039876
663 36 29 0.0386095
664 32 27 0.0354687
665 34 26 0.0494287
666 31 24 0.0392695
667 24 21 0.0376315
668 24 18 0.0379476
669 27 22 0.0387966
670 35 29 0.0407702
671 33 26 0.0424371
672 31 23 0.0417393
673 13 13 0.0380995
674 34 25 0.0330818
675 33 30 0.0357746
676 34 30 0.0307258
677 26 23 0.052656
678 32 29 0.0477589
679 22 20 0.0396281
680 21 18 0.0505089
681 35 27 0.0400265
682 42 30 0.02823
683 23 20 0.0414826
684 42 34 0.0403751
685 30 28 0.0414386
686 20 18 0.0404398
687 28 21 0.0334044
688 33 25 0.0303791
689 17 16 0.0342581
690 30 23 0.0475342
691 21 21 0.0495154
692 29 23 0.0386217
693 26 21 0.0427249
694 27 24 0.0412432
695 33 28 0.0383854
696 21 17 0.0411958
697 32 24 0.0484614
698 24 22 0.0400326
699 35 25 0.0341018
700 29 24 0.0412309
701 24 21 0.0427502
702 24 20 0.0481854
703 51 35 0.0354042
704 25 20 0.0383547
705 34 25 0.0375848
706 23 22 0.038346
707 40 33 0.0499393
708 32 23 0.0366212
709 27 20 0.0431163
710 20 17 0.0518497
711 17 17 0.0424215
712 8 8 0.0414692
713 34 28 0.0614898
714 21 20 0.0402616
715 42 37 0.0444406
716 32 26 0.0414149
717 44 34 0.041362
718 32 26 0.0480039
719 34 26 0.05123
720 23 18 0.0357461
721 32 27 0.037024
722 24 21 0.031744
723 28 22 0.0389901
724 35 27 0.042083
725 30 25 0.0407473
726 25 25 0.0436938
727 46 37 0.0361707
728 18 15 0.0561962
729 16 15 0.0442084
730 18 16 0.0454382
731 33 24 0.0519569
732 29 23 0.0360556
733 38 32 0.0417577
734 20 18 0.043885
735 36 29 0.0302558
736 18 15 0.0440657
737 40 29 0.0365396
738 25 22 0.0397724
739 30 23 0.0472911
740 26 22 0.0407078
741 27 24 0.0532306
742 35 28 0.048804
743 36 30 0.0369481
744 30 27 0.0374624
745 25 20 0.0336321
746 19 16 0.0388433
747 21 20 0.0519183
748 29 25 0.0458288
749 29 25 0.0385276
750 22 21 0.0264118
751 31 27 0.0371165
752 28 21 0.0360477
753 37 28 0.0348349
754 24 18 0.0381807
755 33 30 0.0466949
756 18 16 0.0382472
757 32 30 0.0257251
758 37 30 0.0280242
759 26 23 0.0260448
760 31 24 0.0299105
761 13 13 0.0400787
762 23 21 0.0330091
763 34 29 0.0330166
764 24 21 0.0342401
765 21 17 0.0286046
766 25 22 0.0334718
767 42 31 0.0295104
768 33 28 0.0275861
769 48 35 0.0264765
770 43 35 0.0275902
771 22 21 0.029911
772 29 24 0.0310599
773 33 28 0.0342535
774 19 17 0.0372376
775 20 16 0.0333634
776 22 19 0.0335906
777 37 33 0.0371387
778 22 18 0.0464643
779 22 20 0.0273893
780 29 23 0.0309001
781 34 23 0.0346642
782 29 25 0.0220075
783 30 24 0.0347092
784 21 20 0.0485538
785 30 25 0.0297362
786 27 23 0.0364436
787 22 22 0.0271945
788 22 21 0.0343659
789 26 24 0.0305549
790 23 18 0.0284937
791 25 24 0.034269
792 31 27 0.0411085
793 20 17 0.0431959
794 25 21 0.0351782
795 23 20 0.0363218
796 18 17 0.0394333
797 46 36 0.0392569
798 27 23 0.033844
799 37 28 0.0393943
800 34 30 0.039963
801 50 36 0.0324944
802 26 22 0.0498042
803 39 33 0.0397154
804 29 25 0.0359054
805 39 30 0.0206919
806 23 21 0.0323173
807 24 20 0.0295321
808 16 15 0.0310839
809 31 27 0.0280172
810 19 19 0.0355359
811 38 31 0.0326114
812 40 30 0.0289641
813 19 16 0.0268411
814 32 25 0.0294167
815 28 22 0.0261586
816 29 25 0.0230357
817 19 16 0.0284741
818 29 23 0.0358899
819 35 27 0.027342
820 29 23 0.0435211
821 29 27 0.0336284
822 27 21 0.026553
823 28 26 0.0280156
824 31 23 0.0198614
825 32 26 0.0255143
826 36 29 0.0283777
827 28 24 0.0320906
828 24 20 0.0305771
829 35 28 0.0288791
830 32 25 0.0287291
831 20 17 0.0250536
832 14 13 0.0255806
833 34 26 0.0229038
834 24 21 0.0276203
835 36 31 0.0265932
836 28 22 0.0285964
837 28 23 0.025966
838 30 22 0.0246067
839 16 14 0.0286431
840 35 28 0.0256445
