1 2 2 0.108337
2 2 2 0.048417
3 1 1 0.05306
4 3 3 0.026045
5 1 1 0.042668
6 2 2 0.018175
7 1 1 0.012235
8 1 1 0.023784
9 2 2 0.02231
10 4 4 0.013725
11 4 4 0.012075
12 2 2 0.009746
13 1 1 0.009684
14 2 2 0.069748
15 3 3 0.055416
16 2 2 0.026219
17 2 2 0.029505
18 1 1 0.019176
19 2 2 0.024983
20 2 2 0.009787
21 1 1 0.024987
22 2 2 0.020167
23 2 2 0.009106
24 3 3 0.022508
25 1 1 0.009543
26 2 2 0.029184
27 1 1 0.009866
28 2 2 0.00904
29 2 2 0.016971
30 2 2 0.024019
31 4 4 0.027804
32 1 1 0.035351
33 2 2 0.025449
34 1 1 0.025695
35 1 1 0.025522
36 1 1 0.014059
37 3 3 0.025089
38 1 1 0.02518
39 2 2 0.009038
40 1 1 0.025645
41 1 1 0.025317
42 2 2 0.02524
43 1 1 0.026146
44 1 1 0.0093
45 1 1 0.020815
46 2 2 0.025632
47 4 4 0.009272
48 2 2 0.009456
49 3 3 0.026569
50 1 1 0.01657
51 1 1 0.020254
52 3 3 0.029393
53 2 2 0.017663
54 2 2 0.021596
55 4 4 0.021714
56 1 1 0.014719
57 1 1 0.009949
58 1 1 0.009489
59 1 1 0.009401
60 1 1 0.009891
61 2 2 0.008961
62 1 1 0.009761
63 1 1 0.009589
64 1 1 0.022302
65 1 1 0.009701
66 1 1 0.009467
67 1 1 0.009536
68 1 1 0.009503
69 2 2 0.009948
70 1 1 0.009189
71 1 1 0.009206
72 1 1 0.00958
73 1 1 0.009096
74 2 2 0.009471
75 2 2 0.009222
76 3 3 0.008384
77 4 4 0.010751
78 3 3 0.008593
79 1 1 0.009618
80 3 3 0.010057
81 1 1 0.009181
82 1 1 0.009387
83 1 1 0.009716
84 4 4 0.00973
85 1 1 0.009535
86 2 2 0.010722
87 2 2 0.018746
88 1 1 0.027505
89 1 1 0.009551
90 1 1 0.025797
91 2 2 0.048141
92 3 3 0.024743
93 4 4 0.025488
94 2 2 0.025309
95 4 4 0.009174
96 1 1 0.025536
97 1 1 0.025012
98 6 6 0.026329
99 1 1 0.029001
100 2 2 0.025743
101 1 1 0.034489
102 2 2 0.026553
103 2 2 0.018133
104 1 1 0.018242
105 2 2 0.021976
106 1 1 0.026426
107 2 2 0.018331
108 1 1 0.01819
109 6 6 0.019044
110 4 4 0.026693
111 3 3 0.017822
112 1 1 0.018278
113 1 1 0.026883
114 1 1 0.034218
115 1 1 0.013778
116 2 2 0.009673
117 1 1 0.009481
118 4 4 0.038199
119 3 3 0.025127
120 1 1 0.02508
121 1 1 0.02262
122 1 1 0.016566
123 1 1 0.009841
124 1 1 0.026009
125 2 2 0.026074
126 1 1 0.026262
127 1 1 0.00977
128 2 2 0.008711
129 2 2 0.008665
130 1 1 0.008236
131 1 1 0.024661
132 1 1 0.024994
133 2 2 0.024985
134 3 3 0.024239
135 1 1 0.025094
136 3 3 0.025447
137 4 4 0.025956
138 3 3 0.025496
139 1 1 0.026523
140 1 1 0.044144
141 2 2 0.008515
142 1 1 0.021734
143 2 2 0.029831
144 2 2 0.025194
145 1 1 0.025456
146 6 6 0.021285
147 1 1 0.009201
148 4 4 0.009342
149 3 3 0.024846
150 1 1 0.025821
151 1 1 0.022744
152 2 2 0.021543
153 4 4 0.025382
154 1 1 0.008536
155 6 6 0.008115
156 1 1 0.009599
157 3 3 0.008472
158 2 2 0.02584
159 4 4 0.046209
160 1 1 0.017807
161 1 1 0.00959
162 1 1 0.026527
163 4 4 0.025706
164 4 4 0.017869
165 1 1 0.022375
166 2 2 0.017756
167 1 1 0.01821
168 1 1 0.009233
169 4 4 0.018096
170 6 6 0.017513
171 4 4 0.026428
172 2 2 0.01743
173 1 1 0.016967
174 2 2 0.025662
175 2 2 0.017284
176 1 1 0.016894
177 1 1 0.017052
178 1 1 0.017311
179 6 6 0.017243
180 2 2 0.013084
181 1 1 0.017854
182 2 2 0.026482
183 3 3 0.031215
184 1 1 0.021817
185 2 2 0.026033
186 4 4 0.054446
187 3 3 0.016717
188 1 1 0.010118
189 2 2 0.026396
190 2 2 0.017416
191 3 3 0.012608
192 1 1 0.0176
193 2 2 0.018214
194 2 2 0.017951
195 2 2 0.009744
196 3 3 0.017304
197 1 1 0.022185
198 1 1 0.025988
199 2 2 0.018158
200 1 1 0.026227
201 3 3 0.0087
202 1 1 0.018136
203 1 1 0.034268
204 1 1 0.034129
205 1 1 0.025808
206 2 2 0.025953
207 1 1 0.02593
208 2 2 0.025972
209 2 2 0.026425
210 1 1 0.009594
211 1 1 0.026277
212 1 1 0.012525
213 1 1 0.009273
214 4 4 0.025464
215 2 2 0.025173
216 1 1 0.033539
217 1 1 0.033909
218 2 2 0.008742
219 3 3 0.007997
220 1 1 0.008684
221 3 3 0.007811
222 1 1 0.025278
223 1 1 0.020888
224 2 2 0.024818
225 2 2 0.016737
226 1 1 0.008918
227 1 1 0.008382
228 1 1 0.024732
229 1 1 0.024731
230 4 4 0.025306
231 2 2 0.008713
232 3 3 0.022782
233 2 2 0.02508
234 4 4 0.025192
235 2 2 0.015081
236 1 1 0.00898
237 2 2 0.035246
238 2 2 0.033419
239 2 2 0.033327
240 4 4 0.049799
241 1 1 0.030325
242 2 2 0.043939
243 2 2 0.024115
244 1 1 0.027413
245 1 1 0.008925
246 1 1 0.008688
247 1 1 0.008618
248 1 1 0.008713
249 1 1 0.008554
250 1 1 0.016223
251 1 1 0.01005
252 1 1 0.009429
253 1 1 0.022549
254 2 2 0.028086
255 4 4 0.022618
256 1 1 0.009801
257 1 1 0.021211
258 1 1 0.008864
259 3 3 0.008083
260 1 1 0.02456
261 2 2 0.008329
262 2 2 0.016718
263 4 4 0.009192
264 1 1 0.022307
265 1 1 0.053222
266 2 2 0.037501
267 1 1 0.02442
268 2 2 0.008854
269 4 4 0.025285
270 2 2 0.02906
271 4 4 0.008891
272 4 4 0.008396
273 2 2 0.024767
274 2 2 0.02439
275 1 1 0.022704
276 1 1 0.032805
277 1 1 0.025046
278 2 2 0.008748
279 2 2 0.025215
280 2 2 0.019214
281 3 3 0.008315
282 2 2 0.008769
283 2 2 0.008749
284 4 4 0.041117
285 1 1 0.025114
286 2 2 0.029152
287 4 4 0.014758
288 1 1 0.009338
289 1 1 0.009196
290 1 1 0.009218
291 1 1 0.008663
292 1 1 0.009263
293 4 4 0.031424
294 1 1 0.035342
295 2 2 0.025818
296 2 2 0.029152
297 1 1 0.025118
298 2 2 0.021153
299 1 1 0.036924
300 2 2 0.025342
301 2 2 0.008475
302 4 4 0.008843
303 1 1 0.008434
304 1 1 0.025262
305 2 2 0.008631
306 2 2 0.028563
307 1 1 0.025587
308 2 2 0.028956
309 3 3 0.022152
310 1 1 0.008662
311 2 2 0.008753
312 1 1 0.008919
313 3 3 0.008867
314 2 2 0.009
315 1 1 0.009212
316 2 2 0.009384
317 1 1 0.009221
318 1 1 0.009635
319 1 1 0.009012
320 1 1 0.008645
321 1 1 0.01054
322 1 1 0.009431
323 1 1 0.02602
324 1 1 0.012416
325 2 2 0.009361
326 3 3 0.010843
327 4 4 0.008782
328 4 4 0.008647
329 1 1 0.008191
330 1 1 0.008866
331 4 4 0.008678
332 2 2 0.008347
333 4 4 0.008344
334 1 1 0.008765
335 1 1 0.009057
336 1 1 0.008827
337 1 1 0.008741
338 1 1 0.009224
339 1 1 0.009249
340 2 2 0.009266
341 4 4 0.009245
342 1 1 0.009494
343 1 1 0.008864
344 1 1 0.009212
345 1 1 0.009198
346 2 2 0.00864
347 1 1 0.013112
348 1 1 0.009365
349 4 4 0.023702
350 1 1 0.009603
351 1 1 0.009226
352 1 1 0.008695
353 1 1 0.009002
354 1 1 0.010605
355 1 1 0.009086
356 2 2 0.009253
357 1 1 0.037044
358 1 1 0.030158
359 1 1 0.025539
360 2 2 0.008638
361 1 1 0.008963
362 1 1 0.009548
363 4 4 0.009526
364 4 4 0.00933
365 1 1 0.00966
366 2 2 0.008584
367 1 1 0.00861
368 2 2 0.018771
369 1 1 0.009888
370 1 1 0.010132
371 1 1 0.010728
372 1 1 0.014219
373 4 4 0.017607
374 2 2 0.024769
375 1 1 0.008789
376 1 1 0.00875
377 2 2 0.013208
378 4 4 0.008622
379 2 2 0.008382
380 1 1 0.008521
381 4 4 0.00869
382 1 1 0.008684
383 1 1 0.022748
384 1 1 0.00841
385 1 1 0.008694
386 3 3 0.00828
387 1 1 0.03568
388 1 1 0.025325
389 1 1 0.014102
390 2 2 0.029385
391 1 1 0.014992
392 2 2 0.008504
393 2 2 0.008602
394 1 1 0.009382
395 4 4 0.014865
396 2 2 0.014286
397 4 4 0.015026
398 4 4 0.015491
399 2 2 0.016266
400 2 2 0.008288
401 1 1 0.008476
402 6 6 0.00781
403 2 2 0.008413
404 2 2 0.008332
405 1 1 0.008933
406 4 4 0.008756
407 1 1 0.01117
408 3 3 0.008464
409 2 2 0.009394
410 1 1 0.009354
411 4 4 0.009749
412 1 1 0.009142
413 1 1 0.009475
414 1 1 0.00978
415 1 1 0.00977
416 1 1 0.009897
417 1 1 0.00983
418 3 3 0.009009
419 1 1 0.010162
420 1 1 0.010057
421 1 1 0.1932106
422 2 2 0.0836187
423 2 2 0.0454628
424 4 4 0.022459
425 1 1 0.0505794
426 4 4 0.0430617
427 4 4 0.0141049
428 2 2 0.0157247
429 2 2 0.0260916
430 2 2 0.0380915
431 1 1 0.0178582
432 2 2 0.0130576
433 2 2 0.0121339
434 2 2 0.0125148
435 3 3 0.0604031
436 1 1 0.0379322
437 2 2 0.0304949
438 1 1 0.0160215
439 1 1 0.0128323
440 1 1 0.0126237
441 3 3 0.0167697
442 2 2 0.0154719
443 2 2 0.0127072
444 4 4 0.0346839
445 3 3 0.0202875
446 3 3 0.0131534
447 1 1 0.0147965
448 2 2 0.0130517
449 1 1 0.011882
450 2 2 0.0181937
451 1 1 0.0229596
452 2 2 0.0142994
453 1 1 0.0175319
454 1 1 0.0132018
455 1 1 0.0127194
456 4 4 0.0186857
457 2 2 0.0241113
458 3 3 0.0294963
459 1 1 0.0130077
460 1 1 0.0135931
461 1 1 0.0128786
462 1 1 0.0362624
463 1 1 0.024537
464 1 1 0.0146252
465 4 4 0.0134807
466 2 2 0.0148156
467 1 1 0.013842
468 3 3 0.0174892
469 1 1 0.0234916
470 3 3 0.0127658
471 4 4 0.0149978
472 1 1 0.0158336
473 2 2 0.0308955
474 2 2 0.0260773
475 1 1 0.0142831
476 1 1 0.0180373
477 1 1 0.0128144
478 2 2 0.0179804
479 2 2 0.0145982
480 1 1 0.0129127
481 1 1 0.0160445
482 1 1 0.0283424
483 2 2 0.02472
484 2 2 0.0152539
485 4 4 0.0128644
486 3 3 0.015518
487 1 1 0.0156174
488 1 1 0.0134475
489 1 1 0.0131359
490 3 3 0.0139939
491 1 1 0.0129634
492 1 1 0.0141986
493 1 1 0.0157715
494 1 1 0.0154551
495 1 1 0.0140668
496 1 1 0.0146677
497 2 2 0.0137716
498 1 1 0.0123704
499 1 1 0.0131349
500 2 2 0.0140134
501 4 4 0.0173594
502 2 2 0.0143216
503 1 1 0.0119966
504 1 1 0.013491
505 4 4 0.0161436
506 1 1 0.0137146
507 4 4 0.0406618
508 1 1 0.0129898
509 2 2 0.0137327
510 2 2 0.0130237
511 2 2 0.0216527
512 1 1 0.0289934
513 1 1 0.0248297
514 1 1 0.0141759
515 4 4 0.0135567
516 3 3 0.0141522
517 1 1 0.0251983
518 2 2 0.0131569
519 2 2 0.0154783
520 1 1 0.0130409
521 2 2 0.0242376
522 1 1 0.0269398
523 3 3 0.0138458
524 2 2 0.0129423
525 4 4 0.0146621
526 6 6 0.0266266
527 2 2 0.0257261
528 3 3 0.0114428
529 1 1 0.013241
530 2 2 0.014444
531 2 2 0.0248711
532 2 2 0.0236416
533 1 1 0.0130598
534 1 1 0.0130479
535 1 1 0.0138475
536 3 3 0.0152551
537 4 4 0.0257236
538 2 2 0.0124452
539 2 2 0.0134893
540 1 1 0.0133943
541 4 4 0.0210509
542 1 1 0.032339
543 4 4 0.0135825
544 1 1 0.0122016
545 2 2 0.0154097
546 1 1 0.0166674
547 4 4 0.0129949
548 1 1 0.0140678
549 1 1 0.0132882
550 2 2 0.0137596
551 1 1 0.0128896
552 1 1 0.0189708
553 1 1 0.0399537
554 1 1 0.014372
555 3 3 0.0119151
556 1 1 0.014973
557 1 1 0.0241625
558 1 1 0.0173412
559 3 3 0.0113284
560 4 4 0.0139681
561 1 1 0.0133085
562 2 2 0.0290669
563 1 1 0.0183375
564 3 3 0.0111289
565 1 1 0.0130008
566 1 1 0.0129377
567 1 1 0.0288163
568 2 2 0.0278057
569 2 2 0.0164965
570 1 1 0.0130215
571 2 2 0.0136768
572 2 2 0.0157649
573 1 1 0.0436749
574 1 1 0.0225783
575 6 6 0.017143
576 1 1 0.0135706
577 1 1 0.0141593
578 1 1 0.0133895
579 1 1 0.0133081
580 2 2 0.0338219
581 4 4 0.0300788
582 6 6 0.012201
583 3 3 0.0115903
584 2 2 0.0164545
585 1 1 0.0179868
586 1 1 0.0293754
587 2 2 0.0359261
588 4 4 0.0171998
589 3 3 0.0139341
590 4 4 0.0139618
591 2 2 0.0185645
592 2 2 0.0171988
593 4 4 0.0136509
594 2 2 0.0125671
595 1 1 0.0167988
596 4 4 0.0165563
597 1 1 0.0173244
598 2 2 0.0238699
599 1 1 0.0133984
600 4 4 0.0136125
601 1 1 0.0131627
602 1 1 0.0133235
603 1 1 0.0147784
604 2 2 0.0231699
605 1 1 0.0128515
606 1 1 0.0130775
607 1 1 0.0134741
608 1 1 0.0166502
609 1 1 0.016949
610 1 1 0.0135634
611 1 1 0.0148602
612 1 1 0.0121649
613 1 1 0.0140485
614 1 1 0.0143778
615 1 1 0.0235332
616 1 1 0.0141268
617 1 1 0.0136302
618 1 1 0.0170027
619 4 4 0.0133988
620 1 1 0.0139682
621 4 4 0.0157172
622 1 1 0.0209223
623 2 2 0.0132727
624 1 1 0.0128893
625 1 1 0.0126982
626 1 1 0.016098
627 1 1 0.0153758
628 1 1 0.0153764
629 1 1 0.0137123
630 2 2 0.016213
631 2 2 0.0125201
632 2 2 0.0166047
633 1 1 0.0131502
634 3 3 0.0155607
635 2 2 0.0169193
636 2 2 0.0135297
637 1 1 0.0133132
638 2 2 0.013931
639 2 2 0.0138269
640 3 3 0.0133533
641 3 3 0.0130646
642 1 1 0.0180415
643 1 1 0.0141066
644 1 1 0.0154778
645 2 2 0.0140406
646 1 1 0.0159168
647 3 3 0.0146683
648 2 2 0.0232011
649 1 1 0.0169248
650 2 2 0.013864
651 4 4 0.0143003
652 1 1 0.0132519
653 1 1 0.0142306
654 1 1 0.0135163
655 3 3 0.0126337
656 2 2 0.014521
657 4 4 0.0155273
658 2 2 0.0137969
659 1 1 0.0150308
660 3 3 0.0132507
661 1 1 0.0144968
662 2 2 0.0137507
663 1 1 0.0140594
664 1 1 0.0150274
665 2 2 0.0132997
666 6 6 0.0139113
667 2 2 0.0129956
668 3 3 0.0118404
669 2 2 0.0151761
670 4 4 0.0147576
671 1 1 0.0158834
672 1 1 0.0135602
673 1 1 0.0139907
674 2 2 0.0163152
675 2 2 0.0173172
676 1 1 0.0164475
677 2 2 0.0155369
678 1 1 0.0147266
679 1 1 0.0149098
680 1 1 0.0147559
681 3 3 0.0118998
682 1 1 0.0161496
683 2 2 0.0177838
684 1 1 0.0179821
685 3 3 0.0263776
686 1 1 0.0183845
687 3 3 0.0129161
688 4 4 0.0135643
689 2 2 0.0137521
690 1 1 0.0133212
691 1 1 0.025453
692 1 1 0.021529
693 1 1 0.0137015
694 1 1 0.0136511
695 4 4 0.0134944
696 1 1 0.0140275
697 1 1 0.0325869
698 1 1 0.0172908
699 1 1 0.0187807
700 1 1 0.0137516
701 1 1 0.0152625
702 4 4 0.0149536
703 1 1 0.0300284
704 3 3 0.0216118
705 2 2 0.014458
706 1 1 0.0129521
707 1 1 0.0150437
708 2 2 0.031384
709 2 2 0.0193347
710 1 1 0.0158408
711 1 1 0.0131519
712 4 4 0.0143555
713 1 1 0.0146046
714 4 4 0.015633
715 1 1 0.0152337
716 2 2 0.0151353
717 1 1 0.0124313
718 3 3 0.0125649
719 2 2 0.016386
720 4 4 0.0181527
721 2 2 0.013739
722 4 4 0.0132994
723 1 1 0.0128028
724 1 1 0.014166
725 2 2 0.0205685
726 1 1 0.0138089
727 1 1 0.0139958
728 1 1 0.0136671
729 4 4 0.0151864
730 2 2 0.0139989
731 2 2 0.0164312
732 2 2 0.0144251
733 1 1 0.0157139
734 2 2 0.0139431
735 4 4 0.0149456
736 4 4 0.0184669
737 4 4 0.0175541
738 1 1 0.0345885
739 1 1 0.0168257
740 1 1 0.0120155
741 1 1 0.0127833
742 1 1 0.0344281
743 6 6 0.0206307
744 2 2 0.0121113
745 4 4 0.0129263
746 1 1 0.0152297
747 1 1 0.0143422
748 2 2 0.0194772
749 1 1 0.0138856
750 1 1 0.0147351
751 1 1 0.0142891
752 2 2 0.0174647
753 1 1 0.0125942
754 1 1 0.014816
755 1 1 0.0387013
756 1 1 0.0218524
757 1 1 0.0132398
758 1 1 0.013324
759 4 4 0.0137094
760 2 2 0.0137173
761 1 1 0.01877
762 1 1 0.0141186
763 1 1 0.0133295
764 1 1 0.0129869
765 3 3 0.0157987
766 1 1 0.0217157
767 1 1 0.0139122
768 1 1 0.0126721
769 1 1 0.0121917
770 2 2 0.0131211
771 2 2 0.0124367
772 1 1 0.0128638
773 1 1 0.0124182
774 1 1 0.024358
775 4 4 0.0156448
776 1 1 0.0125426
777 3 3 0.012378
778 1 1 0.0142112
779 4 4 0.0185545
780 1 1 0.0204329
781 2 2 0.0153
782 2 2 0.0145863
783 1 1 0.0129631
784 2 2 0.0126666
785 1 1 0.0161573
786 3 3 0.0119529
787 4 4 0.015892
788 1 1 0.017068
789 1 1 0.0163744
790 3 3 0.0143758
791 1 1 0.0215066
792 1 1 0.0127092
793 1 1 0.0135764
794 1 1 0.0122855
795 2 2 0.0130059
796 2 2 0.0127433
797 1 1 0.0128186
798 1 1 0.0115666
799 2 2 0.0160654
800 2 2 0.0187202
801 1 1 0.0119911
802 2 2 0.0126154
803 1 1 0.0124934
804 1 1 0.0277717
805 1 1 0.0239984
806 2 2 0.0125968
807 1 1 0.0126905
808 2 2 0.0143641
809 1 1 0.0193117
810 1 1 0.0302649
811 1 1 0.017532
812 1 1 0.0132965
813 2 2 0.0127397
814 4 4 0.0161631
815 2 2 0.0380076
816 4 4 0.0135156
817 1 1 0.0144411
818 3 3 0.0129347
819 1 1 0.0132151
820 1 1 0.0178578
821 1 1 0.013119
822 1 1 0.01277
823 3 3 0.0109289
824 1 1 0.0206933
825 2 2 0.0159297
826 1 1 0.0125527
827 1 1 0.0130152
828 1 1 0.0142547
829 2 2 0.0259411
830 3 3 0.0271619
831 1 1 0.0126432
832 1 1 0.0152308
833 6 6 0.0128758
834 1 1 0.0243028
835 1 1 0.0130302
836 1 1 0.0133493
837 2 2 0.013137
838 1 1 0.0131345
839 6 6 0.0292287
840 2 2 0.01699
