1,12,12,0.346815
2,14,14,0.219162
3,1,1,0.126977
4,23,23,0.100364
5,5,5,0.132679
6,25,25,0.025884
7,3,3,0.022348
8,15,15,0.078711
9,11,11,0.116968
10,9,9,0.04752
11,20,20,0.034601
12,1,1,0.13595
13,7,7,0.114719
14,6,6,0.072583
15,10,10,0.107135
16,14,14,0.056833
17,6,6,0.07708
18,16,16,0.016716
19,1,1,0.1023
20,20,20,0.037592
21,33,33,0.015621
22,25,25,0.023763
23,12,12,0.015128
24,21,21,0.030229
25,23,23,0.038927
26,8,8,0.014288
27,22,22,0.009375
28,25,25,0.045796
29,32,32,0.021326
30,13,13,0.012543
31,27,27,0.013686
32,6,6,0.030592
33,22,22,0.030613
34,12,12,0.05943
35,4,4,0.012939
36,9,9,0.032292
37,10,10,0.074539
38,10,10,0.052497
39,6,6,0.043644
40,19,19,0.075945
41,18,18,0.062747
42,18,18,0.059961
43,8,8,0.065155
44,11,11,0.077457
45,25,25,0.046152
46,14,14,0.059252
47,19,19,0.075491
48,5,5,0.038088
49,1,1,0.191438
50,8,8,0.162009
51,15,15,0.010801
52,19,19,0.039342
53,12,12,0.124257
54,21,21,0.017443
55,33,33,0.013689
56,1,1,0.148212
57,22,22,0.034143
58,10,10,0.046123
59,27,27,0.047211
60,8,8,0.071594
61,18,18,0.015209
62,24,24,0.016472
63,12,12,0.060299
64,24,24,0.03306
65,18,18,0.066967
66,17,17,0.071823
67,4,4,0.034133
68,1,1,0.157683
69,6,6,0.11996
70,1,1,0.163644
71,11,11,0.016603
72,6,6,0.125682
73,23,23,0.039828
74,46,46,0.02813
75,44,44,0.012678
76,10,10,0.069661
77,1,1,0.098188
78,45,45,0.035681
79,1,1,0.111795
80,15,15,0.049851
81,18,18,0.079706
82,20,20,0.04102
83,15,15,0.032373
84,15,15,0.045643
85,1,1,0.115246
86,10,10,0.009783
87,16,16,0.055261
88,31,31,0.120303
89,6,6,0.104827
90,32,32,0.052647
91,21,21,0.036337
92,24,24,0.021492
93,30,30,0.030558
94,1,1,0.087412
95,18,18,0.093325
96,15,15,0.04704
97,18,18,0.113202
98,1,1,0.172476
99,6,6,0.139428
100,1,1,0.183197
101,11,11,0.08955
102,37,37,0.030587
103,4,4,0.01409
104,1,1,0.152376
105,24,24,0.026741
106,16,16,0.04472
107,4,4,0.021127
108,22,22,0.028725
109,17,17,0.064647
110,27,27,0.018023
111,36,36,0.017023
112,24,24,0.014148
113,1,1,0.07726
114,14,14,0.028694
115,25,25,0.017495
116,1,1,0.089857
117,26,26,0.015575
118,17,17,0.013442
119,11,11,0.042367
120,23,23,0.018591
121,25,25,0.016552
122,24,24,0.012898
123,13,13,0.064316
124,1,1,0.078083
125,10,10,0.072143
126,25,25,0.022538
127,8,8,0.105948
128,22,22,0.034439
129,1,1,0.163174
130,18,18,0.019577
131,2,2,0.033426
132,8,8,0.076458
133,36,36,0.01443
134,8,8,0.069608
135,33,33,0.016382
136,10,10,0.052389
137,1,1,0.076661
138,20,20,0.027581
139,24,24,0.023239
140,1,1,0.077552
141,39,39,0.02218
142,12,12,0.052273
143,11,11,0.022127
144,20,20,0.019599
145,27,27,0.022989
146,11,11,0.038279
147,25,25,0.013004
148,1,1,0.073553
149,16,16,0.073522
150,21,21,0.048613
151,10,10,0.102546
152,25,25,0.036057
153,28,28,0.026454
154,37,37,0.034947
155,21,21,0.015904
156,10,10,0.048994
157,16,16,0.03607
158,1,1,0.081973
159,17,17,0.053082
160,1,1,0.080436
161,24,24,0.042281
162,15,15,0.086567
163,11,11,0.011554
164,5,5,0.00897
165,21,21,0.010876
166,10,10,0.027221
167,14,14,0.032769
168,16,16,0.040784
169,16,16,0.041069
170,1,1,0.123935
171,30,30,0.03498
172,33,33,0.015761
173,18,18,0.030241
174,30,30,0.010156
175,15,15,0.054686
176,31,31,0.017457
177,7,7,0.028558
178,21,21,0.018975
179,10,10,0.071225
180,11,11,0.056093
181,24,24,0.014415
182,9,9,0.05324
183,36,36,0.011181
184,24,24,0.023424
185,5,5,0.012444
186,7,7,0.017068
187,14,14,0.04882
188,24,24,0.048678
189,26,26,0.013166
190,20,20,0.021759
191,22,22,0.033373
192,29,29,0.012547
193,10,10,0.072272
194,33,33,0.021872
195,4,4,0.019345
196,1,1,0.08208
197,24,24,0.016764
198,5,5,0.012167
199,15,15,0.041431
200,10,10,0.067775
201,25,25,0.02896
202,29,29,0.012011
203,27,27,0.026024
204,1,1,0.077027
205,35,35,0.014182
206,1,1,0.083603
207,6,6,0.02438
208,6,6,0.065803
209,9,9,0.053356
210,7,7,0.026931
211,18,18,0.022946
212,24,24,0.023675
213,9,9,0.08584
214,13,13,0.051204
215,5,5,0.028934
216,27,27,0.013475
217,1,1,0.101132
218,9,9,0.010561
219,31,31,0.011116
220,1,1,0.157126
221,10,10,0.079766
222,10,10,0.078613
223,11,11,0.047028
224,1,1,0.077559
225,9,9,0.0612
226,33,33,0.024047
227,4,4,0.075082
228,13,13,0.013023
229,20,20,0.085824
230,24,24,0.06673
231,19,19,0.080177
232,28,28,0.029316
233,35,35,0.056696
234,14,14,0.049384
235,13,13,0.144775
236,28,28,0.034988
237,7,7,0.106758
238,28,28,0.051506
239,23,23,0.059421
240,19,19,0.046836
241,21,21,0.034875
242,12,12,0.093117
243,23,23,0.017446
244,18,18,0.080247
245,15,15,0.027446
246,18,18,0.063267
247,10,10,0.052132
248,27,27,0.037818
249,1,1,0.080064
250,17,17,0.074538
251,24,24,0.062287
252,24,24,0.066516
253,12,12,0.094995
254,10,10,0.094656
255,14,14,0.027548
256,31,31,0.025895
257,28,28,0.026726
258,1,1,0.164628
259,26,26,0.028012
260,25,25,0.044121
261,10,10,0.145315
262,1,1,0.164961
263,16,16,0.016849
264,29,29,0.022278
265,16,16,0.021947
266,9,9,0.01511
267,10,10,0.067976
268,35,35,0.044392
269,26,26,0.024562
270,8,8,0.014594
271,10,10,0.069207
272,23,23,0.043298
273,6,6,0.061152
274,8,8,0.153466
275,25,25,0.021879
276,19,19,0.111626
277,10,10,0.022402
278,8,8,0.169445
279,12,12,0.048913
280,1,1,0.263705
281,1,1,0.103412
282,10,10,0.011554
283,11,11,0.009673
284,12,12,0.083275
285,1,1,0.102144
286,20,20,0.039651
287,10,10,0.068616
288,10,10,0.074981
289,16,16,0.017931
290,6,6,0.033349
291,1,1,0.105118
292,1,1,0.084835
293,5,5,0.013835
294,11,11,0.009906
295,10,10,0.132644
296,8,8,0.13792
297,15,15,0.010228
298,1,1,0.098348
299,30,30,0.023483
300,24,24,0.037376
301,10,10,0.072624
302,1,1,0.090404
303,13,13,0.067221
304,11,11,0.039812
305,1,1,0.168188
306,13,13,0.09992
307,17,17,0.091601
308,16,16,0.011408
309,14,14,0.09022
310,13,13,0.013895
311,37,37,0.027793
312,20,20,0.050155
313,13,13,0.056972
314,10,10,0.031776
315,4,4,0.016548
316,16,16,0.032759
317,14,14,0.051524
318,45,45,0.010486
319,1,1,0.106231
320,10,10,0.15782
321,17,17,0.113583
322,11,11,0.046342
323,6,6,0.060469
324,12,12,0.061135
325,19,19,0.012504
326,9,9,0.031582
327,18,18,0.080401
328,22,22,0.062216
329,10,10,0.128294
330,30,30,0.04087
331,1,1,0.080382
332,20,20,0.01162
333,1,1,0.084258
334,19,19,0.121502
335,21,21,0.044648
336,26,26,0.044228
337,6,6,0.034432
338,1,1,0.088804
339,11,11,0.049593
340,19,19,0.041767
341,1,1,0.084941
342,32,32,0.043394
343,1,1,0.123728
344,15,15,0.019743
345,10,10,0.071038
346,1,1,0.086307
347,20,20,0.04025
348,14,14,0.057657
349,10,10,0.009913
350,16,16,0.033571
351,23,23,0.031431
352,18,18,0.025277
353,8,8,0.062878
354,12,12,0.079798
355,13,13,0.015581
356,8,8,0.011545
357,18,18,0.067097
358,16,16,0.033093
359,10,10,0.078399
360,9,9,0.06236
361,1,1,0.100389
362,6,6,0.08908
363,11,11,0.029808
364,20,20,0.034143
365,16,16,0.009514
366,1,1,0.080547
367,32,32,0.017724
368,12,12,0.054755
369,13,13,0.01245
370,10,10,0.102001
371,1,1,0.072762
372,27,27,0.026293
373,29,29,0.023642
374,14,14,0.041426
375,12,12,0.007973
376,4,4,0.062793
377,22,22,0.016901
378,1,1,0.150384
379,35,35,0.024123
380,19,19,0.010921
381,7,7,0.095554
382,14,14,0.051931
383,20,20,0.045947
384,20,20,0.029563
385,16,16,0.035637
386,3,3,0.043252
387,1,1,0.088787
388,14,14,0.024613
389,21,21,0.016894
390,18,18,0.046595
391,9,9,0.040557
392,8,8,0.019254
393,14,14,0.012144
394,24,24,0.012294
395,28,28,0.025543
396,22,22,0.017001
397,22,22,0.012361
398,48,48,0.011829
399,27,27,0.014025
400,32,32,0.013103
401,13,13,0.055383
402,35,35,0.011862
403,18,18,0.040004
404,32,32,0.056037
405,20,20,0.063004
406,19,19,0.032866
407,8,8,0.06654
408,19,19,0.034338
409,23,23,0.035175
410,15,15,0.046318
411,5,5,0.040005
412,6,6,0.06188
413,10,10,0.023272
414,9,9,0.101181
415,1,1,0.110652
416,32,32,0.047316
417,1,1,0.083818
418,6,6,0.07204
419,14,14,0.057299
420,10,10,0.069412
421,22,22,0.314326
422,27,27,0.1882998
423,13,13,0.1864359
424,31,31,0.0746732
425,1,1,0.4225654
426,1,1,0.3840364
427,40,40,0.0234332
428,28,28,0.0991374
429,13,13,0.2638594
430,29,29,0.0718544
431,12,12,0.2538783
432,10,10,0.2560204
433,1,1,0.366502
434,40,40,0.0672616
435,24,24,0.071697
436,21,21,0.048755
437,8,8,0.2523046
438,6,6,0.1778809
439,9,9,0.0387657
440,15,15,0.1232861
441,1,1,0.2963455
442,11,11,0.1554562
443,34,34,0.0550466
444,15,15,0.0925501
445,24,24,0.0152886
446,17,17,0.071407
447,13,13,0.1691864
448,8,8,0.1345314
449,15,15,0.0854562
450,10,10,0.1443836
451,5,5,0.0951871
452,17,17,0.040974
453,23,23,0.0544833
454,1,1,0.2692602
455,1,1,0.2244016
456,25,25,0.0166819
457,13,13,0.0674906
458,10,10,0.0151534
459,13,13,0.1127489
460,9,9,0.0813199
461,39,39,0.0160002
462,19,19,0.109308
463,6,6,0.0555638
464,1,1,0.2428998
465,9,9,0.1146189
466,25,25,0.1203434
467,20,20,0.0234282
468,22,22,0.0658778
469,23,23,0.1068346
470,29,29,0.0256099
471,12,12,0.0306888
472,30,30,0.0521422
473,8,8,0.0221519
474,24,24,0.062641
475,18,18,0.0389723
476,14,14,0.0848452
477,32,32,0.0591037
478,4,4,0.0759369
479,8,8,0.2077796
480,24,24,0.0318122
481,31,31,0.0241388
482,22,22,0.0215465
483,18,18,0.0429688
484,19,19,0.0742767
485,12,12,0.0243157
486,16,16,0.0569902
487,27,27,0.0193577
488,25,25,0.0181744
489,18,18,0.0392868
490,1,1,0.1553676
491,13,13,0.0259967
492,14,14,0.0779992
493,30,30,0.0178967
494,8,8,0.1175452
495,10,10,0.1343462
496,2,2,0.1217514
497,12,12,0.0556146
498,1,1,0.2246078
499,7,7,0.0873101
500,1,1,0.1755747
501,1,1,0.1878271
502,22,22,0.0562968
503,42,42,0.0196895
504,1,1,0.1520009
505,1,1,0.167692
506,5,5,0.041187
507,12,12,0.1121104
508,18,18,0.0153146
509,15,15,0.0270702
510,26,26,0.0633822
511,1,1,0.1765715
512,25,25,0.0455133
513,22,22,0.0535037
514,1,1,0.1832613
515,12,12,0.0584921
516,12,12,0.0153861
517,11,11,0.078565
518,44,44,0.0251159
519,1,1,0.1600318
520,1,1,0.1793118
521,11,11,0.0316954
522,16,16,0.0241419
523,8,8,0.1280604
524,1,1,0.157075
525,23,23,0.0378952
526,1,1,0.144138
527,22,22,0.0363932
528,27,27,0.0338597
529,1,1,0.1527848
530,21,21,0.0208895
531,30,30,0.0629927
532,37,37,0.0557734
533,1,1,0.2147436
534,10,10,0.1641167
535,15,15,0.1712029
536,1,1,0.1762367
537,13,13,0.0227938
538,10,10,0.1878188
539,20,20,0.0502559
540,21,21,0.0431173
541,10,10,0.1438724
542,23,23,0.0377059
543,28,28,0.0367364
544,15,15,0.0164346
545,16,16,0.0200813
546,19,19,0.1074806
547,34,34,0.0180642
548,26,26,0.0391965
549,2,2,0.1116851
550,23,23,0.0547135
551,13,13,0.1089252
552,1,1,0.1743285
553,1,1,0.161486
554,1,1,0.1735984
555,34,34,0.0374496
556,17,17,0.0451936
557,14,14,0.1516177
558,35,35,0.0267838
559,16,16,0.0688862
560,10,10,0.1061637
561,20,20,0.0174422
562,1,1,0.1655572
563,31,31,0.0489372
564,4,4,0.0185438
565,27,27,0.0180471
566,15,15,0.1029391
567,8,8,0.1200891
568,1,1,0.2650821
569,8,8,0.190302
570,1,1,0.3916785
571,8,8,0.2536972
572,14,14,0.0238819
573,8,8,0.1865666
574,11,11,0.1065814
575,1,1,0.2454044
576,10,10,0.1923196
577,11,11,0.0854449
578,8,8,0.129131
579,33,33,0.0163065
580,1,1,0.1687531
581,10,10,0.019235
582,18,18,0.0835343
583,3,3,0.0551258
584,26,26,0.0169957
585,21,21,0.0432213
586,21,21,0.0289158
587,28,28,0.0247025
588,6,6,0.1427898
589,25,25,0.0274761
590,16,16,0.0569211
591,12,12,0.0446528
592,10,10,0.1683028
593,10,10,0.2114768
594,16,16,0.0330776
595,21,21,0.0347211
596,22,22,0.0511193
597,1,1,0.1602761
598,8,8,0.2754966
599,18,18,0.0416157
600,24,24,0.1142283
601,16,16,0.1070171
602,10,10,0.1608746
603,20,20,0.0557045
604,17,17,0.121571
605,22,22,0.1138892
606,10,10,0.0410948
607,1,1,0.1723905
608,1,1,0.2295278
609,26,26,0.0699571
610,8,8,0.0436845
611,11,11,0.0475417
612,4,4,0.1323611
613,27,27,0.0208473
614,13,13,0.0538539
615,27,27,0.0140783
616,23,23,0.0994823
617,20,20,0.0602778
618,11,11,0.0484049
619,21,21,0.0234982
620,1,1,0.2214098
621,24,24,0.0338295
622,10,10,0.1552182
623,1,1,0.2033785
624,1,1,0.2243631
625,29,29,0.0337963
626,24,24,0.0351332
627,17,17,0.0116619
628,40,40,0.0249395
629,13,13,0.0217477
630,1,1,0.1729657
631,33,33,0.0350022
632,20,20,0.0446872
633,1,1,0.1580453
634,1,1,0.1832792
635,30,30,0.033124
636,4,4,0.0541294
637,10,10,0.1321403
638,10,10,0.1284494
639,1,1,0.1621562
640,5,5,0.0136188
641,28,28,0.0197718
642,13,13,0.0980818
643,18,18,0.039792
644,27,27,0.0141441
645,21,21,0.0151746
646,1,1,0.1660103
647,12,12,0.1066448
648,6,6,0.0355996
649,1,1,0.1557666
650,32,32,0.038318
651,8,8,0.1118325
652,11,11,0.0853095
653,1,1,0.1620946
654,10,10,0.1281228
655,18,18,0.0354656
656,33,33,0.0199334
657,25,25,0.0137436
658,17,17,0.0198975
659,16,16,0.0539809
660,19,19,0.0319936
661,1,1,0.1485893
662,32,32,0.0202586
663,4,4,0.038512
664,19,19,0.0283053
665,18,18,0.0169414
666,8,8,0.1251034
667,1,1,0.1582374
668,1,1,0.1777307
669,10,10,0.1055165
670,18,18,0.1248847
671,10,10,0.1884043
672,10,10,0.0786758
673,13,13,0.1105183
674,29,29,0.0358037
675,19,19,0.0587189
676,1,1,0.185992
677,10,10,0.1583504
678,8,8,0.1301543
679,7,7,0.0427225
680,10,10,0.1368408
681,4,4,0.027142
682,1,1,0.1749928
683,29,29,0.0326925
684,10,10,0.016873
685,41,41,0.0166387
686,10,10,0.0176276
687,17,17,0.0933553
688,8,8,0.0166909
689,7,7,0.08482
690,5,5,0.0136018
691,1,1,0.1730345
692,28,28,0.0534715
693,24,24,0.0167283
694,8,8,0.1125247
695,1,1,0.1972586
696,7,7,0.0227151
697,26,26,0.0159603
698,18,18,0.1045639
699,29,29,0.0530431
700,35,35,0.0230704
701,25,25,0.0276958
702,35,35,0.0193542
703,18,18,0.0220689
704,12,12,0.0743774
705,2,2,0.1415929
706,8,8,0.0792053
707,19,19,0.0809609
708,38,38,0.0186751
709,26,26,0.0482137
710,12,12,0.0317673
711,29,29,0.0369286
712,30,30,0.025018
713,12,12,0.1178999
714,4,4,0.0216722
715,22,22,0.0452945
716,19,19,0.0957466
717,16,16,0.0358276
718,12,12,0.0292133
719,8,8,0.1304197
720,23,23,0.0474981
721,10,10,0.1775535
722,1,1,0.1694033
723,15,15,0.0646571
724,32,32,0.0425246
725,36,36,0.0233717
726,14,14,0.0961698
727,28,28,0.020294
728,14,14,0.0940986
729,13,13,0.0434034
730,19,19,0.0179965
731,4,4,0.0165243
732,19,19,0.0207378
733,21,21,0.0433308
734,1,1,0.1639661
735,30,30,0.0296949
736,4,4,0.0154229
737,8,8,0.0902084
738,27,27,0.0228853
739,31,31,0.0504157
740,8,8,0.0975412
741,12,12,0.0473993
742,6,6,0.0932425
743,1,1,0.1924027
744,15,15,0.0860945
745,1,1,0.1705529
746,30,30,0.0402793
747,15,15,0.0649683
748,21,21,0.0279119
749,19,19,0.0162545
750,1,1,0.1636894
751,18,18,0.0641141
752,8,8,0.1317879
753,14,14,0.0466776
754,10,10,0.0170173
755,1,1,0.157117
756,26,26,0.0132035
757,46,46,0.0181183
758,12,12,0.097849
759,10,10,0.0506893
760,12,12,0.0310037
761,18,18,0.0228563
762,13,13,0.0853068
763,15,15,0.0161832
764,10,10,0.0408038
765,8,8,0.13758
766,1,1,0.1703704
767,1,1,0.1759245
768,6,6,0.1132626
769,8,8,0.1309851
770,1,1,0.1641927
771,24,24,0.0143942
772,8,8,0.1346132
773,16,16,0.0225566
774,10,10,0.1015447
775,28,28,0.0170065
776,5,5,0.0166903
777,8,8,0.1281062
778,25,25,0.0269148
779,8,8,0.1410205
780,25,25,0.0395863
781,19,19,0.0640264
782,9,9,0.013607
783,14,14,0.095564
784,7,7,0.0595661
785,20,20,0.0372531
786,8,8,0.1247351
787,1,1,0.1656739
788,18,18,0.0564587
789,15,15,0.0718377
790,20,20,0.0173329
791,29,29,0.0180364
792,41,41,0.0300406
793,36,36,0.0304377
794,15,15,0.0163033
795,7,7,0.0974956
796,32,32,0.0178875
797,12,12,0.1010207
798,24,24,0.0203092
799,21,21,0.0270253
800,15,15,0.041811
801,34,34,0.0309157
802,1,1,0.1645104
803,26,26,0.023696
804,19,19,0.0616051
805,26,26,0.0304165
806,10,10,0.1349189
807,10,10,0.1637408
808,6,6,0.1191853
809,30,30,0.0219182
810,29,29,0.0638953
811,25,25,0.0276667
812,3,3,0.0211228
813,7,7,0.1072631
814,33,33,0.0228486
815,1,1,0.1928397
816,20,20,0.0249949
817,11,11,0.1088845
818,24,24,0.0811622
819,6,6,0.1475029
820,14,14,0.1039857
821,26,26,0.0329061
822,20,20,0.0361993
823,18,18,0.0323152
824,8,8,0.1238835
825,18,18,0.0938615
826,13,13,0.0419497
827,15,15,0.0698501
828,14,14,0.0943256
829,1,1,0.1972593
830,12,12,0.1485912
831,1,1,0.1707708
832,1,1,0.1595879
833,12,12,0.0762386
834,19,19,0.039935
835,18,18,0.0742184
836,34,34,0.024559
837,14,14,0.0926527
838,9,9,0.0216707
839,6,6,0.022654
840,4,4,0.0252797
