1,12,11,0.14647
2,11,11,0.041405
3,11,11,0.019934
4,12,12,0.035276
5,12,12,0.034187
6,14,12,0.017347
7,11,11,0.020429
8,11,11,0.013622
9,11,11,0.013486
10,13,12,0.012327
11,15,12,0.020554
12,11,11,0.02823
13,13,11,0.015642
14,13,12,0.013626
15,11,11,0.021997
16,12,11,0.012666
17,13,11,0.028154
18,15,12,0.011541
19,13,11,0.012538
20,11,11,0.029336
21,12,11,0.011959
22,13,12,0.016069
23,14,12,0.012226
24,11,11,0.01269
25,12,12,0.011999
26,12,12,0.013011
27,11,11,0.012986
28,12,11,0.014212
29,12,11,0.012316
30,11,11,0.012013
31,14,12,0.011626
32,13,12,0.012016
33,13,12,0.011496
34,11,11,0.012854
35,10,10,0.02023
36,13,12,0.015334
37,10,10,0.016795
38,15,12,0.012315
39,12,12,0.049342
40,11,11,0.013231
41,12,11,0.041372
42,11,11,0.040466
43,11,11,0.029735
44,12,12,0.028422
45,13,12,0.012419
46,12,12,0.013059
47,13,11,0.012136
48,11,11,0.037085
49,13,12,0.011478
50,12,12,0.011433
51,11,11,0.028326
52,11,11,0.029885
53,15,12,0.011051
54,14,11,0.012701
55,10,10,0.010214
56,11,11,0.020214
57,11,11,0.027693
58,11,11,0.029037
59,12,11,0.028498
60,13,11,0.011296
61,11,11,0.012222
62,11,11,0.011686
63,12,11,0.023083
64,12,12,0.011693
65,12,12,0.011741
66,11,11,0.012092
67,10,10,0.042011
68,12,11,0.011558
69,12,12,0.028668
70,13,12,0.01143
71,11,11,0.01162
72,12,11,0.012012
73,11,11,0.012133
74,15,12,0.027062
75,15,12,0.013452
76,12,11,0.011454
77,10,10,0.0112
78,13,12,0.011542
79,13,12,0.011897
80,11,11,0.022409
81,11,11,0.018002
82,12,11,0.012274
83,13,12,0.012106
84,12,11,0.012034
85,12,12,0.022477
86,13,12,0.031891
87,10,10,0.03061
88,13,12,0.011686
89,15,12,0.039008
90,14,12,0.035803
91,11,11,0.048583
92,13,12,0.048668
93,15,12,0.03142
94,14,11,0.036129
95,11,11,0.035013
96,11,11,0.034484
97,14,12,0.03602
98,12,11,0.035949
99,12,12,0.032
100,12,11,0.011802
101,11,11,0.024205
102,14,12,0.011553
103,13,11,0.028434
104,10,10,0.048315
105,12,11,0.039744
106,12,11,0.038113
107,12,12,0.031623
108,12,12,0.04448
109,19,12,0.034454
110,13,12,0.036296
111,12,11,0.036294
112,11,11,0.017565
113,11,11,0.047907
114,12,11,0.044789
115,14,12,0.01173
116,14,11,0.032354
117,15,12,0.037952
118,11,11,0.024336
119,13,12,0.036229
120,10,10,0.040235
121,13,12,0.036239
122,15,12,0.047551
123,15,12,0.036049
124,15,12,0.027801
125,11,11,0.02773
126,10,10,0.027482
127,13,12,0.043757
128,12,12,0.035844
129,11,11,0.02738
130,12,11,0.036433
131,12,12,0.03546
132,14,12,0.046277
133,13,11,0.052722
134,12,11,0.027515
135,12,11,0.028316
136,11,11,0.027879
137,12,11,0.027821
138,13,12,0.017263
139,13,12,0.011462
140,10,10,0.01167
141,13,12,0.010951
142,13,12,0.012022
143,13,12,0.011448
144,11,11,0.011866
145,13,12,0.011674
146,11,11,0.011666
147,10,10,0.011876
148,11,11,0.011961
149,12,11,0.011836
150,13,12,0.012074
151,12,11,0.01106
152,13,12,0.011526
153,17,12,0.010419
154,14,12,0.01286
155,14,12,0.011368
156,13,11,0.012634
157,13,11,0.011294
158,12,11,0.010873
159,12,11,0.011573
160,14,12,0.01121
161,11,11,0.011768
162,15,12,0.011589
163,15,12,0.013456
164,13,12,0.013537
165,10,10,0.013402
166,12,11,0.01378
167,11,11,0.013567
168,13,11,0.012063
169,10,10,0.01105
170,11,11,0.022104
171,12,11,0.011286
172,14,12,0.011377
173,13,12,0.011329
174,13,12,0.01167
175,10,10,0.012057
176,11,11,0.010823
177,12,12,0.011404
178,13,12,0.011513
179,15,12,0.010498
180,11,11,0.01318
181,10,10,0.013037
182,12,11,0.010642
183,11,11,0.011464
184,12,12,0.010632
185,12,11,0.010596
186,13,12,0.011162
187,15,12,0.011636
188,13,12,0.011739
189,12,11,0.012017
190,11,11,0.011534
191,14,12,0.011577
192,11,11,0.010893
193,11,11,0.011161
194,12,11,0.010587
195,12,11,0.011147
196,11,11,0.011214
197,13,12,0.009923
198,13,11,0.010155
199,10,10,0.011568
200,12,12,0.010024
201,15,11,0.010787
202,12,12,0.010682
203,12,12,0.011345
204,14,12,0.011302
205,11,11,0.011667
206,13,12,0.011028
207,14,12,0.028208
208,13,11,0.011286
209,12,11,0.011305
210,13,12,0.011126
211,12,11,0.028487
212,13,12,0.027252
213,11,11,0.011533
214,12,11,0.011313
215,12,12,0.027644
216,12,12,0.035852
217,12,12,0.035363
218,14,12,0.011064
219,13,12,0.023693
220,10,10,0.027431
221,12,11,0.035565
222,12,11,0.011509
223,12,11,0.035273
224,10,10,0.036605
225,12,11,0.037459
226,11,11,0.04468
227,11,11,0.035589
228,15,12,0.034529
229,12,11,0.031335
230,11,11,0.010845
231,12,11,0.028033
232,10,10,0.027658
233,10,10,0.027774
234,12,12,0.016742
235,13,12,0.026989
236,13,12,0.011255
237,13,12,0.027385
238,13,11,0.026792
239,12,11,0.041991
240,12,11,0.040463
241,12,12,0.014599
242,15,12,0.010542
243,12,11,0.035778
244,12,12,0.027552
245,15,12,0.018873
246,12,12,0.021505
247,13,12,0.027124
248,11,11,0.017803
249,11,11,0.02447
250,11,11,0.032893
251,13,11,0.035738
252,13,12,0.010962
253,14,12,0.011586
254,13,12,0.026427
255,12,11,0.014501
256,14,12,0.027062
257,12,11,0.010941
258,11,11,0.019347
259,15,12,0.010984
260,15,12,0.010591
261,14,12,0.011626
262,11,11,0.012057
263,13,12,0.011586
264,14,12,0.011424
265,13,12,0.010931
266,14,12,0.011266
267,11,11,0.038401
268,11,11,0.034645
269,13,12,0.024025
270,12,12,0.027456
271,12,12,0.027387
272,12,12,0.010191
273,12,11,0.01057
274,11,11,0.011684
275,12,11,0.011186
276,11,11,0.011477
277,11,11,0.010843
278,11,11,0.010508
279,13,11,0.011086
280,12,12,0.011249
281,13,11,0.012757
282,14,12,0.020172
283,13,11,0.011331
284,12,11,0.027899
285,11,11,0.011569
286,12,12,0.027785
287,11,11,0.027761
288,15,12,0.011066
289,10,10,0.012252
290,12,12,0.01196
291,12,12,0.011914
292,10,10,0.012147
293,11,11,0.011494
294,13,12,0.01078
295,11,11,0.011423
296,12,12,0.011359
297,12,12,0.012738
298,13,11,0.010796
299,13,12,0.011101
300,14,12,0.021825
301,11,11,0.013008
302,13,12,0.011096
303,11,11,0.011892
304,14,11,0.011783
305,13,11,0.012144
306,15,11,0.011647
307,10,10,0.022889
308,12,11,0.027478
309,12,11,0.021259
310,12,12,0.018654
311,12,12,0.027528
312,11,11,0.012177
313,13,12,0.010969
314,11,11,0.011278
315,14,12,0.011523
316,10,10,0.011761
317,14,12,0.010819
318,10,10,0.011963
319,14,11,0.011743
320,12,12,0.012131
321,13,11,0.011744
322,11,11,0.012074
323,11,11,0.011626
324,11,11,0.011762
325,13,12,0.011619
326,13,12,0.011442
327,13,12,0.011731
328,14,11,0.010966
329,11,11,0.011327
330,13,11,0.011262
331,13,12,0.010673
332,11,11,0.011203
333,11,11,0.011602
334,15,12,0.011506
335,10,10,0.011184
336,11,11,0.01148
337,10,10,0.011442
338,12,11,0.011072
339,13,12,0.010902
340,13,12,0.011229
341,13,11,0.011438
342,14,12,0.010964
343,11,11,0.011326
344,14,12,0.010231
345,14,11,0.010979
346,12,11,0.010816
347,12,12,0.01039
348,11,11,0.011082
349,13,12,0.010692
350,12,11,0.010955
351,10,10,0.010883
352,15,12,0.00991
353,13,12,0.0109
354,12,11,0.010793
355,13,12,0.010179
356,11,11,0.011074
357,12,11,0.011115
358,11,11,0.010674
359,12,11,0.009976
360,15,12,0.010002
361,13,12,0.011297
362,13,12,0.01076
363,13,11,0.026922
364,11,11,0.010459
365,12,12,0.010835
366,11,11,0.027794
367,11,11,0.010254
368,12,12,0.010456
369,12,11,0.009735
370,15,12,0.009488
371,11,11,0.01058
372,10,10,0.011623
373,12,12,0.010557
374,11,11,0.010969
375,12,11,0.014168
376,11,11,0.010905
377,10,10,0.010815
378,12,12,0.020654
379,11,11,0.024751
380,12,11,0.010749
381,13,11,0.011286
382,11,11,0.011025
383,13,12,0.016739
384,11,11,0.011215
385,14,12,0.011335
386,10,10,0.011092
387,13,11,0.0102
388,15,12,0.010561
389,11,11,0.011668
390,14,12,0.010706
391,17,12,0.010242
392,11,11,0.011664
393,10,10,0.01063
394,11,11,0.011249
395,14,12,0.010916
396,11,11,0.010749
397,10,10,0.010382
398,11,11,0.011124
399,13,11,0.011198
400,13,12,0.011036
401,12,12,0.011342
402,11,11,0.011188
403,15,12,0.027527
404,11,11,0.031992
405,15,12,0.011188
406,12,11,0.011616
407,12,12,0.011386
408,12,11,0.011456
409,13,12,0.010923
410,12,12,0.011226
411,11,11,0.01096
412,10,10,0.011061
413,11,11,0.016636
414,12,12,0.011286
415,10,10,0.011267
416,11,11,0.011019
417,13,12,0.010668
418,13,11,0.010698
419,12,11,0.010889
420,11,11,0.010789
421,13,12,0.387372
422,12,12,0.0944839
423,13,12,0.0430456
424,13,11,0.0938275
425,12,11,0.1498705
426,13,11,0.026922
427,11,11,0.0252329
428,14,12,0.0479409
429,13,11,0.0199106
430,14,12,0.0546693
431,12,11,0.0184821
432,13,12,0.0270002
433,12,11,0.0220767
434,13,12,0.0210471
435,11,11,0.0206996
436,12,11,0.0179924
437,12,11,0.0196488
438,12,12,0.0221292
439,10,10,0.1135343
440,12,12,0.0224991
441,13,12,0.0610212
442,11,11,0.0509053
443,10,10,0.0643462
444,11,11,0.0299059
445,10,10,0.066251
446,14,12,0.0199562
447,12,11,0.0807704
448,12,12,0.0186586
449,12,11,0.0173383
450,11,11,0.0229415
451,13,12,0.0244013
452,12,12,0.0252429
453,11,11,0.0183492
454,10,10,0.0222834
455,10,10,0.0199852
456,10,10,0.0240847
457,11,11,0.0178044
458,14,12,0.0213095
459,13,12,0.0266394
460,13,11,0.0230922
461,13,12,0.0230973
462,13,12,0.1080244
463,12,11,0.0710671
464,12,11,0.0734061
465,12,11,0.0300802
466,11,11,0.0238963
467,14,12,0.0499649
468,13,12,0.0624114
469,11,11,0.0197942
470,12,11,0.0437313
471,14,11,0.0485033
472,12,12,0.0408013
473,10,10,0.0763507
474,11,11,0.0190274
475,12,11,0.023208
476,11,11,0.0194999
477,11,11,0.0178166
478,11,11,0.1319395
479,12,12,0.1314977
480,15,12,0.0200948
481,10,10,0.1039426
482,12,11,0.0210485
483,13,11,0.1017746
484,13,12,0.0960899
485,14,12,0.0204874
486,11,11,0.0232559
487,12,12,0.023026
488,13,12,0.0173722
489,13,12,0.0221252
490,11,11,0.021008
491,13,12,0.0162428
492,12,11,0.0190604
493,12,12,0.0388253
494,12,11,0.0189796
495,13,11,0.0212162
496,12,11,0.0217997
497,12,11,0.0237248
498,11,11,0.0271583
499,12,11,0.0232226
500,13,12,0.0223703
501,13,12,0.0326407
502,13,12,0.0221681
503,11,11,0.0225401
504,11,11,0.0199146
505,13,12,0.022963
506,11,11,0.0182243
507,14,12,0.0166237
508,14,12,0.0206694
509,13,12,0.0241983
510,12,12,0.0507203
511,14,12,0.0222105
512,12,12,0.0677599
513,12,12,0.0329203
514,12,11,0.0203111
515,13,12,0.0198141
516,13,12,0.0215049
517,11,11,0.0179904
518,12,12,0.0934733
519,13,12,0.0203935
520,12,12,0.0187132
521,14,12,0.0832895
522,11,11,0.1372016
523,12,12,0.0192979
524,14,12,0.121341
525,12,12,0.1247905
526,11,11,0.1314886
527,12,11,0.0190522
528,12,11,0.1494387
529,14,12,0.0218961
530,13,12,0.0174091
531,13,12,0.0181183
532,11,11,0.0252044
533,13,12,0.0234949
534,12,11,0.1302631
535,11,11,0.0201181
536,10,10,0.0189475
537,11,11,0.0247463
538,12,12,0.0240752
539,11,11,0.0176003
540,10,10,0.1197533
541,12,11,0.02172
542,11,11,0.0255629
543,10,10,0.1383114
544,14,12,0.0200693
545,13,12,0.1324844
546,12,11,0.1458714
547,12,11,0.1461302
548,10,10,0.0187395
549,10,10,0.1320115
550,10,10,0.0196656
551,11,11,0.0214773
552,10,10,0.018703
553,12,11,0.021572
554,13,12,0.0235891
555,11,11,0.0213432
556,11,11,0.0172226
557,12,11,0.0239738
558,11,11,0.0182877
559,12,11,0.0198127
560,14,12,0.021605
561,12,11,0.0204425
562,12,11,0.0329943
563,11,11,0.0241917
564,10,10,0.1336256
565,11,11,0.1377898
566,12,11,0.020018
567,14,12,0.0169237
568,12,11,0.0279994
569,10,10,0.0239091
570,14,12,0.1221553
571,13,12,0.0203955
572,14,12,0.0235705
573,12,11,0.1451745
574,12,12,0.0209164
575,12,11,0.1352647
576,13,12,0.1128191
577,10,10,0.1075551
578,11,11,0.1016407
579,13,12,0.0292697
580,10,10,0.039007
581,11,11,0.0283845
582,15,12,0.0177701
583,13,12,0.0854821
584,11,11,0.0197686
585,11,11,0.0215865
586,13,11,0.0201187
587,10,10,0.0190279
588,13,11,0.0184531
589,13,12,0.1068811
590,12,12,0.0170123
591,15,12,0.0168413
592,12,11,0.0271439
593,13,12,0.0160294
594,10,10,0.0231308
595,13,12,0.0189929
596,12,11,0.0254965
597,12,11,0.064189
598,12,11,0.0225815
599,11,11,0.019288
600,10,10,0.0243374
601,12,12,0.0263471
602,13,12,0.021645
603,11,11,0.0228395
604,11,11,0.0194108
605,13,12,0.0200594
606,13,12,0.0180786
607,13,11,0.0195117
608,10,10,0.0199795
609,12,11,0.016626
610,13,11,0.0163478
611,12,12,0.0188697
612,12,12,0.0284123
613,12,11,0.0360148
614,15,12,0.0292735
615,13,11,0.0214426
616,15,12,0.0177587
617,13,12,0.0169888
618,13,12,0.0376249
619,13,12,0.0225807
620,13,12,0.0208809
621,14,12,0.0162245
622,12,12,0.022327
623,13,12,0.023236
624,12,12,0.0316293
625,10,10,0.0317925
626,11,11,0.018188
627,14,12,0.019168
628,12,11,0.0194806
629,11,11,0.0303009
630,10,10,0.0232888
631,13,11,0.0185356
632,10,10,0.0199562
633,13,12,0.022219
634,12,11,0.0157091
635,11,11,0.0300489
636,12,12,0.0253847
637,11,11,0.0184165
638,14,12,0.0543665
639,14,12,0.0193949
640,14,11,0.0201804
641,13,12,0.0207174
642,13,12,0.0721953
643,11,11,0.0220242
644,11,11,0.0372246
645,13,12,0.0268109
646,13,12,0.0172532
647,14,12,0.0176404
648,10,10,0.0237715
649,13,12,0.0200767
650,13,12,0.0168191
651,13,11,0.0218974
652,12,11,0.0177538
653,12,12,0.0187672
654,11,11,0.0204542
655,13,12,0.016924
656,11,11,0.0279704
657,13,11,0.024112
658,11,11,0.0210258
659,12,12,0.0200144
660,11,11,0.0283334
661,11,11,0.0250351
662,11,11,0.0216826
663,11,11,0.0229522
664,11,11,0.0198176
665,12,12,0.0223482
666,11,11,0.0202503
667,11,11,0.0181822
668,12,11,0.0180672
669,12,12,0.0277206
670,14,12,0.0256937
671,11,11,0.0268653
672,11,11,0.0176793
673,12,11,0.0245662
674,11,11,0.0212061
675,12,11,0.0210276
676,10,10,0.0255946
677,12,11,0.0170648
678,11,11,0.0209511
679,10,10,0.0192702
680,13,12,0.0201727
681,11,11,0.0194885
682,12,11,0.0176587
683,14,12,0.0626548
684,12,12,0.0239349
685,10,10,0.0176345
686,10,10,0.0230476
687,12,11,0.0248506
688,13,12,0.0161283
689,13,12,0.0185443
690,12,12,0.0201531
691,11,11,0.0177528
692,12,12,0.0202604
693,10,10,0.0197635
694,14,12,0.0211627
695,12,11,0.0182687
696,14,12,0.0225859
697,12,11,0.0207204
698,13,12,0.040419
699,13,12,0.0183356
700,12,11,0.0284998
701,10,10,0.0198985
702,10,10,0.0162015
703,13,12,0.021284
704,13,12,0.0174883
705,12,12,0.0193672
706,13,12,0.0211087
707,12,12,0.0182043
708,15,12,0.0174673
709,12,12,0.0286522
710,15,12,0.0223495
711,15,12,0.0194387
712,12,11,0.0212306
713,11,11,0.0200987
714,13,12,0.0206655
715,11,11,0.0189513
716,13,12,0.0205667
717,14,11,0.0234591
718,11,11,0.0187576
719,16,12,0.0185196
720,10,10,0.0222161
721,11,11,0.0179555
722,11,11,0.0168849
723,12,12,0.0183352
724,12,12,0.0225353
725,10,10,0.0192942
726,11,11,0.0206467
727,12,11,0.0174061
728,10,10,0.0203107
729,13,12,0.0236484
730,11,11,0.0190416
731,11,11,0.0204946
732,10,10,0.0243741
733,12,12,0.0224405
734,13,12,0.0158607
735,10,10,0.0212884
736,11,11,0.0174475
737,14,12,0.0170162
738,12,12,0.018778
739,13,12,0.023814
740,11,11,0.0174705
741,13,12,0.0245296
742,13,12,0.0190087
743,13,12,0.0168599
744,13,11,0.0171758
745,12,12,0.0134923
746,13,12,0.0174353
747,10,10,0.0166565
748,10,10,0.0146009
749,13,12,0.0103396
750,11,11,0.0128484
751,11,11,0.0114404
752,12,11,0.0162988
753,11,11,0.0223928
754,10,10,0.0162845
755,15,12,0.0126694
756,11,11,0.0131667
757,12,12,0.0144669
758,14,12,0.0170497
759,12,11,0.0147578
760,11,11,0.0108691
761,13,12,0.0195245
762,11,11,0.0177643
763,13,12,0.0156081
764,12,11,0.0128799
765,12,11,0.0094742
766,12,12,0.0171544
767,13,11,0.0128102
768,11,11,0.0138052
769,11,11,0.0114922
770,14,12,0.0117398
771,12,12,0.0088144
772,11,11,0.0087024
773,13,12,0.0114767
774,12,12,0.0105526
775,13,12,0.0137324
776,12,11,0.0091136
777,11,11,0.0086309
778,14,12,0.0122055
779,15,12,0.0089451
780,11,11,0.0115009
781,11,11,0.0102092
782,11,11,0.0124342
783,13,11,0.0158373
784,10,10,0.0092651
785,10,10,0.0137859
786,10,10,0.015008
787,13,11,0.0134453
788,11,11,0.0100353
789,12,11,0.0096746
790,13,12,0.0102894
791,13,11,0.0098133
792,12,12,0.0102057
793,15,12,0.0111569
794,14,12,0.011444
795,15,12,0.0183484
796,10,10,0.0126698
797,14,12,0.0155069
798,12,11,0.0101215
799,12,12,0.0095584
800,12,11,0.0133646
801,15,12,0.009056
802,13,12,0.0088249
803,13,12,0.0113442
804,13,12,0.0103281
805,13,12,0.0090465
806,10,10,0.0121007
807,12,12,0.0094513
808,15,12,0.0076891
809,12,12,0.0104357
810,14,12,0.0083887
811,12,11,0.0082156
812,14,12,0.0082516
813,10,10,0.0082856
814,10,10,0.0084126
815,12,12,0.0084355
816,13,12,0.0078755
817,12,11,0.0075488
818,11,11,0.0077251
819,10,10,0.0080919
820,11,11,0.0081908
821,13,12,0.0079377
822,12,12,0.0077355
823,14,12,0.0073209
824,15,12,0.0074229
825,15,12,0.0086841
826,12,11,0.008465
827,13,11,0.0079634
828,12,12,0.0078608
829,11,11,0.0075741
830,11,11,0.0083106
831,12,11,0.0077322
832,12,11,0.0079414
833,12,12,0.0078656
834,11,11,0.0077465
835,10,10,0.0077062
836,10,10,0.0085172
837,11,11,0.0091392
838,11,11,0.0076874
839,12,12,0.0075724
840,11,11,0.007574
