1 356 278 7.39708
2 280 226 4.215669
3 282 227 14.326457
4 238 197 10.578696
5 351 258 130.228196
6 282 230 2.78379
7 306 238 44.308842
8 364 298 6.258813
9 351 258 98.411183
10 352 268 39.011704
11 370 286 5.059965
12 214 192 2.848245
13 295 244 25.592999
14 268 199 13.23605
15 207 161 7.471157
16 227 183 12.89709
17 356 269 14.042788
18 353 263 17.486397
19 328 266 5.605211
20 300 228 20.068627
21 200 172 11.977534
22 257 205 9.322114
23 221 167 19.446158
24 261 206 9.444491
25 350 292 4.654855
26 398 316 2.985959
27 221 188 20.076602
28 252 201 5.659634
29 340 267 7.905317
30 352 275 14.068936
31 293 238 2.645879
32 391 299 9.477576
33 234 195 36.970039
34 447 327 2.398974
35 448 333 15.663192
36 229 171 7.054927
37 275 225 10.870706
38 357 277 5.329731
39 242 202 8.30098
40 333 272 7.147601
41 322 245 4.727633
42 272 227 4.245623
43 313 251 8.037578
44 452 337 4.771486
45 307 231 2.42504
46 367 290 11.794394
47 358 274 2.710812
48 414 323 13.237944
49 284 210 15.041021
50 338 255 3.89788
51 232 190 8.21381
52 262 224 3.671211
53 195 159 3.921263
54 351 283 4.865684
55 301 254 2.887556
56 320 259 4.344467
57 270 220 10.010439
58 443 329 27.950251
59 301 244 2.296439
60 330 267 9.481021
61 323 250 3.892347
62 373 270 135.363408
63 318 259 8.956896
64 363 288 4.240853
65 344 281 5.059721
66 261 224 14.487815
67 283 227 8.094822
68 320 246 5.921383
69 409 306 22.896406
70 285 228 14.013193
71 261 212 10.342379
72 296 219 49.517932
73 414 305 21.677045
74 213 171 33.082833
75 361 273 12.794929
76 202 160 7.961604
77 332 274 18.826176
78 304 221 38.863648
79 295 248 11.110098
80 276 211 3.968625
81 456 353 18.112717
82 276 227 5.440047
83 377 293 37.054127
84 358 283 23.031905
85 255 198 3.253304
86 307 230 4.941037
87 374 280 51.358207
88 388 294 10.181915
89 343 289 5.613363
90 362 305 2.11152
91 437 315 2.712704
92 307 238 4.64002
93 240 186 9.351942
94 393 309 8.202485
95 360 287 3.525854
96 338 252 3.70531
97 256 233 6.011602
98 341 269 2.800912
99 298 231 14.240742
100 337 259 7.027609
101 184 150 25.896879
102 383 291 29.935465
103 303 232 23.826125
104 270 229 6.875097
105 346 269 3.912279
106 340 257 25.203909
107 283 211 63.447388
108 365 284 15.191331
109 417 316 2.640258
110 257 200 8.681365
111 250 197 17.441336
112 387 307 21.80657
113 292 232 3.511396
114 336 271 4.405154
115 404 323 3.998382
116 284 214 72.561933
117 376 299 13.97415
118 232 193 5.300377
119 269 211 11.028268
120 332 269 8.418448
121 435 348 6.242936
122 235 199 7.163706
123 314 246 30.469531
124 269 210 68.212653
125 502 361 4.299431
126 336 251 7.366307
127 269 211 30.889961
128 275 215 6.107856
129 399 310 8.417173
130 228 194 6.251929
131 349 276 7.124901
132 378 308 11.052212
133 413 337 19.649084
134 474 365 11.030298
135 323 246 6.797391
136 318 251 52.978419
137 280 209 13.185838
138 404 306 3.466092
139 278 230 30.447607
140 345 275 36.574763
141 341 286 12.200754
142 318 247 18.356542
143 307 238 4.032834
144 268 215 43.059947
145 263 213 9.184908
146 388 310 5.081841
147 195 150 21.22758
148 315 243 6.384619
149 245 198 8.185478
150 305 245 14.608294
151 297 230 3.837576
152 314 260 10.832927
153 346 268 4.287593
154 373 281 29.510319
155 327 256 5.553872
156 319 252 15.696538
157 271 222 7.044756
158 275 211 88.345059
159 294 233 8.485083
160 250 193 77.818425
161 264 213 13.665911
162 366 285 19.78699
163 226 194 3.462893
164 361 268 17.979209
165 328 242 19.437846
166 302 258 6.164277
167 362 284 86.150652
168 247 198 23.92169
169 271 209 4.6271
170 262 217 8.30694
171 375 300 57.656938
172 345 284 9.00253
173 344 266 42.908381
174 336 267 14.431102
175 235 200 12.75252
176 361 278 5.786668
177 251 200 3.397962
178 388 283 22.216021
179 387 300 9.540506
180 297 230 54.901715
181 333 262 44.341072
182 274 221 25.42706
183 271 210 5.938319
184 452 352 2.056922
185 256 207 39.679898
186 204 156 7.286796
187 316 255 3.044039
188 489 381 21.577495
189 207 161 94.242589
190 208 178 7.837254
191 330 241 63.856411
192 283 217 9.369667
193 377 293 2.48553
194 392 301 7.394108
195 348 301 5.440945
196 345 264 16.675013
197 269 220 9.151921
198 259 194 25.024493
199 274 222 15.483959
200 327 262 1.730021
201 297 220 11.79405
202 378 297 23.437859
203 453 338 1.751848
204 297 239 3.476724
205 379 296 5.596764
206 329 243 112.447048
207 293 235 14.369315
208 414 310 8.00803
209 245 209 9.417161
210 207 173 29.217246
211 269 202 35.269222
212 329 255 16.729838
213 371 287 4.5237
214 349 280 6.460992
215 350 270 2.141751
216 333 270 25.537707
217 409 319 3.69764
218 362 290 9.734865
219 347 266 19.047754
220 352 246 40.986337
221 477 374 6.388087
222 305 251 20.782009
223 306 244 3.446588
224 311 242 6.664179
225 310 243 3.438885
226 306 247 32.648767
227 354 266 5.575173
228 127 100 20.081019
229 362 295 5.179083
230 297 232 29.849512
231 376 276 14.599002
232 359 275 23.408422
233 351 275 4.117344
234 376 304 3.421301
235 285 236 5.549202
236 357 264 14.122539
237 359 274 35.924146
238 325 271 4.836742
239 270 213 39.104631
240 372 291 3.465717
241 367 278 51.380922
242 316 248 4.573861
243 282 226 5.614272
244 335 295 3.374039
245 429 305 27.458589
246 255 198 10.998934
247 307 247 7.111077
248 271 217 13.799813
249 256 211 11.420876
250 285 224 35.924482
251 384 304 2.496997
252 213 168 29.852258
253 273 222 27.843252
254 301 231 4.508661
255 305 244 27.362115
256 363 282 3.48468
257 189 160 10.415104
258 451 342 0.691565
259 305 241 6.538503
260 328 252 21.872417
261 261 201 24.377974
262 265 204 7.211529
263 291 238 4.141875
264 274 208 8.392057
265 386 305 3.957509
266 287 230 4.566307
267 278 216 9.031589
268 301 247 28.867388
269 237 196 9.298839
270 316 249 86.361941
271 311 259 7.778866
272 384 291 12.517865
273 299 242 14.43062
274 368 273 2.642969
275 361 263 60.765962
276 312 252 4.720614
277 420 308 2.318364
278 240 205 5.705861
279 323 256 1.924432
280 295 257 5.219458
281 378 304 2.667687
282 239 198 26.967354
283 254 199 7.372723
284 365 295 2.244243
285 437 333 7.734025
286 251 202 9.549421
287 235 187 14.179955
288 316 246 66.188977
289 324 254 13.356354
290 417 309 26.849313
291 285 219 8.519106
292 328 262 8.573892
293 226 198 14.567524
294 328 276 5.855047
295 207 172 26.124003
296 177 144 11.543117
297 346 274 41.96223
298 163 133 10.397757
299 197 162 9.877895
300 398 309 12.506102
301 290 249 10.034183
302 262 194 100.944564
303 291 233 57.835085
304 167 145 4.866557
305 286 226 5.50056
306 262 208 5.227781
307 319 251 15.591724
308 338 256 7.905567
309 257 212 7.465073
310 341 252 27.555922
311 261 211 18.122135
312 314 252 12.442655
313 370 290 7.357687
314 398 289 2.89255
315 259 210 10.465097
316 301 237 7.622071
317 426 338 2.624155
318 381 289 32.802993
319 331 259 9.498658
320 246 189 5.916391
321 456 345 22.413284
322 387 298 20.731842
323 271 202 13.708451
324 331 278 2.852744
325 247 181 4.415544
326 416 318 19.089601
327 235 181 13.081469
328 327 253 2.508486
329 214 163 48.415706
330 288 224 29.012065
331 384 309 7.915376
332 250 211 2.301973
333 165 123 6.902835
334 429 332 19.482324
335 304 242 3.607983
336 315 244 21.507791
337 315 247 5.744098
338 263 212 9.082293
339 292 240 7.630984
340 375 286 8.539138
341 416 342 0.377485
342 304 249 15.197752
343 303 240 21.355747
344 344 261 45.334382
345 337 249 17.72319
346 386 296 5.740455
347 384 304 48.810616
348 249 214 2.390549
349 395 300 11.119457
350 303 246 3.194925
351 371 288 111.579562
352 250 215 9.82563
353 420 323 25.294063
354 246 204 8.469065
355 336 253 17.971825
356 353 291 2.355795
357 424 312 4.35563
358 301 257 5.702699
359 343 280 17.014525
360 362 277 19.970244
361 178 155 5.606636
362 292 245 7.520497
363 307 253 6.916574
364 319 247 18.133276
365 413 305 9.968084
366 440 344 2.043982
367 266 207 22.159964
368 311 229 11.246888
369 195 158 19.801665
370 360 276 2.32409
371 324 253 4.873419
372 342 274 2.087951
373 207 162 17.983423
374 361 294 76.430249
375 305 257 9.895487
376 341 262 4.890331
377 303 241 13.874848
378 281 208 15.590401
379 218 167 18.899744
380 174 143 8.351586
381 412 329 18.362768
382 408 311 5.066506
383 345 269 1.691965
384 357 292 5.831958
385 412 297 1.150133
386 241 193 17.264423
387 437 338 2.336851
388 313 252 10.614726
389 402 307 31.390863
390 297 243 3.702661
391 287 222 23.243726
392 352 290 16.980489
393 317 254 20.440334
394 340 259 2.248205
395 229 197 11.720257
396 356 266 8.343393
397 351 286 47.593576
398 316 240 9.974661
399 305 232 8.746142
400 314 264 22.762313
401 407 319 3.576896
402 296 225 7.669303
403 393 326 2.822129
404 182 154 11.455842
405 364 285 14.4084
406 351 265 6.133622
407 192 167 3.594749
408 435 322 3.219484
409 210 169 19.046031
410 368 294 2.968561
411 340 260 10.16139
412 307 242 24.297323
413 101 82 16.897527
414 203 168 5.581096
415 369 284 24.865981
416 252 195 12.22915
417 263 209 16.315875
418 211 155 55.029649
419 271 230 4.104841
420 246 203 10.180888
421 330 261 8.3038738
422 398 319 33.3921277
423 434 331 1.4095456
424 342 257 21.2845127
425 292 230 37.9111527
426 351 276 9.9395612
427 339 257 2.857895
428 344 261 16.164699
429 257 217 24.3539387
430 248 204 13.7905926
431 411 317 2.5862824
432 362 300 15.2927655
433 369 291 4.5631531
434 288 239 5.2616637
435 297 234 22.0249916
436 358 271 11.5228226
437 230 198 6.5217993
438 216 171 15.7901492
439 246 200 14.8261464
440 278 210 10.1640354
441 266 209 6.7027007
442 365 268 8.5398845
443 316 244 16.2640268
444 312 240 11.1083249
445 347 277 3.4470159
446 275 236 2.3145782
447 258 206 31.5040131
448 245 203 5.0382746
449 420 296 21.0275009
450 300 238 10.6673096
451 337 254 5.2056797
452 286 219 15.9605094
453 446 328 14.7037638
454 321 258 6.1690986
455 253 207 7.075713
456 277 243 1.9330838
457 296 244 11.7881353
458 237 188 4.5598897
459 364 276 43.2956093
460 362 289 4.9690107
461 291 228 9.4632251
462 396 298 36.7425164
463 170 152 8.5149543
464 356 270 13.9346371
465 195 155 28.3551044
466 354 280 10.7654593
467 360 289 6.1209109
468 339 278 7.0539065
469 274 219 12.2219496
470 321 257 5.7359985
471 294 228 5.0164855
472 411 315 9.0451516
473 222 185 14.7643495
474 277 239 18.0340432
475 278 223 24.8878157
476 208 169 7.465534
477 424 322 16.8185647
478 355 271 5.1757517
479 330 266 5.1344753
480 284 227 7.6328124
481 257 205 10.1576202
482 284 240 4.5872716
483 375 274 9.9317579
484 452 343 4.1962321
485 232 205 11.5875789
486 247 191 13.5919545
487 237 194 6.2283747
488 226 187 9.871162
489 247 213 11.8512421
490 386 308 15.6151789
491 278 215 24.3224994
492 167 144 15.8964841
493 496 363 24.2925946
494 289 231 57.0794072
495 225 197 6.0424655
496 370 288 8.3880479
497 440 336 3.4143572
498 231 174 75.9234792
499 298 240 4.454007
500 419 312 8.5591504
501 357 263 31.4159315
502 290 238 6.0116485
503 383 292 16.9245347
504 221 175 4.4999359
505 447 343 1.8997139
506 384 295 28.4941847
507 454 331 18.7416253
508 338 248 7.367609
509 320 260 5.4355841
510 311 234 49.4621109
511 305 226 32.4537321
512 280 219 40.3840498
513 282 219 15.4533544
514 379 293 6.539403
515 386 290 2.6114734
516 233 195 8.0867732
517 209 181 7.4290659
518 390 280 50.2705607
519 344 282 6.2554568
520 171 131 23.0208809
521 359 273 11.770674
522 299 223 48.4388668
523 355 264 12.0523712
524 321 256 52.51256
525 334 268 5.6023791
526 206 177 9.2780994
527 331 253 8.0894491
528 375 289 19.7947822
529 224 173 21.7379474
530 270 211 6.5733534
531 193 147 45.5590052
532 293 235 6.1847516
533 326 260 20.1911056
534 248 208 7.3799487
535 380 300 6.5696028
536 250 178 61.21581
537 339 254 2.7787454
538 329 252 17.0942768
539 336 266 4.8417745
540 265 213 48.2470886
541 403 290 17.1461739
542 325 253 23.8842796
543 342 261 14.1522705
544 366 294 4.1946217
545 276 206 44.5205646
546 439 343 2.7303871
547 324 246 12.1301225
548 292 230 3.9616524
549 337 277 4.5421966
550 282 243 9.384978
551 203 160 9.5082859
552 345 258 8.6643192
553 267 225 3.5729184
554 264 229 14.4511595
555 332 254 10.3084766
556 389 305 16.2198791
557 298 239 11.6616532
558 220 182 6.2824185
559 384 298 4.2464662
560 319 257 23.190994
561 350 271 28.6144084
562 328 248 19.5941335
563 345 255 29.6367532
564 316 243 6.3157007
565 185 169 5.6597411
566 370 291 3.9710794
567 273 223 3.3427225
568 398 314 15.4313375
569 213 174 8.9237262
570 346 269 10.718974
571 297 239 32.0679846
572 354 276 49.1131281
573 386 287 10.1128718
574 305 231 47.8586949
575 315 246 7.9455571
576 304 225 11.8033979
577 189 161 9.2074287
578 356 279 10.2354757
579 372 282 36.6680673
580 359 273 11.6981915
581 217 181 24.1712564
582 282 214 9.156893
583 211 173 14.7749288
584 255 206 18.8074007
585 380 286 20.6920596
586 364 288 12.9209656
587 464 348 2.3921605
588 320 251 4.7829101
589 342 263 2.5687149
590 321 254 6.2086861
591 335 270 2.3569034
592 378 282 52.8277985
593 473 345 11.4934184
594 278 232 5.029707
595 402 313 17.4738742
596 304 232 6.8418108
597 279 206 32.4524458
598 323 259 14.841964
599 294 220 30.2359808
600 447 326 6.6400329
601 318 245 3.692326
602 420 308 39.0736512
603 235 185 12.5924444
604 349 270 8.6061115
605 267 217 12.2983832
606 354 267 10.6280658
607 214 185 9.0072302
608 298 239 5.3671377
609 323 233 15.5668278
610 294 240 8.3102312
611 383 321 3.5105155
612 257 207 19.2417275
613 356 286 4.240836
614 316 233 39.1184908
615 394 290 15.3981383
616 280 212 10.9445133
617 349 280 10.8504697
618 295 246 10.309057
619 311 239 21.0823836
620 298 234 15.8326681
621 409 321 1.7152646
622 316 240 21.8890975
623 288 239 11.5601701
624 285 236 4.0207485
625 330 277 7.2234081
626 238 196 15.1480539
627 261 226 8.0668385
628 404 308 5.4991794
629 287 245 5.615897
630 366 279 7.8604621
631 420 319 1.2984669
632 340 264 3.8857568
633 318 238 2.0902578
634 338 286 6.7904225
635 255 186 45.3981483
636 347 281 4.0905259
637 298 224 7.4427112
638 367 287 18.0655406
639 262 219 6.9163432
640 259 216 8.7148523
641 240 186 24.7038069
642 303 243 12.9740228
643 317 239 4.490051
644 277 210 28.0719945
645 361 291 3.4935794
646 356 277 21.7101382
647 364 283 5.0511696
648 473 350 0.5025127
649 282 225 14.0799703
650 265 219 3.819042
651 313 267 7.4354631
652 344 270 25.28454
653 348 277 8.0568385
654 312 248 4.2128848
655 430 316 14.3837892
656 256 211 13.5227374
657 274 227 7.413968
658 267 218 5.0671236
659 371 293 3.1195143
660 414 302 4.2557596
661 348 263 21.9103315
662 234 193 9.3624925
663 255 195 6.6731389
664 371 283 4.3647767
665 294 242 5.1530269
666 293 235 2.7576194
667 408 316 5.1715153
668 241 203 5.3864127
669 444 320 3.444607
670 266 221 5.3602244
671 188 151 14.2311009
672 329 248 4.6317333
673 413 317 1.6594579
674 195 157 5.4016809
675 251 205 29.5932885
676 330 260 4.042307
677 379 303 6.2271675
678 280 241 10.1891761
679 283 230 11.2321595
680 329 265 3.2735978
681 336 270 13.5068947
682 337 272 14.2132677
683 319 245 4.6857357
684 321 250 11.6496398
685 342 286 3.1245334
686 357 281 21.6571508
687 289 222 15.015734
688 210 159 17.1369522
689 289 223 6.1366175
690 276 230 7.0914281
691 242 193 5.4268498
692 231 180 7.3160733
693 343 264 7.3288304
694 346 284 1.6352531
695 285 227 3.5139928
696 320 252 8.2554223
697 253 190 18.1244159
698 239 181 19.0037044
699 227 194 3.7810482
700 325 256 12.7379423
701 248 200 1.6886863
702 344 267 4.9888591
703 313 262 1.5579542
704 309 254 6.1808301
705 360 278 9.4347857
706 263 230 8.5346487
707 340 264 17.376552
708 221 181 3.9692666
709 344 279 2.7908627
710 287 222 3.2039602
711 394 282 10.0245975
712 274 225 9.1361494
713 206 165 4.0890722
714 318 242 6.5580741
715 311 226 45.8676865
716 295 237 20.0213326
717 214 175 5.5587816
718 297 235 39.1830835
719 276 211 5.740761
720 381 303 14.3068515
721 299 227 24.3027084
722 246 208 3.084939
723 329 263 3.3476862
724 387 300 0.8322268
725 329 251 15.6544272
726 340 269 9.3429679
727 307 248 3.1088971
728 247 205 3.0436076
729 354 281 7.2094112
730 460 333 14.8465583
731 426 319 2.1799144
732 259 221 5.761536
733 229 176 12.1749001
734 270 210 12.5423624
735 344 263 9.6237795
736 307 237 5.4361744
737 227 187 11.2968667
738 321 246 21.8136514
739 332 266 4.5855588
740 395 304 3.4328262
741 337 269 4.6257481
742 293 231 11.4108968
743 249 202 6.48428
744 381 288 18.2570701
745 407 322 3.7340462
746 275 219 4.3710191
747 213 167 9.0670486
748 217 164 19.9155457
749 365 284 6.0739579
750 358 277 28.6888012
751 354 279 3.718744
752 463 350 34.782575
753 254 210 2.9287532
754 261 207 7.3992174
755 326 267 8.4530734
756 323 251 14.9798868
757 374 283 3.8022876
758 264 215 3.068258
759 389 297 6.5420488
760 272 218 16.0127305
761 329 258 6.0602781
762 207 163 17.3780675
763 352 264 15.5153907
764 299 249 15.2186684
765 364 272 13.8129048
766 309 256 9.1515284
767 274 231 14.023718
768 330 274 3.0315353
769 302 263 3.5019759
770 341 263 5.173293
771 281 230 13.0448226
772 238 200 15.8598689
773 257 214 7.7317424
774 228 186 25.2550976
775 259 208 3.9323771
776 268 230 3.2311012
777 360 278 4.744511
778 259 214 16.9060054
779 254 193 3.6964269
780 379 284 25.5238675
781 291 245 20.4280335
782 260 207 7.927091
783 338 262 12.5918513
784 189 155 7.4172238
785 323 244 2.7654434
786 271 210 10.4330916
787 198 166 6.802366
788 379 305 4.1046931
789 333 273 3.7608486
790 316 250 8.6429405
791 194 161 13.6259331
792 405 293 3.2443839
793 356 281 73.6139865
794 213 182 6.0582538
795 264 219 15.9894604
796 258 214 3.2728504
797 254 211 17.6888667
798 323 262 11.0566259
799 400 298 2.2474702
800 354 257 38.2820675
801 343 271 5.3570503
802 235 187 16.4584663
803 181 159 8.64104
804 212 180 4.799538
805 334 260 18.8203616
806 336 272 17.4289925
807 262 211 5.2217967
808 350 275 31.1443151
809 241 195 8.2115824
810 248 186 7.8441833
811 316 246 16.2233776
812 362 274 4.8259136
813 366 268 12.8834253
814 313 257 4.7613112
815 402 307 24.2977413
816 420 319 3.1560144
817 330 259 12.9922196
818 334 271 13.034842
819 153 124 4.6904853
820 357 281 4.4583889
821 393 319 3.2655983
822 384 294 2.6819999
823 328 263 7.848713
824 300 241 2.9537343
825 228 167 22.5219224
826 360 267 4.1349542
827 234 193 6.4025908
828 253 203 7.4770922
829 306 253 10.9425012
830 450 338 2.0900887
831 212 195 4.6526182
832 325 264 3.0695553
833 328 260 3.8468611
834 319 260 17.3223327
835 383 305 16.2162002
836 500 363 2.1761823
837 238 195 6.7908023
838 330 259 2.7874158
839 406 310 2.4788558
840 320 249 9.7237859
