1 53 42 0.5341
2 58 48 0.277678
3 68 53 0.170168
4 99 80 0.107235
5 42 34 0.157043
6 81 67 0.132369
7 60 48 0.227573
8 47 37 0.482995
9 91 69 0.164603
10 98 75 0.176132
11 89 68 0.084019
12 82 61 0.134817
13 83 69 0.219494
14 84 65 0.253555
15 96 78 0.103178
16 88 67 0.106519
17 65 53 0.097081
18 86 58 0.131905
19 64 49 0.211963
20 55 42 0.253795
21 65 50 0.19178
22 71 60 0.120614
23 74 60 0.164326
24 63 51 0.293738
25 72 55 0.168445
26 103 79 0.130456
27 80 66 0.163839
28 69 53 0.209743
29 95 73 0.240831
30 85 68 0.227448
31 88 69 0.196158
32 78 61 0.207839
33 100 81 0.282114
34 77 62 0.22407
35 95 78 0.157053
36 53 44 0.149194
37 87 67 0.142512
38 70 62 0.171889
39 84 64 0.224428
40 99 83 0.147902
41 78 64 0.288021
42 67 56 0.10986
43 67 53 0.147467
44 121 94 0.112882
45 61 44 0.1664
46 78 58 0.222192
47 60 51 0.192845
48 83 72 0.131597
49 65 48 0.112982
50 91 66 0.169081
51 48 41 0.125138
52 89 64 0.121427
53 83 69 0.149308
54 99 77 0.192204
55 60 51 0.187728
56 84 61 0.316237
57 84 64 0.204644
58 93 77 0.076784
59 71 57 0.167094
60 69 55 0.108359
61 67 53 0.160747
62 73 61 0.228916
63 54 48 0.156924
64 72 56 0.115464
65 89 64 0.101469
66 78 63 0.198865
67 54 46 0.1244
68 86 69 0.09463
69 62 50 0.162229
70 75 60 0.164135
71 67 58 0.123063
72 79 60 0.122576
73 95 75 0.111725
74 67 50 0.222131
75 65 49 0.129449
76 69 56 0.083632
77 101 78 0.125389
78 57 48 0.144423
79 78 61 0.13186
80 86 61 0.227756
81 98 71 0.091424
82 66 48 0.121569
83 87 77 0.154348
84 75 60 0.175789
85 87 67 0.178504
86 77 56 0.410972
87 83 63 0.180975
88 65 52 0.106595
89 98 72 0.195102
90 63 56 0.223408
91 94 68 0.092167
92 87 68 0.150343
93 85 68 0.124086
94 78 64 0.18936
95 73 59 0.283579
96 76 57 0.1998
97 84 62 0.152026
98 85 64 0.282081
99 61 52 0.275493
100 89 66 0.331323
101 90 66 0.130168
102 53 41 0.27511
103 83 65 0.079298
104 69 54 0.186595
105 72 55 0.140687
106 111 82 0.488204
107 75 62 0.083459
108 84 64 0.141287
109 94 75 0.117362
110 65 56 0.178143
111 74 57 0.127272
112 88 70 0.200968
113 106 88 0.147727
114 102 69 0.232066
115 140 102 0.171336
116 72 59 0.154283
117 82 63 0.092305
118 61 50 0.13976
119 75 56 0.0999
120 92 71 0.183813
121 52 45 0.206095
122 73 60 0.116712
123 67 53 0.113262
124 86 68 0.117364
125 77 65 0.27796
126 84 65 0.212204
127 93 72 0.198544
128 78 61 0.331894
129 83 61 0.141909
130 85 61 0.183825
131 97 73 0.103759
132 66 56 0.138263
133 95 69 0.092801
134 82 60 0.333558
135 82 69 0.101506
136 118 85 0.117115
137 53 42 0.106113
138 80 63 0.083918
139 81 65 0.175055
140 99 69 0.104297
141 79 65 0.140924
142 76 61 0.147924
143 110 71 0.18057
144 70 57 0.186209
145 79 63 0.087484
146 64 52 0.090033
147 101 74 0.095174
148 66 54 0.14441
149 86 69 0.101981
150 65 55 0.112592
151 70 51 0.235625
152 65 48 0.211057
153 81 63 0.117882
154 82 60 0.200125
155 94 73 0.134503
156 100 75 0.267298
157 101 74 0.233555
158 106 79 0.200233
159 66 56 0.13846
160 104 76 0.168954
161 98 76 0.126397
162 80 59 0.091207
163 111 84 0.162686
164 90 69 0.135223
165 84 62 0.17341
166 81 66 0.143375
167 74 54 0.211613
168 74 59 0.152774
169 82 67 0.097782
170 95 68 0.100047
171 110 79 0.115416
172 89 67 0.186388
173 71 58 0.171933
174 100 78 0.165251
175 97 66 0.124292
176 72 62 0.131788
177 64 52 0.142737
178 88 64 0.104769
179 74 61 0.141204
180 91 67 0.121589
181 88 70 0.16744
182 72 54 0.131387
183 65 52 0.171027
184 59 49 0.208068
185 108 71 0.09955
186 48 42 0.175729
187 86 66 0.17556
188 63 52 0.188068
189 99 77 0.200531
190 42 40 0.183825
191 82 65 0.153602
192 82 61 0.133069
193 85 64 0.218924
194 103 81 0.147289
195 66 54 0.275046
196 47 40 0.29357
197 80 60 0.140877
198 82 70 0.122318
199 77 59 0.14964
200 64 52 0.150691
201 63 51 0.237047
202 90 63 0.115113
203 102 81 0.098697
204 103 79 0.086269
205 87 73 0.167505
206 70 55 0.169601
207 72 57 0.173882
208 78 63 0.114534
209 72 57 0.318159
210 102 75 0.175423
211 60 44 0.133929
212 81 61 0.150948
213 110 72 0.10053
214 70 48 0.135501
215 67 48 0.132677
216 90 60 0.116794
217 82 57 0.128391
218 79 66 0.149093
219 86 69 0.100392
220 61 49 0.115563
221 80 66 0.097559
222 69 55 0.264314
223 62 52 0.129587
224 63 54 0.212581
225 82 70 0.213592
226 73 61 0.197131
227 43 38 0.416498
228 69 54 0.172485
229 68 54 0.177983
230 92 72 0.130337
231 93 68 0.142727
232 87 65 0.136122
233 73 57 0.101582
234 60 46 0.155246
235 75 61 0.116426
236 101 76 0.230002
237 51 38 0.184908
238 88 63 0.347915
239 64 49 0.25398
240 99 74 0.175252
241 62 58 0.111721
242 86 64 0.302202
243 86 66 0.157666
244 93 66 0.156793
245 79 60 0.175599
246 76 62 0.215196
247 82 69 0.117111
248 96 73 0.14666
249 70 58 0.136562
250 46 38 0.218419
251 122 87 0.249526
252 55 43 0.152214
253 102 68 0.258165
254 78 59 0.148053
255 85 69 0.143654
256 69 56 0.137137
257 81 61 0.165924
258 45 37 0.142796
259 58 46 0.123917
260 65 55 0.109109
261 111 76 0.082548
262 84 59 0.079085
263 76 52 0.28808
264 84 71 0.133134
265 94 67 0.08112
266 56 42 0.297604
267 79 61 0.170808
268 64 51 0.134205
269 99 74 0.132879
270 70 54 0.116858
271 60 50 0.136405
272 56 46 0.16366
273 75 61 0.07587
274 86 66 0.137366
275 86 70 0.192919
276 65 49 0.326638
277 63 52 0.150151
278 51 38 0.210969
279 111 85 0.127384
280 84 63 0.16525
281 86 69 0.149561
282 97 70 0.137676
283 55 44 0.150628
284 121 93 0.086967
285 83 64 0.121778
286 81 64 0.15363
287 72 64 0.178269
288 62 51 0.218691
289 93 66 0.095534
290 55 44 0.160432
291 109 79 0.131672
292 89 68 0.130986
293 76 57 0.218377
294 86 64 0.167187
295 79 61 0.194736
296 93 74 0.143313
297 62 56 0.124109
298 94 71 0.081148
299 98 74 0.208315
300 88 67 0.099979
301 75 59 0.115989
302 65 54 0.142993
303 76 54 0.155624
304 75 54 0.184718
305 75 61 0.123791
306 72 56 0.095512
307 67 59 0.16969
308 38 36 0.172435
309 77 57 0.109784
310 114 81 0.213896
311 62 49 0.178435
312 94 76 0.116782
313 88 62 0.130902
314 68 55 0.095873
315 94 68 0.18322
316 78 58 0.079822
317 72 62 0.170467
318 98 75 0.188831
319 68 53 0.168886
320 56 41 0.172923
321 83 71 0.069456
322 72 54 0.198075
323 50 41 0.149698
324 74 56 0.252514
325 70 59 0.091831
326 103 77 0.147093
327 91 67 0.123166
328 84 68 0.092802
329 94 69 0.101352
330 69 58 0.120481
331 62 50 0.132219
332 60 46 0.183504
333 72 57 0.15739
334 112 85 0.13198
335 89 67 0.161425
336 61 47 0.110407
337 61 52 0.083003
338 103 79 0.165738
339 45 39 0.125811
340 64 53 0.104007
341 109 76 0.079782
342 102 79 0.086688
343 70 50 0.19191
344 107 83 0.15123
345 62 47 0.171193
346 93 77 0.097541
347 80 59 0.186821
348 69 58 0.13207
349 74 56 0.088875
350 68 51 0.111334
351 83 70 0.10897
352 108 76 0.142161
353 99 76 0.077135
354 71 59 0.162876
355 67 53 0.114364
356 82 66 0.449133
357 80 67 0.092277
358 93 77 0.090596
359 64 52 0.122437
360 52 43 0.195355
361 68 53 0.18194
362 74 60 0.133429
363 75 60 0.232546
364 75 59 0.087064
365 66 54 0.145286
366 89 69 0.105853
367 103 71 0.16009
368 112 81 0.104311
369 92 70 0.123689
370 132 98 0.069125
371 92 65 0.162615
372 67 54 0.117485
373 58 45 0.117563
374 93 68 0.25386
375 68 53 0.151532
376 100 74 0.183641
377 85 63 0.106024
378 60 48 0.195037
379 105 72 0.108312
380 85 62 0.079112
381 101 73 0.156916
382 92 64 0.244996
383 70 54 0.154571
384 74 57 0.134506
385 107 85 0.141975
386 72 55 0.155033
387 61 48 0.164555
388 77 59 0.205435
389 76 64 0.29672
390 111 79 0.134582
391 64 53 0.177227
392 62 48 0.247391
393 103 77 0.165005
394 81 59 0.09991
395 80 66 0.111953
396 55 47 0.133175
397 84 63 0.092742
398 90 66 0.161991
399 68 57 0.142859
400 72 57 0.186416
401 65 53 0.175696
402 80 68 0.113018
403 71 52 0.111814
404 80 63 0.195254
405 92 70 0.165364
406 61 57 0.131774
407 76 58 0.080868
408 71 52 0.142876
409 119 88 0.101252
410 111 82 0.210584
411 79 59 0.187443
412 121 83 0.11048
413 75 61 0.161583
414 65 52 0.134433
415 64 53 0.154644
416 57 49 0.13985
417 78 58 0.297421
418 72 55 0.120503
419 91 67 0.127961
420 70 60 0.11837
421 64 51 0.4603609
422 83 66 0.2800895
423 84 69 0.3811671
424 93 69 0.5110983
425 96 74 0.3020847
426 78 58 0.3715098
427 102 84 0.1994078
428 83 61 0.2146129
429 75 57 0.2256936
430 76 57 0.2159359
431 79 67 0.2328492
432 99 75 0.2438811
433 108 80 0.2720452
434 49 37 0.214668
435 78 56 0.2653958
436 90 68 0.3856128
437 67 49 0.4253991
438 60 48 0.184856
439 103 81 0.2805773
440 87 62 0.2281211
441 56 46 0.2609542
442 68 53 0.2608788
443 93 76 0.2673508
444 72 55 0.3719456
445 101 78 0.3774117
446 78 63 0.3143752
447 80 66 0.2606886
448 103 69 0.2192638
449 75 58 0.2871304
450 75 58 0.3103883
451 96 72 0.1959911
452 74 59 0.5127926
453 58 52 0.3970569
454 80 59 0.2800404
455 76 58 0.3691981
456 76 58 0.3181546
457 112 80 0.2329564
458 71 57 0.3595301
459 97 77 0.2674505
460 79 63 0.2945934
461 89 67 0.1786989
462 137 102 0.121963
463 85 61 0.256368
464 90 64 0.2222174
465 112 89 0.2741355
466 89 65 0.3106878
467 105 78 0.2200224
468 61 50 0.3258124
469 75 60 0.2926908
470 76 69 0.2358633
471 75 58 0.2117484
472 96 72 0.4057085
473 75 57 0.3296273
474 82 64 0.2143929
475 84 63 0.3060598
476 85 63 0.329297
477 75 64 0.2839227
478 77 60 0.241881
479 74 54 0.2484915
480 99 74 0.2779679
481 119 87 0.2056124
482 99 78 0.3106689
483 48 42 0.3564714
484 91 68 0.1918927
485 34 28 0.4213145
486 67 49 0.3336838
487 70 53 0.3800577
488 79 61 0.3632082
489 65 54 0.2240311
490 98 80 0.2044874
491 78 65 0.2802034
492 63 54 0.2498372
493 40 38 0.2530705
494 84 67 0.4323968
495 110 79 0.3005668
496 62 51 0.3003762
497 85 72 0.2586252
498 84 60 0.1617067
499 105 73 0.1946067
500 77 59 0.3039845
501 65 55 0.263846
502 39 33 0.3521862
503 57 47 0.2636419
504 92 69 0.1962674
505 51 44 0.3260693
506 101 81 0.2333725
507 74 57 0.2879767
508 82 60 0.1871859
509 97 75 0.4277467
510 82 67 0.3721816
511 83 64 0.2219943
512 69 56 0.4061954
513 90 62 0.213247
514 101 77 0.1596487
515 90 69 0.164144
516 71 54 0.236462
517 52 41 0.2784599
518 69 52 0.411742
519 74 59 0.2602573
520 64 50 0.2751149
521 90 71 0.3052144
522 84 60 0.2635136
523 36 34 0.3619393
524 94 71 0.2375177
525 96 73 0.2491857
526 77 59 0.2351337
527 89 62 0.3422492
528 97 69 0.2932044
529 77 59 0.2706898
530 99 78 0.2367834
531 106 82 0.3147167
532 61 49 0.237571
533 73 57 0.1806294
534 108 81 0.2187552
535 80 73 0.5353287
536 80 65 0.2112178
537 76 60 0.3962743
538 76 62 0.2133993
539 104 73 0.2874549
540 111 83 0.3246035
541 72 55 0.5553345
542 65 52 0.2299567
543 94 72 0.2810359
544 81 63 0.275545
545 95 68 0.7119874
546 67 51 0.2494367
547 79 63 0.4256258
548 94 72 0.420566
549 90 73 0.2679061
550 83 66 0.3151824
551 75 58 0.2307327
552 58 49 0.3020632
553 74 56 0.2161208
554 77 54 0.3797754
555 106 81 0.3215358
556 73 59 0.2406592
557 79 63 0.2661737
558 70 53 0.3091774
559 76 59 0.3320552
560 83 61 0.2823659
561 65 57 0.3310226
562 72 54 0.3948525
563 61 54 0.2845386
564 63 49 0.1893836
565 84 66 0.1825577
566 71 52 0.236784
567 73 62 0.1706911
568 76 62 0.2877872
569 69 55 0.3078364
570 74 52 0.2234524
571 78 62 0.2335669
572 79 67 0.3593722
573 68 55 0.4102851
574 56 48 0.4211016
575 71 55 0.2197873
576 81 59 0.2176096
577 68 56 0.223416
578 98 77 0.2265162
579 93 67 0.1568296
580 81 64 0.2480433
581 61 48 0.3307745
582 93 65 0.2624013
583 66 56 0.3524582
584 68 55 0.1505044
585 75 58 0.1951783
586 92 67 0.1910746
587 80 63 0.2693244
588 79 65 0.1559547
589 77 59 0.216398
590 74 59 0.1171041
591 61 47 0.1502206
592 71 48 0.1209681
593 61 53 0.1632366
594 50 42 0.2351492
595 83 67 0.1228558
596 77 56 0.1762491
597 66 55 0.1720671
598 85 66 0.1038557
599 103 72 0.0967012
600 67 57 0.1590886
601 79 60 0.1818116
602 93 71 0.151466
603 73 57 0.1461599
604 71 55 0.1552757
605 82 70 0.1209417
606 85 71 0.1998978
607 76 60 0.154033
608 70 59 0.1194309
609 77 57 0.1461251
610 104 75 0.1294167
611 83 66 0.1259347
612 81 63 0.1542016
613 107 78 0.1188259
614 71 56 0.1908318
615 61 54 0.1739577
616 84 66 0.112353
617 55 42 0.1459776
618 86 67 0.1277266
619 91 66 0.1155659
620 69 51 0.2300108
621 91 68 0.1305452
622 86 64 0.12989
623 67 54 0.1235776
624 83 62 0.1649075
625 69 54 0.1502081
626 79 59 0.149627
627 68 59 0.1340979
628 77 57 0.1633492
629 81 66 0.1677136
630 86 69 0.102461
631 75 57 0.145989
632 79 61 0.1487981
633 82 67 0.1246553
634 79 55 0.1903117
635 91 70 0.1298292
636 74 60 0.1663682
637 86 60 0.1133119
638 55 49 0.2107066
639 64 52 0.1454523
640 87 66 0.1061161
641 73 53 0.1320114
642 90 76 0.1037976
643 106 73 0.1033634
644 78 61 0.1165079
645 76 61 0.108348
646 105 79 0.1362551
647 83 68 0.1315566
648 59 51 0.1748948
649 90 73 0.1025366
650 108 84 0.0982543
651 71 60 0.1348402
652 67 60 0.1049432
653 69 52 0.1145886
654 90 60 0.0730178
655 101 81 0.1163721
656 43 36 0.1674104
657 91 68 0.1444951
658 92 63 0.1245324
659 75 53 0.1411728
660 112 84 0.1006813
661 87 65 0.171459
662 87 64 0.1436722
663 85 63 0.2093559
664 113 83 0.1093303
665 71 52 0.1252157
666 61 52 0.1542347
667 84 68 0.1229736
668 68 57 0.1240274
669 69 58 0.1643365
670 66 51 0.1988491
671 70 51 0.1764724
672 72 55 0.1216015
673 82 68 0.1528706
674 52 43 0.171327
675 49 39 0.1249775
676 63 49 0.1304458
677 63 51 0.1381929
678 88 71 0.0825392
679 79 55 0.2040635
680 75 61 0.0889087
681 40 33 0.1851306
682 60 50 0.1514527
683 75 63 0.2094519
684 54 46 0.1475782
685 106 79 0.1135245
686 68 54 0.1602076
687 67 55 0.2339241
688 65 51 0.1493874
689 92 69 0.1005116
690 76 58 0.2733755
691 49 44 0.1045001
692 72 57 0.1136872
693 87 64 0.0758608
694 77 65 0.0944514
695 81 63 0.1582022
696 84 68 0.0986714
697 76 61 0.0950125
698 62 49 0.1183629
699 71 60 0.0816497
700 84 63 0.1473243
701 70 57 0.1230742
702 96 66 0.1195762
703 85 62 0.1543232
704 57 47 0.1471519
705 104 78 0.1361415
706 86 70 0.1186609
707 75 60 0.097601
708 70 57 0.103915
709 105 80 0.1247068
710 82 65 0.117962
711 70 60 0.0850735
712 110 82 0.1133736
713 59 53 0.1400407
714 68 62 0.0938367
715 60 47 0.1197567
716 93 72 0.0991169
717 71 53 0.1228766
718 89 71 0.1198503
719 99 75 0.1264201
720 79 60 0.1010782
721 73 56 0.0866341
722 83 63 0.0933293
723 44 41 0.1482898
724 70 53 0.1071298
725 86 66 0.1166624
726 53 42 0.1307292
727 56 49 0.1580853
728 68 53 0.0956743
729 48 39 0.1408107
730 84 58 0.0829693
731 82 62 0.0789026
732 100 82 0.0585515
733 67 54 0.0966615
734 45 39 0.1829057
735 75 58 0.1174964
736 59 47 0.140209
737 72 62 0.1181101
738 58 57 0.124142
739 72 61 0.0656632
740 60 46 0.0919817
741 80 59 0.0798583
742 80 63 0.0973623
743 58 44 0.1155445
744 69 59 0.1040518
745 55 48 0.1089658
746 67 53 0.1085347
747 78 58 0.0928617
748 117 82 0.0749206
749 86 68 0.0777217
750 60 47 0.0988784
751 84 65 0.1112858
752 98 81 0.094063
753 72 53 0.0789328
754 81 58 0.1413097
755 89 68 0.1098634
756 77 56 0.1667469
757 48 37 0.1590544
758 84 67 0.1162426
759 84 65 0.1062248
760 74 58 0.0832792
761 76 56 0.1188796
762 70 60 0.0851385
763 88 77 0.0903751
764 79 58 0.0941948
765 60 45 0.1007696
766 62 51 0.1031093
767 70 50 0.1215542
768 70 52 0.1048652
769 83 64 0.0824532
770 70 55 0.0919518
771 64 55 0.1175202
772 73 53 0.0684988
773 72 57 0.0744074
774 52 43 0.1045111
775 91 75 0.0713912
776 77 64 0.1107213
777 75 61 0.0932466
778 87 70 0.1055661
779 104 75 0.0820579
780 49 38 0.1513986
781 111 80 0.0695333
782 67 54 0.0970839
783 76 56 0.0996769
784 83 66 0.0889858
785 83 66 0.0943248
786 73 58 0.1163445
787 76 55 0.080568
788 95 73 0.0794632
789 94 73 0.1168505
790 63 52 0.1003927
791 54 47 0.097401
792 108 81 0.0753293
793 83 67 0.0788364
794 90 70 0.0581344
795 51 45 0.0982859
796 82 66 0.1001421
797 62 51 0.0670747
798 79 58 0.1170937
799 96 68 0.1294598
800 73 59 0.1017148
801 66 57 0.0949327
802 83 60 0.0905977
803 93 73 0.0412283
804 90 66 0.0696443
805 63 51 0.0846808
806 68 50 0.1303326
807 98 72 0.0878024
808 57 46 0.1113445
809 51 45 0.1008728
810 82 66 0.058187
811 83 59 0.0699715
812 67 52 0.0983152
813 59 53 0.1163118
814 72 57 0.0994003
815 83 62 0.1198626
816 87 67 0.0857351
817 105 87 0.0924804
818 84 59 0.1046313
819 68 51 0.0788102
820 98 75 0.0739789
821 87 68 0.0886474
822 89 65 0.10434
823 76 60 0.1159444
824 57 49 0.0660628
825 67 54 0.1141969
826 87 66 0.0861385
827 83 70 0.0822189
828 89 65 0.0797192
829 106 75 0.071921
830 114 80 0.0926716
831 94 68 0.073313
832 69 54 0.0931209
833 52 45 0.0946168
834 105 79 0.0628852
835 82 64 0.0775788
836 62 50 0.0953081
837 76 59 0.0940375
838 72 60 0.0674378
839 71 60 0.0734419
840 74 60 0.112533
