1 154 127 1.068477
2 152 119 0.858918
3 160 118 0.787439
4 88 72 1.033447
5 155 130 1.115125
6 144 121 0.988628
7 116 95 1.441305
8 161 124 1.710439
9 195 146 0.637228
10 149 120 0.731816
11 171 131 0.795207
12 139 115 2.830027
13 112 89 1.099838
14 134 98 0.909718
15 196 147 0.576681
16 109 89 0.677591
17 175 141 0.574995
18 154 118 0.630431
19 188 142 0.928372
20 218 169 1.208133
21 211 159 0.899386
22 174 127 1.280746
23 215 157 1.296728
24 132 107 1.323836
25 177 134 0.914723
26 191 135 0.917357
27 173 137 0.93581
28 159 123 2.946137
29 142 109 1.070876
30 133 107 0.67908
31 230 169 0.313708
32 155 118 0.750207
33 128 104 1.587892
34 200 149 0.302493
35 158 114 0.673249
36 140 120 0.63468
37 186 140 0.581235
38 211 159 0.529106
39 162 132 0.916564
40 183 141 0.597658
41 170 143 0.532519
42 167 130 8.318132
43 166 137 0.943534
44 181 143 1.276733
45 106 81 1.360696
46 157 130 0.554131
47 150 118 0.80019
48 125 102 0.920215
49 122 109 0.717814
50 186 144 0.669891
51 180 140 0.585153
52 178 128 1.028594
53 153 116 0.785732
54 136 104 1.164058
55 169 134 0.595438
56 131 105 0.874667
57 137 101 1.335605
58 134 111 0.77237
59 141 111 0.545917
60 141 116 0.903143
61 143 124 0.426066
62 219 170 0.898384
63 127 104 0.679958
64 223 174 0.872871
65 170 137 1.314925
66 109 89 0.858834
67 199 145 1.931922
68 236 177 1.083563
69 141 115 0.695515
70 151 119 1.252739
71 155 118 4.209138
72 185 144 1.174507
73 150 125 1.079784
74 178 138 0.934598
75 175 131 0.484323
76 153 117 0.772474
77 163 128 0.707573
78 137 103 0.664136
79 141 108 2.418462
80 124 100 0.458138
81 188 146 0.704127
82 189 148 1.005108
83 165 121 1.324747
84 164 128 1.236979
85 186 143 2.117726
86 181 135 0.667939
87 160 124 0.532819
88 199 152 0.837183
89 136 110 0.438075
90 189 139 2.874954
91 173 131 0.560416
92 159 117 1.4906
93 185 147 0.965821
94 263 197 1.833591
95 156 127 3.908553
96 132 103 1.015821
97 287 195 3.487823
98 168 130 0.551759
99 180 144 2.449401
100 159 126 1.605702
101 213 168 0.514454
102 206 161 0.658758
103 166 125 0.832657
104 156 116 0.731317
105 226 170 2.979507
106 202 155 0.677331
107 163 130 1.207705
108 98 80 1.037057
109 194 149 1.001324
110 210 163 0.862221
111 204 136 3.741449
112 253 193 1.09738
113 201 154 0.467636
114 175 129 0.87919
115 122 92 1.250036
116 137 108 0.860485
117 184 139 0.591258
118 146 115 0.941597
119 136 105 0.440022
120 164 121 0.994332
121 107 84 0.961183
122 185 142 0.612023
123 135 110 0.773609
124 110 93 0.619711
125 160 117 1.065509
126 155 125 0.750707
127 147 111 1.012091
128 163 129 0.270552
129 207 148 0.715672
130 163 117 0.935207
131 213 160 0.894219
132 218 175 1.906603
133 196 143 0.783389
134 183 135 3.541654
135 175 147 0.489325
136 189 156 1.005319
137 201 147 1.185342
138 180 132 0.447276
139 78 60 1.096012
140 163 121 0.730763
141 204 146 1.761187
142 152 120 0.917352
143 167 121 1.255438
144 160 127 0.725297
145 148 122 2.974234
146 134 113 0.761524
147 212 167 0.305607
148 109 91 1.84179
149 123 94 1.109812
150 179 135 0.987508
151 106 83 1.283249
152 175 132 1.292291
153 147 125 0.782071
154 215 152 0.764818
155 159 130 0.510492
156 167 128 1.282521
157 173 138 0.803861
158 159 131 0.952999
159 156 122 1.17161
160 166 138 0.34276
161 177 141 0.672908
162 178 144 0.592936
163 179 135 1.270065
164 150 120 0.509642
165 175 131 0.43043
166 147 115 1.282015
167 137 105 0.588158
168 178 142 0.981047
169 158 121 0.819173
170 184 134 0.908927
171 167 128 1.166955
172 160 108 1.467784
173 232 162 0.42335
174 111 93 0.92116
175 224 157 1.059867
176 209 156 0.786992
177 156 127 0.638686
178 156 119 0.828115
179 191 149 1.715217
180 181 139 0.706966
181 228 173 0.991072
182 164 119 0.317507
183 199 150 0.990611
184 160 125 0.436091
185 153 124 0.517534
186 175 129 1.286401
187 168 124 9.615903
188 156 125 0.531335
189 224 161 1.400835
190 133 112 0.598279
191 139 112 1.265422
192 208 156 1.691779
193 168 129 2.600301
194 221 169 0.802891
195 181 137 0.427223
196 203 161 1.038735
197 160 133 0.878138
198 134 94 1.582587
199 172 131 0.738076
200 157 126 1.158106
201 222 173 2.237623
202 166 125 1.928091
203 199 152 2.291004
204 208 153 0.841597
205 111 88 1.321215
206 149 116 1.029653
207 251 169 0.784605
208 160 126 0.32825
209 159 127 0.650952
210 127 107 1.203311
211 197 143 0.372261
212 166 133 0.808098
213 162 129 0.84865
214 178 143 0.414992
215 146 123 0.828609
216 185 141 0.403165
217 214 154 0.53385
218 188 145 3.867685
219 140 117 0.936935
220 178 139 0.489367
221 240 185 0.820837
222 195 136 1.138626
223 151 122 0.426873
224 181 138 1.147431
225 110 88 4.916343
226 260 198 0.275539
227 96 77 0.752743
228 167 132 0.891953
229 179 142 1.590312
230 220 160 0.823559
231 166 129 1.458865
232 164 125 1.702132
233 125 103 2.353289
234 178 137 0.296554
235 182 147 0.817379
236 143 102 1.729895
237 169 127 0.720659
238 161 115 3.936845
239 143 110 1.2309
240 100 75 1.174979
241 150 118 3.021352
242 215 157 0.953952
243 165 125 1.806656
244 159 137 0.79863
245 181 131 0.981031
246 175 128 0.593473
247 184 141 0.827431
248 171 142 0.527907
249 189 137 0.496976
250 168 137 0.751083
251 152 123 0.89678
252 209 161 1.089163
253 173 136 0.701127
254 146 112 1.001875
255 130 87 1.95529
256 169 136 0.498459
257 110 88 0.776936
258 207 145 0.592148
259 196 146 0.496242
260 205 151 0.760926
261 155 123 0.687561
262 269 198 0.522149
263 146 109 0.745875
264 141 106 1.022804
265 135 102 1.855084
266 200 162 1.143508
267 149 131 0.557809
268 194 142 0.92949
269 161 127 0.804491
270 101 83 1.325092
271 206 155 0.806697
272 180 130 0.498388
273 234 169 1.764387
274 168 142 0.383013
275 90 70 0.86502
276 186 138 0.63044
277 134 97 1.09101
278 122 97 1.34688
279 139 111 0.88236
280 161 123 0.391782
281 154 124 0.895607
282 154 135 0.46066
283 157 118 0.861594
284 144 118 0.619366
285 156 115 2.93711
286 174 131 0.340614
287 188 139 0.483871
288 228 165 0.386565
289 167 127 0.6807
290 144 107 2.872953
291 173 142 0.802171
292 219 154 0.654853
293 184 149 0.598918
294 179 138 1.526258
295 155 121 1.134803
296 123 104 1.080793
297 159 118 1.42658
298 113 89 0.98065
299 191 140 6.929416
300 191 135 0.686457
301 216 171 0.965663
302 124 102 1.766916
303 191 147 0.744619
304 137 104 1.798839
305 210 171 0.708385
306 117 94 0.823913
307 201 148 18.213259
308 147 114 0.691304
309 157 125 2.270348
310 220 171 0.324413
311 197 145 0.810413
312 138 106 1.597624
313 186 150 1.458261
314 194 148 0.50844
315 123 102 2.460382
316 139 109 0.902176
317 164 125 2.8827
318 183 133 0.579531
319 162 125 0.720455
320 109 90 1.378979
321 198 153 0.44645
322 190 150 1.955184
323 151 118 1.376924
324 157 127 0.702941
325 147 114 0.688561
326 132 104 1.159386
327 203 146 0.474739
328 188 143 1.445361
329 135 110 0.826889
330 137 112 1.169043
331 152 116 0.645105
332 164 115 0.665692
333 185 136 0.711011
334 213 154 0.781083
335 156 114 1.765829
336 124 93 0.977003
337 148 115 0.876334
338 184 144 0.415888
339 214 156 0.413716
340 132 101 0.726406
341 196 142 4.187231
342 174 129 0.475721
343 116 93 1.473881
344 148 122 0.403384
345 174 126 0.428641
346 159 128 0.490515
347 151 120 0.333119
348 171 128 1.12585
349 144 106 1.619158
350 163 132 0.417607
351 148 126 0.560238
352 212 166 0.512693
353 205 149 0.671371
354 183 144 0.821104
355 185 141 0.33624
356 160 124 0.978489
357 170 130 0.466716
358 152 119 0.568626
359 151 113 0.797085
360 178 145 2.449024
361 210 160 1.210856
362 173 133 1.576053
363 215 169 1.262281
364 189 137 1.218964
365 125 113 1.28493
366 163 123 1.329659
367 216 170 0.556666
368 190 146 0.762853
369 186 137 0.50306
370 168 132 1.024724
371 179 148 0.583028
372 144 113 0.989289
373 122 95 2.121585
374 164 129 0.56055
375 117 98 0.702794
376 168 132 0.683636
377 138 103 0.652474
378 194 160 0.363844
379 187 136 1.075929
380 141 109 0.54409
381 172 127 0.892525
382 161 125 0.609374
383 150 119 0.878024
384 186 140 0.366912
385 207 152 0.675144
386 178 140 0.504469
387 156 129 0.647062
388 182 140 1.218793
389 140 119 0.988422
390 229 169 0.61651
391 268 181 1.102966
392 187 150 1.766798
393 188 150 0.67067
394 266 180 0.625252
395 183 143 1.14021
396 212 167 1.260465
397 205 147 0.704221
398 165 130 0.724896
399 178 141 1.278553
400 126 101 0.549742
401 114 85 1.394064
402 187 143 3.219216
403 166 117 0.488378
404 130 108 0.524581
405 186 137 0.847952
406 147 120 0.684639
407 181 142 3.131005
408 157 121 1.098593
409 178 144 0.494036
410 167 136 0.787191
411 206 152 4.455836
412 163 124 0.930563
413 136 117 0.641617
414 208 154 0.710828
415 190 145 0.698361
416 209 173 0.706931
417 165 131 0.61411
418 184 136 0.294024
419 122 92 2.810891
420 174 134 0.499203
421 120 99 2.6881503
422 187 139 1.7480327
423 162 111 0.9824526
424 249 168 1.3695144
425 198 151 1.69344
426 162 120 1.7421117
427 207 148 1.4814681
428 144 105 1.9157492
429 167 116 1.6766891
430 123 91 1.6271496
431 171 126 1.0950329
432 195 145 1.0289744
433 154 129 1.2585663
434 130 95 1.3925564
435 144 113 0.9772503
436 187 137 1.2570237
437 159 119 1.6847596
438 128 102 1.1546568
439 212 162 1.00899
440 183 131 1.2888987
441 163 129 0.7992456
442 158 124 1.73084
443 176 123 1.9195214
444 160 123 1.1676662
445 170 137 1.3042113
446 125 100 1.0525601
447 131 97 5.0752501
448 181 139 1.1011718
449 170 126 1.7657828
450 144 112 3.6611328
451 193 145 2.157047
452 235 165 1.9674145
453 107 86 1.4480752
454 143 117 1.3137839
455 146 116 0.9124266
456 178 134 3.8726658
457 179 137 0.974137
458 157 126 1.1528474
459 155 107 0.9885687
460 207 160 0.7149888
461 229 165 0.9074168
462 224 169 3.9008396
463 171 135 1.5656039
464 193 147 0.9542728
465 152 117 1.1361225
466 121 93 1.3955579
467 128 102 1.0508712
468 151 117 1.7572815
469 188 146 1.1026977
470 151 120 1.6571843
471 179 131 10.1164631
472 135 105 1.190073
473 165 130 0.906722
474 201 141 0.6271438
475 220 158 1.2820731
476 133 105 1.0979674
477 175 130 0.9810382
478 198 148 0.8770687
479 226 167 0.8673889
480 165 130 1.1089808
481 123 93 2.3451762
482 173 133 1.1605055
483 150 118 1.4685655
484 210 158 0.9959875
485 165 128 1.5422989
486 139 106 0.9481666
487 164 133 1.059208
488 186 141 1.1941574
489 184 143 0.5556492
490 149 116 1.3316967
491 115 93 0.7200462
492 134 103 1.7152052
493 152 113 1.2077166
494 204 163 0.8459186
495 179 137 1.00079
496 135 104 2.5213671
497 132 106 2.7075867
498 120 92 2.2298094
499 180 138 1.1282688
500 181 139 0.7280842
501 146 122 1.4163213
502 172 135 0.9029846
503 203 153 0.923791
504 118 97 1.2661532
505 160 113 1.5975316
506 179 140 0.6569884
507 118 97 1.2569097
508 144 112 1.4363203
509 175 131 0.8455528
510 140 115 1.7234909
511 150 122 0.6726895
512 175 135 0.7138271
513 167 129 1.1470503
514 190 137 0.9494646
515 114 97 1.2420582
516 121 103 0.7561139
517 238 171 2.180775
518 94 76 2.6962502
519 171 133 3.3780877
520 199 137 1.2885142
521 164 127 3.1239224
522 120 101 0.9472513
523 199 144 1.1106739
524 123 104 0.7954622
525 174 130 1.2497919
526 224 165 0.6292265
527 151 117 1.4085978
528 150 110 0.9698378
529 163 131 1.0577195
530 210 147 0.6009626
531 144 110 1.1447616
532 75 61 1.5246742
533 172 132 1.7666302
534 162 122 3.8375278
535 179 148 0.9365867
536 209 160 0.9359459
537 136 103 0.8066723
538 130 95 1.0070371
539 176 142 0.7383165
540 166 117 0.5212771
541 148 109 1.1864316
542 199 149 0.7159177
543 174 136 1.1154758
544 158 129 1.1019138
545 254 184 0.9283838
546 180 138 1.7655039
547 199 148 0.8611074
548 160 114 0.7902465
549 148 121 0.8288494
550 147 112 2.6609656
551 114 99 0.8399402
552 139 111 1.3713564
553 161 132 0.7011529
554 155 118 0.5632881
555 157 134 0.6296479
556 149 110 3.7482515
557 200 145 0.693372
558 186 136 0.5688907
559 173 134 0.4757768
560 157 117 2.8534523
561 164 122 0.7787571
562 206 149 1.3222632
563 123 95 0.9356588
564 171 126 1.6043399
565 145 104 1.2679791
566 173 134 1.5567687
567 223 167 0.4824474
568 119 88 0.8346484
569 143 119 0.8186775
570 161 126 0.672475
571 186 147 0.678711
572 95 74 1.2417355
573 198 151 0.4350975
574 167 124 1.0187342
575 188 142 0.4456573
576 177 129 0.8832945
577 211 148 0.742171
578 178 132 0.9764413
579 174 140 0.9222367
580 216 164 0.5845281
581 179 135 1.0279371
582 97 79 1.5237387
583 168 131 0.6576563
584 187 141 0.2183799
585 252 185 1.2405239
586 134 107 1.5646409
587 157 120 0.7781376
588 143 114 0.9096762
589 172 135 0.8980878
590 175 136 0.8185772
591 142 114 0.9611384
592 186 142 0.8071537
593 150 110 1.0190616
594 155 122 0.8113408
595 133 106 0.8448247
596 163 128 1.4195654
597 146 110 0.8612434
598 184 144 0.707946
599 118 89 0.6986972
600 206 153 0.75109
601 119 96 0.8354853
602 150 121 0.4793926
603 135 105 0.639211
604 163 123 0.7676124
605 157 114 1.089777
606 135 118 0.9687056
607 155 135 0.8343483
608 215 166 0.4359597
609 125 102 0.6185848
610 169 137 0.77449
611 156 135 0.7323885
612 139 111 1.1111783
613 132 110 0.8333185
614 142 107 0.5173882
615 173 135 0.611142
616 165 131 0.4983252
617 151 120 0.9179874
618 238 166 0.3074091
619 121 100 0.9347915
620 167 131 0.6981204
621 131 102 1.0706697
622 171 128 1.7484382
623 194 158 0.5504627
624 173 143 0.587344
625 101 85 0.7942819
626 225 158 1.0272159
627 191 142 0.4119948
628 227 163 1.3058902
629 188 152 0.4499219
630 203 153 0.8964387
631 160 128 0.8263458
632 125 96 1.1995268
633 118 99 0.6625688
634 140 116 1.1503473
635 162 124 1.1695665
636 155 116 0.8617339
637 212 161 0.5161608
638 244 163 0.4019663
639 121 102 0.8924421
640 110 88 0.8543514
641 145 113 0.8151853
642 153 125 0.538614
643 153 128 0.9216334
644 118 99 0.5830953
645 185 151 2.8175196
646 128 103 0.642604
647 178 131 0.7862945
648 177 135 0.4624074
649 153 111 0.9852681
650 191 140 0.4937369
651 154 119 0.6436008
652 209 156 0.6198249
653 144 113 0.9070652
654 149 121 0.6456123
655 125 102 0.5309394
656 170 128 0.6651515
657 152 118 0.8639861
658 152 121 1.5081273
659 162 115 0.5661421
660 261 187 1.9635944
661 189 139 0.5377883
662 167 141 0.3975115
663 111 90 0.813633
664 164 125 0.5802511
665 159 125 2.4610288
666 157 121 0.631374
667 202 148 0.3352761
668 144 114 1.1984382
669 109 92 0.6299627
670 172 140 0.7346552
671 145 115 0.6897394
672 157 129 1.3099978
673 164 117 0.5649257
674 143 108 0.3679629
675 153 124 0.8889201
676 141 117 1.01431
677 166 131 0.4666735
678 201 155 0.2947147
679 220 171 0.3875507
680 226 172 0.5794565
681 216 160 0.7167611
682 158 131 2.1828381
683 206 147 0.3632075
684 199 150 0.5109596
685 201 145 0.5018443
686 108 90 0.8158374
687 170 139 0.6532076
688 159 128 0.6004194
689 164 133 0.866342
690 121 90 1.0232839
691 198 145 0.7943348
692 188 142 0.4152031
693 139 109 0.698173
694 163 133 0.8159888
695 176 135 1.4075021
696 119 97 0.6726464
697 175 145 0.4699142
698 190 138 1.9478165
699 147 115 0.558553
700 162 125 0.3889912
701 96 78 0.9793812
702 173 133 0.6054765
703 164 132 0.4133576
704 173 130 0.8712321
705 154 119 0.5133973
706 193 145 0.4581932
707 185 133 0.6693346
708 157 118 1.0990728
709 141 115 0.7160489
710 148 117 0.4112902
711 155 120 0.8326536
712 169 125 0.4763297
713 142 111 0.7126732
714 213 150 0.7480277
715 177 136 0.5078306
716 210 162 0.8385967
717 136 104 0.6542605
718 120 98 1.5564206
719 184 144 0.6056412
720 167 126 0.5223757
721 170 130 0.6594295
722 189 139 1.1958323
723 113 91 0.6849763
724 179 134 0.9284698
725 205 157 0.3125162
726 157 121 0.289211
727 178 140 0.622468
728 200 146 1.7089106
729 168 122 0.4332608
730 175 131 0.3938622
731 176 132 0.6001064
732 211 167 0.3393699
733 154 116 0.6391215
734 147 117 0.4902293
735 128 105 0.4186222
736 159 123 0.4032174
737 150 117 0.426739
738 169 126 0.5185246
739 168 125 0.5842232
740 182 141 0.8552622
741 231 171 0.5463638
742 157 128 0.73138
743 95 81 1.3932201
744 217 166 0.6077532
745 160 130 0.5964385
746 247 185 0.3488544
747 124 110 0.7257394
748 184 145 0.4070136
749 195 141 1.5887194
750 179 144 1.1790902
751 150 122 1.0773557
752 137 108 0.4388786
753 187 144 0.6791566
754 126 103 1.1533667
755 184 134 0.2543046
756 223 159 1.1234453
757 158 130 0.4926853
758 160 118 0.8106105
759 162 128 0.5694923
760 175 131 1.4566428
761 162 127 0.6411832
762 202 144 0.2954564
763 160 114 0.5914044
764 141 110 0.6196375
765 89 70 0.8947964
766 181 140 0.4597621
767 92 75 0.6047172
768 169 123 0.5925903
769 114 91 0.7723394
770 193 152 0.4415266
771 159 119 0.4067481
772 146 104 0.4804459
773 195 149 0.5675002
774 144 119 0.5543659
775 109 89 0.5334028
776 216 164 0.4453793
777 167 131 1.1808953
778 125 96 1.433156
779 122 100 0.5408696
780 156 126 0.8881468
781 135 110 1.6022247
782 137 115 0.527916
783 155 133 0.5930556
784 184 135 0.4126301
785 166 131 0.3886068
786 191 136 0.4941097
787 165 132 0.6585167
788 193 145 0.452089
789 160 118 0.7364443
790 133 106 0.6988658
791 125 93 0.8039744
792 153 117 0.4672624
793 158 122 0.7818741
794 180 134 0.8734012
795 146 122 0.5891748
796 156 126 0.5687585
797 167 120 1.9649209
798 180 138 0.61927
799 164 117 0.3811319
800 164 126 0.6212916
801 151 112 1.2050205
802 142 109 0.5836111
803 152 118 0.5346106
804 201 149 0.2765316
805 132 108 0.7067512
806 170 136 0.4093269
807 193 146 0.4994995
808 141 108 1.3408948
809 133 108 0.3521611
810 168 142 0.4293882
811 146 116 0.4532921
812 202 169 0.6139661
813 167 125 1.8127899
814 150 122 0.6418206
815 170 136 2.7610775
816 143 109 0.6512337
817 156 125 0.4819007
818 137 112 0.7640128
819 224 171 0.691351
820 186 142 0.4735857
821 217 156 0.3181911
822 113 90 0.523084
823 161 124 0.7549455
824 171 122 0.5011487
825 232 169 0.2160474
826 186 142 0.689549
827 241 184 0.4073641
828 194 156 0.4580287
829 156 126 0.5258782
830 110 89 0.6840274
831 208 158 0.4201067
832 183 142 0.5082279
833 141 118 0.5190814
834 199 153 1.9519501
835 187 136 0.5475021
836 213 146 0.3108824
837 186 144 0.2956138
838 157 123 0.3728216
839 210 166 0.2494217
840 202 157 0.3105173
