1,50,39,0.331492
2,56,41,0.121339
3,47,36,0.087828
4,41,31,0.06653
5,35,29,0.108247
6,37,28,0.100501
7,44,34,0.057228
8,54,42,0.062275
9,34,28,0.068002
10,43,35,0.040525
11,56,44,0.058147
12,49,39,0.045356
13,33,28,0.085805
14,46,37,0.040539
15,46,36,0.082046
16,47,31,0.106574
17,41,34,0.047199
18,32,27,0.061359
19,46,36,0.093251
20,67,50,0.072473
21,44,34,0.044872
22,64,46,0.038898
23,42,31,0.06248
24,47,38,0.108327
25,48,34,0.040502
26,42,30,0.060954
27,51,38,0.044674
28,43,36,0.151914
29,40,33,0.052711
30,57,42,0.060993
31,25,22,0.103984
32,53,37,0.061027
33,26,24,0.052189
34,44,33,0.036408
35,48,36,0.06335
36,33,29,0.059649
37,48,39,0.072924
38,45,34,0.048262
39,38,34,0.048404
40,46,35,0.047225
41,40,30,0.057672
42,63,45,0.049186
43,52,37,0.048226
44,46,39,0.0517
45,54,41,0.063039
46,50,40,0.047184
47,35,26,0.091304
48,51,37,0.104551
49,44,34,0.051316
50,32,26,0.042883
51,37,31,0.046607
52,49,35,0.038369
53,46,37,0.044728
54,49,36,0.035303
55,36,31,0.102994
56,48,44,0.087729
57,42,33,0.077741
58,41,30,0.094961
59,35,29,0.040295
60,33,25,0.082264
61,47,36,0.066057
62,45,32,0.061664
63,49,41,0.037648
64,61,41,0.041936
65,52,39,0.048746
66,33,28,0.045108
67,46,39,0.070115
68,55,40,0.039479
69,48,35,0.077363
70,57,40,0.118849
71,51,36,0.038487
72,41,33,0.10944
73,40,33,0.046447
74,57,43,0.037887
75,43,36,0.042291
76,41,32,0.051702
77,39,32,0.063595
78,57,43,0.049818
79,32,31,0.043011
80,52,38,0.092321
81,34,29,0.098322
82,42,35,0.065118
83,38,33,0.106678
84,40,32,0.101045
85,62,42,0.062296
86,50,39,0.046399
87,40,33,0.066979
88,47,36,0.03966
89,46,39,0.049689
90,45,37,0.12568
91,40,32,0.157029
92,46,35,0.047588
93,45,35,0.056021
94,42,36,0.04694
95,42,30,0.052457
96,47,38,0.063309
97,37,29,0.037483
98,43,34,0.048298
99,45,35,0.084331
100,39,32,0.037703
101,49,38,0.077395
102,49,39,0.049916
103,48,33,0.044283
104,47,38,0.048711
105,60,45,0.044228
106,47,37,0.049242
107,41,34,0.04781
108,50,42,0.038779
109,42,31,0.043643
110,42,35,0.093949
111,35,27,0.082885
112,51,37,0.08134
113,46,33,0.076955
114,52,42,0.062653
115,50,36,0.132382
116,42,38,0.037881
117,50,39,0.074025
118,31,27,0.03259
119,49,35,0.040834
120,59,45,0.044733
121,57,42,0.044093
122,44,36,0.050849
123,36,32,0.043101
124,34,29,0.041639
125,49,36,0.03833
126,33,27,0.046434
127,55,39,0.041698
128,50,36,0.042215
129,39,29,0.050699
130,43,34,0.107092
131,55,39,0.099991
132,43,35,0.08067
133,50,40,0.03961
134,44,34,0.040218
135,48,41,0.047212
136,38,32,0.031923
137,46,35,0.07569
138,51,38,0.050272
139,56,44,0.047276
140,50,36,0.145669
141,47,36,0.030923
142,37,28,0.048485
143,57,43,0.077257
144,44,35,0.068492
145,62,46,0.050313
146,29,23,0.102345
147,43,33,0.16246
148,37,30,0.140059
149,80,53,0.103814
150,44,32,0.072627
151,54,40,0.13298
152,43,33,0.070362
153,62,50,0.066477
154,42,35,0.064176
155,42,35,0.043356
156,48,39,0.06379
157,56,46,0.040825
158,35,29,0.056644
159,61,40,0.042775
160,32,28,0.037507
161,40,34,0.064904
162,63,47,0.099274
163,58,45,0.094123
164,32,28,0.082835
165,45,33,0.109624
166,25,19,0.040036
167,55,42,0.041416
168,38,33,0.048898
169,44,33,0.101792
170,49,34,0.043158
171,39,33,0.049339
172,42,32,0.037928
173,56,41,0.037003
174,45,35,0.111766
175,41,31,0.053596
176,39,33,0.100374
177,61,43,0.107846
178,40,33,0.060167
179,36,33,0.057556
180,59,46,0.03985
181,46,34,0.057029
182,38,35,0.076096
183,34,28,0.075823
184,24,22,0.101921
185,62,46,0.131809
186,43,37,0.081459
187,54,46,0.082348
188,35,29,0.096759
189,48,32,0.07897
190,24,21,0.133228
191,27,23,0.090821
192,39,35,0.094048
193,40,31,0.094441
194,40,33,0.087766
195,47,36,0.04628
196,51,40,0.059789
197,30,28,0.046461
198,52,39,0.044903
199,56,41,0.039314
200,63,45,0.069123
201,58,40,0.03813
202,39,31,0.065795
203,51,40,0.045673
204,45,35,0.053819
205,36,28,0.049589
206,29,25,0.040355
207,59,41,0.073367
208,51,41,0.053699
209,37,30,0.07418
210,36,28,0.097032
211,65,46,0.037147
212,35,29,0.041006
213,54,38,0.045168
214,61,43,0.056128
215,51,36,0.063444
216,35,31,0.039566
217,45,35,0.071321
218,55,40,0.089898
219,50,38,0.032813
220,44,37,0.044802
221,43,34,0.046778
222,56,41,0.043671
223,28,24,0.050581
224,48,34,0.044261
225,41,32,0.105849
226,44,37,0.092282
227,53,41,0.09262
228,36,28,0.099353
229,51,37,0.040142
230,56,37,0.042403
231,51,44,0.111823
232,50,41,0.070516
233,65,43,0.072953
234,42,37,0.034247
235,51,38,0.106224
236,44,32,0.049534
237,34,29,0.046584
238,60,42,0.044349
239,48,36,0.047628
240,44,36,0.046823
241,49,38,0.061906
242,43,34,0.040261
243,42,36,0.110904
244,53,40,0.061191
245,46,32,0.056133
246,48,37,0.044039
247,51,41,0.084686
248,44,31,0.108775
249,65,46,0.101568
250,54,39,0.190065
251,36,28,0.04697
252,38,31,0.04648
253,43,36,0.042592
254,55,44,0.050907
255,39,30,0.102403
256,52,40,0.040693
257,34,28,0.053955
258,31,27,0.033468
259,44,35,0.044315
260,52,40,0.050738
261,53,41,0.038723
262,40,32,0.045325
263,52,40,0.071666
264,32,26,0.053455
265,51,38,0.047955
266,58,41,0.048062
267,42,32,0.056482
268,63,47,0.050192
269,54,42,0.065746
270,38,32,0.04573
271,42,32,0.040039
272,57,41,0.064655
273,59,49,0.0453
274,45,34,0.044995
275,34,29,0.047437
276,44,32,0.053486
277,37,35,0.048002
278,34,28,0.040413
279,37,30,0.037304
280,53,38,0.050947
281,62,42,0.045456
282,44,34,0.045076
283,43,35,0.036604
284,35,28,0.054849
285,41,33,0.051896
286,38,33,0.040575
287,42,34,0.064171
288,46,35,0.03773
289,44,36,0.098935
290,51,38,0.067313
291,41,31,0.034279
292,25,22,0.060033
293,57,40,0.073483
294,48,37,0.093285
295,46,35,0.034245
296,41,31,0.036592
297,53,37,0.031207
298,45,34,0.060448
299,46,34,0.04893
300,41,32,0.038467
301,35,27,0.080442
302,40,32,0.060806
303,37,30,0.057412
304,38,33,0.038614
305,27,23,0.093315
306,54,42,0.058406
307,45,37,0.037717
308,45,34,0.045587
309,40,35,0.041257
310,44,33,0.039599
311,59,44,0.035765
312,47,39,0.048699
313,45,37,0.039799
314,40,33,0.037037
315,31,27,0.038714
316,33,28,0.066913
317,59,43,0.037256
318,51,42,0.044192
319,37,34,0.038667
320,29,28,0.035374
321,41,34,0.042658
322,59,42,0.039223
323,38,32,0.038452
324,54,40,0.052088
325,62,44,0.044574
326,59,42,0.040765
327,58,38,0.027289
328,36,29,0.049364
329,60,43,0.076878
330,44,36,0.082622
331,46,33,0.044429
332,35,29,0.054758
333,57,43,0.045219
334,43,39,0.055384
335,36,30,0.089225
336,42,32,0.053562
337,57,43,0.036968
338,49,36,0.07052
339,63,49,0.035459
340,56,43,0.045213
341,41,33,0.109439
342,42,32,0.108899
343,46,34,0.106972
344,60,50,0.062012
345,64,43,0.140503
346,31,26,0.042274
347,43,35,0.09887
348,53,41,0.040988
349,47,34,0.054155
350,42,32,0.048544
351,53,38,0.041332
352,45,34,0.048629
353,42,32,0.039291
354,54,40,0.059014
355,44,36,0.039928
356,55,44,0.066962
357,38,33,0.055658
358,49,37,0.054144
359,28,26,0.050258
360,52,43,0.041063
361,43,33,0.052019
362,76,55,0.045429
363,49,41,0.040759
364,41,32,0.048286
365,42,35,0.173262
366,51,37,0.109425
367,58,41,0.048605
368,53,38,0.042437
369,68,53,0.123804
370,46,33,0.096814
371,52,40,0.041379
372,35,27,0.046322
373,43,30,0.043875
374,57,44,0.052809
375,42,34,0.033012
376,67,47,0.042484
377,33,27,0.146276
378,67,47,0.029832
379,44,33,0.100137
380,52,36,0.045222
381,38,30,0.035757
382,49,39,0.066254
383,52,42,0.079482
384,64,47,0.032066
385,40,29,0.048844
386,40,32,0.047054
387,63,49,0.03483
388,48,35,0.046939
389,58,44,0.041449
390,46,35,0.038215
391,48,34,0.038689
392,44,33,0.068696
393,47,41,0.09171
394,59,46,0.044443
395,40,34,0.04372
396,43,36,0.052693
397,43,34,0.049473
398,42,33,0.050062
399,45,33,0.04616
400,41,32,0.098579
401,49,38,0.085436
402,54,42,0.052627
403,50,38,0.043597
404,37,28,0.038635
405,63,45,0.040418
406,55,44,0.093176
407,32,27,0.061006
408,47,36,0.044261
409,41,31,0.04038
410,60,43,0.039849
411,49,37,0.039847
412,52,42,0.029911
413,33,27,0.04668
414,46,33,0.078445
415,50,35,0.040101
416,55,39,0.070456
417,28,25,0.039613
418,35,27,0.0756
419,57,39,0.13634
420,48,35,0.084974
421,46,35,0.426244
422,37,32,0.1381913
423,40,34,0.1115668
424,53,40,0.0817311
425,35,27,0.2135857
426,35,32,0.1498719
427,42,32,0.1008996
428,42,31,0.0909837
429,68,43,0.1020888
430,48,38,0.1153837
431,41,31,0.0789748
432,39,30,0.1123545
433,55,42,0.1009586
434,60,46,0.1128588
435,58,45,0.0934951
436,63,47,0.1267358
437,35,27,0.1132376
438,55,42,0.0873603
439,55,40,0.0798464
440,43,36,0.1108419
441,46,34,0.1277008
442,53,41,0.0850697
443,60,41,0.125714
444,60,44,0.1245698
445,39,32,0.0918304
446,42,35,0.1261508
447,46,37,0.1322941
448,55,45,0.10753
449,39,29,0.0895962
450,45,36,0.081021
451,54,38,0.0790786
452,54,41,0.0809278
453,51,40,0.0806355
454,31,24,0.0854257
455,58,38,0.0786241
456,47,36,0.1279827
457,41,34,0.139249
458,57,42,0.0856851
459,42,34,0.1237839
460,57,41,0.0723703
461,42,34,0.1283669
462,43,31,0.1132537
463,34,27,0.1093733
464,52,40,0.11563
465,46,36,0.1109157
466,55,39,0.1273217
467,45,36,0.1221612
468,48,38,0.1298067
469,43,33,0.0778014
470,40,33,0.1176217
471,27,25,0.126915
472,36,30,0.0800421
473,39,32,0.1129839
474,50,42,0.0796935
475,31,26,0.1137911
476,40,34,0.0725437
477,63,44,0.0799983
478,49,36,0.0666075
479,63,48,0.0777656
480,45,34,0.0718023
481,49,36,0.0769798
482,38,32,0.0999599
483,54,40,0.0754771
484,43,36,0.0743014
485,57,41,0.0968968
486,47,36,0.1067472
487,48,40,0.0718672
488,43,36,0.0765319
489,35,29,0.1183219
490,57,42,0.0587927
491,43,35,0.1124379
492,59,44,0.0794357
493,35,31,0.0812554
494,41,35,0.0890635
495,40,33,0.1023633
496,49,39,0.0879939
497,49,39,0.1035603
498,48,37,0.1442155
499,59,43,0.0778102
500,76,50,0.0651521
501,43,35,0.0857019
502,35,27,0.1133931
503,48,38,0.0692578
504,41,33,0.0987846
505,60,45,0.0753172
506,37,33,0.0978531
507,56,42,0.0658825
508,44,34,0.1097253
509,53,35,0.0940893
510,53,39,0.1015908
511,23,23,0.0779273
512,54,41,0.0725093
513,59,44,0.0841479
514,44,35,0.0721933
515,27,23,0.0723481
516,53,41,0.1099352
517,43,35,0.1088089
518,38,32,0.0937777
519,45,34,0.0995604
520,39,29,0.0803532
521,33,29,0.0670234
522,62,45,0.0729326
523,43,33,0.0996463
524,44,37,0.105401
525,51,36,0.1088174
526,51,38,0.0857373
527,44,33,0.1006205
528,36,30,0.1124045
529,32,23,0.0721416
530,52,40,0.0739017
531,46,36,0.1112457
532,55,41,0.1021505
533,43,33,0.0825767
534,40,30,0.1085121
535,53,42,0.117082
536,45,36,0.0939263
537,50,37,0.0837944
538,37,32,0.1037144
539,47,38,0.0855829
540,54,39,0.1047851
541,54,40,0.1017422
542,54,43,0.0661099
543,43,33,0.0972374
544,53,35,0.1253794
545,39,33,0.0654591
546,72,51,0.0746146
547,44,38,0.0863954
548,35,29,0.1119985
549,54,38,0.0882996
550,40,29,0.1633062
551,59,40,0.0970609
552,39,34,0.087451
553,46,38,0.0603692
554,55,41,0.0822581
555,55,39,0.0924704
556,55,38,0.0948586
557,38,33,0.0894359
558,35,30,0.101156
559,20,18,0.0713977
560,44,33,0.093209
561,46,37,0.0943502
562,44,34,0.0566569
563,44,35,0.1061904
564,36,34,0.0742191
565,59,45,0.0893389
566,51,38,0.0924785
567,58,42,0.0870955
568,37,32,0.0602083
569,45,34,0.0765349
570,36,29,0.082519
571,44,36,0.1071745
572,60,40,0.091606
573,42,32,0.098639
574,48,38,0.0591952
575,42,33,0.0913137
576,46,40,0.0616712
577,49,37,0.0974399
578,46,35,0.0719192
579,82,54,0.0861048
580,49,36,0.06225
581,49,38,0.0974676
582,37,30,0.0628791
583,49,39,0.0892578
584,28,24,0.0704186
585,40,33,0.0864587
586,48,36,0.0752348
587,35,32,0.1582068
588,48,38,0.0741217
589,65,45,0.0590167
590,50,41,0.073379
591,28,24,0.086738
592,39,33,0.0556421
593,39,34,0.0564666
594,43,34,0.0642008
595,35,30,0.0556177
596,38,31,0.0526183
597,62,44,0.0598618
598,34,31,0.0667158
599,35,29,0.0553337
600,45,37,0.0522715
601,35,32,0.0507318
602,60,48,0.0520309
603,38,30,0.0690565
604,36,29,0.0975584
605,57,43,0.0618366
606,58,39,0.0481113
607,55,42,0.0498018
608,59,43,0.0632995
609,65,49,0.0693417
610,36,32,0.0765547
611,42,32,0.0769626
612,40,32,0.0844098
613,54,41,0.0869753
614,57,42,0.0687123
615,37,32,0.0788769
616,51,39,0.0763554
617,27,26,0.0592207
618,48,37,0.0600248
619,53,38,0.0602872
620,39,31,0.0896381
621,42,35,0.0596282
622,44,36,0.0529797
623,38,32,0.0573866
624,42,30,0.0521389
625,57,46,0.0771975
626,49,36,0.0539824
627,52,34,0.0445849
628,44,34,0.0602125
629,36,32,0.0463574
630,35,26,0.0480584
631,57,46,0.0417823
632,41,32,0.0297692
633,57,40,0.0427149
634,46,35,0.041946
635,51,41,0.0460882
636,43,38,0.0493528
637,39,31,0.047606
638,43,34,0.0602349
639,65,49,0.0426535
640,50,34,0.0498046
641,55,39,0.0649613
642,42,33,0.053939
643,58,42,0.0480286
644,44,38,0.0606491
645,35,28,0.0439241
646,53,39,0.0430689
647,28,24,0.0674258
648,52,40,0.0580567
649,49,34,0.0388894
650,48,35,0.0450021
651,45,33,0.0317044
652,47,37,0.0487919
653,38,28,0.0601641
654,30,27,0.0564106
655,55,41,0.0480583
656,49,37,0.0751837
657,49,35,0.0457366
658,48,39,0.0617209
659,35,30,0.0601119
660,43,34,0.0453032
661,45,34,0.0486644
662,32,28,0.0485667
663,33,31,0.0346717
664,42,37,0.0402348
665,42,32,0.0373836
666,47,43,0.045271
667,53,44,0.0482838
668,28,25,0.0463626
669,43,35,0.0499508
670,49,37,0.0451655
671,47,36,0.0398501
672,60,44,0.0397195
673,42,37,0.0445757
674,26,22,0.0494461
675,59,41,0.0350753
676,40,32,0.0378116
677,40,30,0.0465425
678,43,32,0.0377933
679,37,31,0.0362103
680,62,48,0.0320653
681,42,33,0.0326203
682,45,32,0.0419122
683,50,37,0.0306819
684,41,32,0.0421565
685,56,39,0.0321286
686,59,41,0.0332971
687,47,39,0.0415557
688,43,35,0.0420996
689,31,27,0.0484123
690,41,32,0.0536852
691,51,37,0.042063
692,42,30,0.0336314
693,50,39,0.0369552
694,52,39,0.0351459
695,48,32,0.0412244
696,46,36,0.0350132
697,38,32,0.0399417
698,60,43,0.0292992
699,50,36,0.0626178
700,41,32,0.0329851
701,45,38,0.0294536
702,42,32,0.0319258
703,57,44,0.0312728
704,50,38,0.0531916
705,59,44,0.0286483
706,55,45,0.0283821
707,49,38,0.0415023
708,33,30,0.0434509
709,51,41,0.0302158
710,42,32,0.0294388
711,48,35,0.0308299
712,31,26,0.0319912
713,43,33,0.0305134
714,34,27,0.0408322
715,53,44,0.0409771
716,49,40,0.0337736
717,43,33,0.0353525
718,37,31,0.0396105
719,47,36,0.037565
720,36,31,0.0317558
721,35,31,0.0388953
722,61,40,0.0415975
723,39,32,0.0381377
724,58,40,0.0519066
725,28,25,0.0505993
726,57,44,0.0382615
727,52,37,0.0631769
728,55,42,0.0685743
729,55,43,0.034002
730,45,35,0.0469044
731,43,37,0.0444906
732,50,39,0.0407967
733,41,30,0.0341625
734,39,31,0.0450644
735,35,33,0.0384925
736,40,29,0.0310947
737,42,37,0.0340582
738,49,35,0.0327543
739,54,42,0.0315308
740,55,40,0.0498996
741,34,25,0.0320802
742,46,39,0.04714
743,43,37,0.0387883
744,61,43,0.0303251
745,45,32,0.0289022
746,75,51,0.0256311
747,48,36,0.0341477
748,48,36,0.027752
749,50,40,0.039887
750,60,46,0.0487093
751,72,50,0.0437085
752,50,39,0.0283598
753,41,32,0.0444193
754,38,32,0.0342596
755,43,34,0.0480582
756,44,34,0.0392442
757,34,30,0.0461868
758,42,31,0.0305363
759,39,32,0.0368917
760,58,40,0.0294485
761,54,42,0.0295753
762,27,23,0.0304699
763,49,42,0.0347198
764,58,43,0.0388545
765,47,40,0.0381358
766,38,35,0.0348617
767,55,45,0.0283363
768,41,35,0.0375237
769,47,37,0.0679607
770,37,30,0.0348919
771,51,39,0.0437025
772,48,39,0.028584
773,51,45,0.0374918
774,40,34,0.0583814
775,36,33,0.0280235
776,52,39,0.0341713
777,38,29,0.0385286
778,60,43,0.0397179
779,51,40,0.0353625
780,49,35,0.0335721
781,29,25,0.0355444
782,36,30,0.0323033
783,51,43,0.0337142
784,38,31,0.0328236
785,54,41,0.0304467
786,57,42,0.029881
787,56,43,0.0342479
788,39,31,0.0354606
789,45,37,0.0308512
790,46,34,0.053076
791,42,31,0.0357391
792,35,30,0.037602
793,54,43,0.0311622
794,36,30,0.0312583
795,70,43,0.0307618
796,40,31,0.0282905
797,46,37,0.0319139
798,58,44,0.0291581
799,62,48,0.0324431
800,51,37,0.0366958
801,39,32,0.0270937
802,38,32,0.0311436
803,57,43,0.0391515
804,46,36,0.033245
805,51,40,0.0306479
806,39,34,0.032933
807,48,38,0.0323085
808,46,36,0.0338766
809,52,44,0.0331606
810,45,36,0.0368941
811,49,40,0.0336989
812,43,34,0.0281425
813,45,37,0.026437
814,55,43,0.0267423
815,45,39,0.0252319
816,53,40,0.0310407
817,59,44,0.0208681
818,28,25,0.0277827
819,63,51,0.0271831
820,48,36,0.0272632
821,53,40,0.0331686
822,52,43,0.0264817
823,47,35,0.0254262
824,47,36,0.0309484
825,64,46,0.0275357
826,52,37,0.0265468
827,62,41,0.032236
828,47,39,0.023937
829,29,26,0.0270168
830,51,42,0.0302033
831,48,36,0.0229789
832,64,40,0.0306717
833,37,28,0.0285794
834,50,37,0.0266779
835,60,44,0.0371131
836,62,47,0.0209823
837,52,41,0.0389471
838,41,33,0.0295951
839,42,32,0.0331347
840,45,38,0.0278739
