1,412,321,2.71651
2,398,293,21.948717
3,552,391,72.269249
4,418,318,11.678541
5,445,327,11.403957
6,453,334,14.2569
7,533,367,51.992182
8,346,258,25.162049
9,335,249,183.357476
10,471,325,153.894103
11,344,267,19.712132
12,406,312,50.288674
13,428,307,13.607333
14,317,248,56.545045
15,389,286,115.42044
16,444,334,8.084221
17,381,297,61.51203
18,298,226,9.738824
19,588,409,17.364187
20,295,239,34.619853
21,357,265,16.423436
22,449,323,32.300054
23,460,334,44.322637
24,344,286,10.641199
25,412,299,30.726741
26,464,338,6.883577
27,464,331,13.079405
28,353,266,20.682379
29,377,306,54.636077
30,400,303,12.234007
31,359,286,6.052908
32,302,240,34.525149
33,448,318,73.897604
34,536,379,134.631849
35,312,239,5.622648
36,481,349,57.256464
37,471,340,100.592596
38,320,248,7.048042
39,510,374,8.262859
40,397,286,67.495274
41,430,310,48.636891
42,427,319,31.679881
43,295,233,26.660471
44,492,351,2.093886
45,341,262,14.703737
46,460,341,37.004202
47,338,278,16.275268
48,387,311,7.723166
49,366,288,4.642108
50,532,375,60.897629
51,297,210,26.380146
52,326,254,26.609662
53,459,372,4.244118
54,495,368,73.326948
55,397,293,7.684899
56,358,280,105.265823
57,394,294,57.34131
58,408,310,28.645793
59,442,356,2.108111
60,366,282,16.417662
61,416,320,9.498908
62,404,308,14.193455
63,338,238,125.196316
64,485,338,181.461544
65,403,303,3.885678
66,363,269,44.356102
67,354,282,7.476117
68,398,305,55.745384
69,227,192,26.812565
70,373,267,56.650201
71,361,268,36.529601
72,382,299,10.553815
73,514,379,46.799855
74,295,232,12.220077
75,526,386,164.869138
76,408,304,7.348882
77,412,316,6.185763
78,436,331,18.708105
79,451,334,90.344075
80,465,359,43.912059
81,399,295,17.623986
82,440,331,3.038722
83,431,309,21.56106
84,461,342,5.140037
85,448,346,17.7773
86,430,328,25.396256
87,400,302,23.058542
88,268,215,20.103034
89,352,272,19.069722
90,404,314,40.489656
91,391,292,27.508162
92,513,364,27.309464
93,495,361,65.733514
94,548,414,13.584582
95,430,303,6.390063
96,407,295,46.563695
97,415,305,26.585266
98,554,392,112.482183
99,452,328,34.652543
100,476,360,66.531229
101,461,331,102.221784
102,550,391,64.609037
103,304,245,22.378554
104,338,272,27.603121
105,296,227,17.175836
106,364,299,17.956888
107,436,315,13.448044
108,371,294,5.857074
109,411,315,56.293219
110,449,352,1.482844
111,453,336,1.682134
112,417,305,27.060208
113,421,311,25.007178
114,422,329,26.466214
115,369,303,8.682042
116,438,319,73.154282
117,334,252,11.206431
118,434,312,6.903123
119,451,324,80.257824
120,430,313,65.793757
121,424,324,7.371648
122,383,286,34.731126
123,287,220,94.345861
124,374,287,95.672105
125,311,222,16.405482
126,398,286,92.427546
127,361,271,43.502828
128,373,274,19.211652
129,328,256,25.946512
130,347,268,55.841413
131,388,291,65.479565
132,317,246,19.28753
133,501,380,54.295259
134,298,228,37.669999
135,370,277,24.570852
136,489,352,80.75173
137,498,371,18.612109
138,491,351,83.921308
139,286,227,13.848361
140,463,343,53.899308
141,477,362,64.695663
142,387,298,33.233094
143,394,285,21.444753
144,538,389,7.605788
145,399,296,34.582203
146,429,333,11.365638
147,456,338,19.406684
148,348,263,11.004291
149,307,238,29.80739
150,358,262,167.319539
151,418,311,138.889331
152,432,331,78.50538
153,419,338,18.677186
154,493,373,17.837644
155,453,349,46.178967
156,438,348,4.899428
157,386,298,23.542144
158,385,295,85.737808
159,461,350,6.06127
160,369,290,6.949929
161,454,358,18.558985
162,317,240,25.015175
163,477,333,4.271562
164,392,309,8.852272
165,513,379,29.594032
166,400,294,18.534495
167,486,355,46.068928
168,550,401,29.91467
169,434,334,12.115793
170,395,318,22.234576
171,357,285,17.811995
172,389,296,38.94071
173,399,309,40.604346
174,316,245,71.53962
175,417,312,71.11495
176,564,412,8.546403
177,342,261,69.828963
178,517,355,17.299654
179,522,378,3.738078
180,477,354,29.912801
181,366,273,31.107417
182,487,357,21.968356
183,436,327,68.067541
184,295,243,30.228982
185,380,288,47.625413
186,360,278,33.11545
187,460,346,49.714163
188,413,320,13.605621
189,356,271,33.779043
190,256,203,58.121974
191,322,244,13.802161
192,372,294,7.507128
193,434,341,22.626137
194,383,283,5.187248
195,286,225,21.549482
196,380,301,31.724865
197,454,355,22.813714
198,363,267,14.138856
199,573,420,48.259186
200,392,301,11.466262
201,403,310,5.316956
202,435,329,24.937064
203,553,411,3.990184
204,315,237,122.071344
205,273,219,25.552099
206,406,314,7.015995
207,335,256,21.767819
208,377,301,24.912279
209,433,326,41.638509
210,361,276,34.037252
211,418,324,38.778489
212,423,299,120.713197
213,392,293,35.861369
214,394,312,7.913439
215,354,274,34.82753
216,354,282,14.293475
217,302,237,11.354164
218,397,287,35.365964
219,315,250,9.015863
220,433,315,29.103541
221,558,401,3.160344
222,331,240,39.200494
223,430,322,6.456459
224,375,273,57.614969
225,371,288,49.164387
226,350,257,168.929322
227,496,367,39.270587
228,432,319,19.136095
229,375,298,22.028914
230,358,268,33.312029
231,403,304,11.59563
232,422,322,34.489878
233,504,351,136.306298
234,323,248,15.046149
235,296,219,39.737744
236,390,291,14.309632
237,570,416,21.597102
238,307,254,17.23785
239,430,313,138.800831
240,470,353,79.97218
241,401,288,27.106098
242,387,287,58.805023
243,410,306,10.063588
244,341,262,34.741016
245,368,281,13.922643
246,340,271,13.038263
247,392,295,18.086089
248,479,348,5.90158
249,428,333,29.509386
250,418,320,32.540839
251,365,269,36.078999
252,482,361,47.980559
253,361,279,24.879565
254,488,373,4.067065
255,375,270,169.12327
256,575,401,36.799216
257,447,327,11.699361
258,455,336,9.153042
259,307,255,6.120745
260,338,260,120.849968
261,475,356,19.688899
262,504,367,5.192611
263,395,279,24.243433
264,367,278,54.797816
265,377,289,95.11707
266,393,290,81.646853
267,391,300,111.495292
268,401,311,19.810633
269,319,228,6.972197
270,398,292,9.956484
271,275,192,98.900381
272,394,293,19.48106
273,470,353,17.938505
274,439,313,256.587681
275,363,259,34.681298
276,326,255,44.092768
277,350,267,31.338473
278,385,282,5.628069
279,497,368,13.528268
280,402,291,91.887523
281,285,213,105.788217
282,459,331,78.503886
283,515,368,78.568537
284,419,313,47.329047
285,331,256,11.40807
286,486,362,4.012065
287,365,286,30.728989
288,343,265,24.36176
289,437,329,36.728791
290,277,212,14.875212
291,398,303,49.799086
292,365,272,7.648063
293,377,279,38.59313
294,352,273,77.639023
295,496,351,31.716493
296,414,303,51.168286
297,324,235,26.424241
298,404,323,6.731377
299,328,250,83.540704
300,470,350,3.697771
301,409,312,10.118946
302,401,297,24.402869
303,408,316,11.34055
304,460,343,36.249885
305,476,365,4.010143
306,391,287,53.078251
307,456,335,5.128704
308,457,328,31.294938
309,448,334,58.849973
310,434,335,17.522708
311,337,256,4.923871
312,480,371,39.275621
313,348,283,11.798805
314,420,303,90.669959
315,464,349,9.112942
316,389,293,63.577319
317,340,269,72.276907
318,294,252,6.899123
319,438,324,12.296406
320,376,287,36.92817
321,521,378,69.642253
322,324,243,14.395557
323,429,311,70.175667
324,369,266,77.529072
325,532,385,15.013137
326,435,323,81.066985
327,486,337,14.337394
328,296,212,139.017642
329,406,323,29.916688
330,433,318,60.669339
331,509,351,52.254075
332,324,240,216.868353
333,463,366,8.621036
334,451,346,13.160164
335,336,259,44.985356
336,307,252,22.30466
337,513,375,56.195913
338,483,352,13.364836
339,561,390,555.299403
340,375,289,7.94068
341,462,329,20.997954
342,296,242,11.288833
343,424,322,85.452835
344,327,254,132.181456
345,293,232,16.660195
346,467,338,38.322613
347,331,257,17.522105
348,400,325,43.344914
349,492,361,17.674644
350,412,284,115.99867
351,499,347,14.366997
352,455,347,16.82592
353,481,366,23.935629
354,385,301,30.805153
355,408,308,9.76256
356,401,285,97.643159
357,346,278,24.384579
358,322,259,57.048432
359,446,333,70.212417
360,449,343,8.875049
361,442,325,203.231966
362,357,254,81.270077
363,506,369,72.603641
364,298,225,40.831054
365,348,274,29.456938
366,358,267,68.003145
367,387,282,57.334432
368,347,275,8.773316
369,174,139,3.944641
370,449,322,30.939775
371,444,344,19.136535
372,349,266,107.59853
373,344,257,21.675006
374,289,257,3.964043
375,449,320,84.552832
376,401,285,32.632327
377,479,343,15.456859
378,444,319,16.523673
379,452,336,7.798108
380,347,254,29.514681
381,548,377,74.506209
382,419,330,24.079895
383,430,317,83.344456
384,465,342,45.455881
385,430,335,3.975236
386,315,247,193.774574
387,454,339,6.021747
388,237,184,97.605335
389,488,373,103.001218
390,444,342,36.215942
391,423,324,7.76794
392,382,297,22.452778
393,417,314,11.074513
394,383,281,18.941567
395,370,296,8.909403
396,383,287,10.809994
397,423,310,64.204994
398,483,349,2.617788
399,347,270,111.64457
400,494,356,43.577714
401,414,330,4.848609
402,403,293,108.543307
403,386,295,41.00454
404,457,327,67.23449
405,267,205,41.698076
406,404,297,176.251368
407,377,274,28.549457
408,353,285,24.124935
409,492,346,72.179719
410,396,272,38.414457
411,645,460,23.93727
412,475,345,27.212382
413,351,257,73.511697
414,320,242,10.734455
415,437,338,28.449867
416,463,349,25.097892
417,508,368,112.780572
418,434,317,38.097773
419,492,368,18.521981
420,421,320,47.0763851
421,314,242,67.8587445
422,366,297,21.2370618
423,350,266,25.1225126
424,298,231,136.0738697
425,465,345,26.215245
426,397,304,21.0024734
427,472,366,17.8528797
428,376,301,34.5590618
429,415,304,87.3771668
430,493,341,28.4128735
431,414,315,69.2524787
432,423,295,81.6016762
433,396,291,25.1163655
434,317,252,7.9498075
435,318,250,36.3876805
436,491,366,10.7043101
437,342,268,14.2205406
438,415,300,18.058763
439,448,336,4.9948953
440,552,396,4.5297101
441,512,363,38.473235
442,429,320,47.3201519
443,423,311,3.6136654
444,327,252,26.5691514
445,388,283,101.1287724
446,445,325,165.612588
447,480,349,22.47074
448,455,326,31.9614715
449,278,217,24.1350035
450,521,392,3.2266117
451,429,328,8.6747314
452,442,322,14.1995042
453,350,264,10.2414811
454,464,346,64.6558054
455,477,334,108.8258431
456,303,253,6.1541273
457,441,311,98.4213134
458,224,190,24.5195429
459,299,233,31.3837681
460,344,264,33.6012076
461,273,198,29.1752452
462,390,289,41.750209
463,483,353,33.2237225
464,429,301,87.4414882
465,334,265,12.8816187
466,477,349,49.1759828
467,376,293,53.733158
468,448,342,26.3320299
469,440,335,6.7924089
470,309,247,8.0034561
471,366,284,10.1711401
472,441,334,5.3780936
473,334,262,15.0413549
474,540,387,76.3171455
475,407,328,10.3193601
476,378,277,26.2689456
477,551,403,25.2810616
478,431,316,44.3645228
479,517,380,84.9369704
480,545,416,18.4574628
481,407,309,54.8101774
482,352,262,36.7867111
483,512,364,19.4509428
484,400,308,6.2127314
485,383,281,163.0237951
486,612,425,11.3555017
487,347,248,22.4975958
488,305,245,15.7502023
489,501,367,23.7675645
490,362,271,108.9415635
491,456,346,61.2906109
492,436,344,2.3384307
493,432,319,7.3465266
494,460,335,36.1587575
495,465,340,53.2539146
496,390,307,19.4981331
497,382,299,11.336065
498,305,237,18.7660006
499,247,189,47.760792
500,425,332,11.6191387
501,467,338,56.4177481
502,326,265,17.49959
503,375,284,51.0272856
504,357,270,16.8557834
505,265,190,99.8155501
506,400,288,49.9317681
507,433,336,26.1763993
508,395,286,183.069699
509,424,310,3.6424615
510,417,315,7.4363474
511,482,367,5.6356684
512,303,232,54.7424064
513,368,278,38.6424699
514,264,194,22.1377451
515,354,276,16.5086534
516,540,400,2.670741
517,421,308,27.6862662
518,326,250,19.7412279
519,401,310,9.9357812
520,421,320,6.5694034
521,332,253,21.975495
522,502,403,11.497423
523,463,345,34.0336936
524,575,399,15.5908439
525,302,250,27.2288215
526,525,376,10.6332107
527,496,366,43.1726224
528,396,313,5.142584
529,311,242,16.7772832
530,485,365,27.6833375
531,515,370,4.7963292
532,384,275,68.3864931
533,337,245,40.4860793
534,383,270,59.0913278
535,449,338,17.3901402
536,436,326,19.7091782
537,514,367,47.5497327
538,554,393,25.3773578
539,338,279,7.3723506
540,464,360,15.9073279
541,587,417,104.4132829
542,391,282,43.2982533
543,213,164,14.8675681
544,513,374,51.9070018
545,469,362,18.3395969
546,456,344,13.9330976
547,437,322,29.3162059
548,332,255,5.0100627
549,267,200,12.1464191
550,450,317,48.928682
551,471,335,21.3496746
552,319,258,11.0357499
553,460,347,13.487857
554,385,321,6.0386302
555,339,247,16.8118938
556,440,347,15.7312876
557,517,365,130.732319
558,376,301,7.1458293
559,408,322,30.3274691
560,320,254,16.6509691
561,567,400,40.0851753
562,434,323,62.8960964
563,397,310,10.5366309
564,480,351,6.1992205
565,462,370,10.1430232
566,262,215,8.6798568
567,456,331,19.5247241
568,542,383,7.7851211
569,377,286,12.670017
570,337,276,7.3971721
571,519,398,20.3460034
572,410,333,4.0375746
573,540,383,25.9378829
574,393,310,4.6857828
575,437,330,22.1425634
576,464,334,13.252357
577,395,313,11.4772893
578,474,345,3.0882892
579,324,229,26.859722
580,385,280,39.7182392
581,349,271,34.5871169
582,446,324,68.3528828
583,318,245,14.9444387
584,320,238,11.6768926
585,451,325,26.8258153
586,502,360,19.5353776
587,569,426,38.5514826
588,439,346,6.3721453
589,528,350,16.584353
590,445,345,70.130699
591,483,353,48.9597624
592,393,297,32.3506269
593,519,357,4.1238521
594,332,268,13.4443529
595,286,218,7.2583804
596,506,374,16.9631834
597,419,310,3.5746847
598,419,303,60.3575082
599,466,329,39.1685051
600,514,367,26.2840789
601,419,310,31.2820235
602,324,260,6.784182
603,405,303,15.7040493
604,425,306,10.5801048
605,474,345,63.8649301
606,434,318,39.4229968
607,401,309,14.2989221
608,304,241,3.7293294
609,364,303,22.6868633
610,474,347,8.1517189
611,433,327,9.7610681
612,425,312,19.1487399
613,428,326,17.4071969
614,360,279,22.568144
615,448,333,84.7744695
616,405,302,19.955762
617,321,247,19.999735
618,508,362,11.6351897
619,249,197,17.187004
620,331,246,31.0426408
621,248,196,13.8040741
622,320,254,7.6264337
623,329,251,13.691164
624,415,291,20.9383821
625,490,345,4.2521007
626,462,338,69.3636129
627,521,389,9.3181463
628,468,362,20.27407
629,351,276,14.1847468
630,447,343,7.6096489
631,352,257,31.456075
632,335,249,38.2567842
633,351,272,5.7737247
634,479,355,6.1802167
635,399,299,9.0179635
636,495,366,5.442165
637,501,358,27.5736436
638,415,295,5.1765135
639,442,309,181.1175123
640,366,274,18.8252352
641,344,266,19.2614788
642,398,308,4.361312
643,262,212,16.7940145
644,367,285,18.7721044
645,431,308,84.8026993
646,297,231,8.2143851
647,512,365,31.2014668
648,509,371,4.5676723
649,263,188,11.5892286
650,396,298,43.1091977
651,364,266,5.5477306
652,390,295,4.8517629
653,414,327,9.120271
654,459,340,5.2476848
655,295,213,21.7080583
656,341,261,15.855703
657,411,306,28.2523906
658,312,233,43.2018284
659,441,336,5.3514947
660,367,281,14.6287241
661,451,341,9.9041063
662,408,299,26.0221343
663,392,300,4.2391977
664,272,212,11.8791321
665,441,331,25.9267275
666,423,308,20.2543314
667,504,384,12.3277224
668,521,390,2.8899927
669,415,321,2.9899112
670,404,324,13.6055761
671,254,199,6.0152655
672,433,308,41.8311432
673,343,265,15.5984595
674,510,394,6.6697809
675,378,281,12.4919753
676,355,286,3.3579261
677,450,341,4.2935695
678,321,260,12.0640821
679,382,271,71.008007
680,429,329,5.9698055
681,382,292,30.1949103
682,323,241,6.4587953
683,640,451,10.4625259
684,463,346,27.3867393
685,393,292,16.8996893
686,495,363,28.5933166
687,394,293,210.8844119
688,427,328,13.057496
689,642,472,3.5029382
690,471,372,9.9390195
691,454,318,49.2002106
692,457,330,52.8404074
693,402,291,15.7212445
694,285,219,11.3221785
695,324,242,18.1269864
696,446,329,46.3631087
697,363,275,71.9831019
698,457,334,26.0722921
699,423,319,15.3849411
700,400,294,31.3530065
701,348,270,5.0655766
702,433,328,1.9661683
703,505,368,24.9410846
704,339,249,11.8249193
705,414,321,17.5003475
706,431,340,18.8379201
707,383,304,9.4842511
708,352,265,39.190081
709,392,289,13.0982325
710,437,316,24.5562798
711,422,316,8.4510959
712,369,284,7.5525284
713,410,323,13.0140858
714,365,275,13.6508095
715,435,327,17.2347519
716,419,312,5.7557897
717,425,316,47.1785485
718,519,350,4.2235025
719,374,279,51.6439022
720,368,278,29.3093939
721,372,280,9.8001748
722,475,342,12.8558173
723,428,329,14.1168716
724,337,273,3.6946722
725,297,223,6.6744985
726,354,292,34.9491633
727,317,264,14.5697579
728,551,393,13.814401
729,321,253,12.7184349
730,472,349,21.8319721
731,354,276,13.6989997
732,382,292,27.3882263
733,433,322,41.6178706
734,270,211,16.9580696
735,293,241,16.1736059
736,242,209,11.4399921
737,360,289,20.8246665
738,353,270,5.9719424
739,444,350,7.0540423
740,355,279,3.6129452
741,320,237,11.887083
742,445,318,23.5162665
743,414,333,2.4574468
744,369,288,5.4808401
745,396,293,13.6834386
746,353,270,12.3704491
747,499,356,40.5786063
748,350,282,13.7945652
749,362,287,8.5814904
750,463,333,21.1250364
751,383,297,15.3738332
752,454,315,17.718154
753,378,287,15.7416501
754,506,371,48.3231228
755,355,259,45.0950469
756,339,265,2.8893138
757,525,371,121.9288513
758,473,371,6.515476
759,495,360,27.2778552
760,387,312,8.0635589
761,516,376,6.4872384
762,293,216,247.5784921
763,391,301,17.9273628
764,510,359,37.1440274
765,365,277,12.5988292
766,526,378,19.9473796
767,406,323,5.4873035
768,402,303,16.1220697
769,373,270,74.8356232
770,461,336,2.186273
771,375,308,11.4713518
772,388,297,8.8191677
773,578,423,3.2542568
774,292,223,21.6779057
775,321,252,6.5170284
776,468,363,2.3053361
777,289,241,3.3849763
778,355,276,24.2274041
779,499,348,11.3293726
780,407,311,9.5530729
781,301,230,26.7775714
782,407,313,10.473296
783,515,372,13.8943724
784,382,284,16.8665576
785,234,186,7.7718384
786,437,338,35.7434503
787,360,272,4.4639152
788,282,215,54.0213912
789,506,370,13.752332
790,255,201,5.5452868
791,555,408,16.4174149
792,585,394,28.8339245
793,415,314,37.4640397
794,423,320,22.2850033
795,475,357,3.6839685
796,498,375,3.6029174
797,392,315,6.1778661
798,263,199,34.986761
799,567,415,1.147137
800,547,395,18.9349041
801,259,197,67.6804409
802,521,388,6.8956029
803,312,251,1.5997471
804,380,282,10.6805901
805,351,258,89.8763487
806,371,273,29.1028417
807,385,274,6.6390432
808,310,236,19.6100874
809,467,345,13.0929745
810,397,293,51.55416
811,371,277,32.2423027
812,412,301,34.7451087
813,461,328,46.8754566
814,527,387,24.1675587
815,364,285,8.353187
816,502,376,18.9830656
817,315,270,10.401197
818,560,402,14.4753519
819,348,282,2.9705407
820,445,317,11.4343524
821,416,308,24.8504233
822,425,325,38.5570647
823,397,299,11.8981657
824,324,250,6.3798433
825,361,291,17.1884349
826,628,442,53.775813
827,408,314,12.0742254
828,505,385,22.5310038
829,327,254,9.034802
830,472,357,7.2377843
831,416,338,3.8069426
832,378,295,10.8161661
833,448,317,28.7260637
834,439,310,3.9896168
835,473,346,45.1461092
836,368,281,26.0443332
837,386,285,19.0745049
838,398,285,14.6023926
839,312,221,28.9883607
