1 17 15 0.171072
2 16 16 0.035616
3 19 16 0.035528
4 20 16 0.025711
5 18 16 0.032747
6 16 16 0.022192
7 18 16 0.015865
8 20 16 0.015665
9 14 14 0.030184
10 16 15 0.033146
11 17 16 0.01318
12 17 15 0.013444
13 18 16 0.012359
14 16 15 0.034597
15 15 15 0.022168
16 14 14 0.013547
17 15 15 0.022711
18 16 16 0.013223
19 17 16 0.015428
20 19 16 0.015184
21 14 14 0.013586
22 15 15 0.014457
23 18 16 0.022899
24 16 16 0.016216
25 18 16 0.02727
26 18 16 0.030366
27 17 16 0.012854
28 17 16 0.012932
29 18 16 0.014051
30 15 15 0.012673
31 15 15 0.01283
32 16 16 0.012942
33 18 16 0.0135
34 18 16 0.012352
35 17 16 0.037916
36 16 16 0.037512
37 16 16 0.05355
38 17 16 0.012331
39 17 15 0.03363
40 19 16 0.012562
41 16 16 0.012922
42 17 15 0.011658
43 19 15 0.012602
44 18 16 0.012473
45 15 15 0.025404
46 15 15 0.028029
47 18 16 0.013785
48 15 15 0.013698
49 14 14 0.01483
50 20 15 0.014143
51 19 16 0.012053
52 17 16 0.013091
53 18 16 0.01275
54 17 16 0.01209
55 17 16 0.011916
56 19 16 0.011715
57 19 16 0.011527
58 17 15 0.028714
59 17 16 0.01224
60 18 15 0.028206
61 18 16 0.012095
62 16 16 0.029347
63 16 15 0.01256
64 15 15 0.01269
65 16 16 0.012155
66 15 15 0.013201
67 16 15 0.013577
68 18 16 0.026367
69 15 15 0.017078
70 19 16 0.029286
71 17 16 0.037062
72 19 16 0.052597
73 16 15 0.0311
74 18 16 0.037039
75 18 15 0.037138
76 19 16 0.022061
77 17 16 0.014075
78 17 16 0.04611
79 18 16 0.027752
80 16 15 0.02564
81 19 16 0.029235
82 17 16 0.012628
83 17 15 0.029329
84 19 16 0.012406
85 17 16 0.029185
86 18 16 0.055055
87 16 16 0.025867
88 17 16 0.03751
89 16 16 0.051844
90 17 15 0.036648
91 16 15 0.036903
92 19 16 0.036072
93 18 16 0.028284
94 14 14 0.037145
95 16 15 0.036538
96 17 15 0.036926
97 17 16 0.012711
98 17 16 0.020655
99 15 15 0.028719
100 17 16 0.036484
101 15 15 0.037445
102 17 15 0.036186
103 17 16 0.056186
104 20 16 0.027844
105 19 16 0.02756
106 17 15 0.024521
107 15 15 0.024658
108 18 16 0.032417
109 17 16 0.012614
110 17 16 0.024827
111 18 16 0.024783
112 16 15 0.012675
113 18 16 0.013157
114 17 16 0.012527
115 18 16 0.014799
116 15 15 0.012533
117 15 15 0.012452
118 17 15 0.012352
119 16 15 0.012378
120 16 15 0.012868
121 19 16 0.011795
122 15 15 0.028228
123 17 16 0.012255
124 16 15 0.012333
125 17 16 0.012095
126 16 16 0.011676
127 17 15 0.011809
128 15 15 0.012209
129 16 15 0.012343
130 17 15 0.01228
131 17 15 0.01255
132 19 16 0.011794
133 18 16 0.012092
134 18 16 0.012763
135 16 15 0.013011
136 15 15 0.01342
137 18 16 0.012632
138 15 15 0.012394
139 15 15 0.012147
140 17 16 0.01192
141 18 16 0.011807
142 20 16 0.011405
143 19 16 0.012116
144 15 15 0.012724
145 17 16 0.01172
146 19 16 0.012016
147 22 16 0.011287
148 17 15 0.012467
149 17 15 0.011571
150 16 15 0.012112
151 16 16 0.012669
152 17 15 0.012337
153 14 14 0.012297
154 18 16 0.01301
155 15 15 0.013689
156 17 16 0.011555
157 16 15 0.012056
158 17 16 0.014298
159 17 16 0.012654
160 20 16 0.011561
161 19 16 0.012037
162 17 16 0.029395
163 19 16 0.023757
164 18 16 0.023341
165 19 16 0.045796
166 16 15 0.036539
167 19 16 0.035979
168 16 15 0.03647
169 17 16 0.028252
170 15 15 0.048935
171 17 16 0.022911
172 20 16 0.039006
173 17 16 0.035479
174 18 16 0.028623
175 17 16 0.04856
176 17 16 0.012081
177 18 16 0.027295
178 18 16 0.013106
179 14 14 0.012684
180 16 16 0.016897
181 18 16 0.036753
182 17 16 0.040249
183 22 16 0.036495
184 19 16 0.03068
185 17 16 0.026884
186 16 15 0.034772
187 17 15 0.029411
188 17 15 0.020635
189 16 16 0.025813
190 18 16 0.028069
191 18 16 0.050573
192 14 14 0.032424
193 15 15 0.028612
194 15 15 0.01166
195 18 16 0.01118
196 17 16 0.011494
197 19 16 0.011433
198 17 16 0.011929
199 17 15 0.01208
200 17 16 0.011451
201 14 14 0.012101
202 16 16 0.024775
203 15 15 0.012138
204 17 16 0.011479
205 16 16 0.028014
206 16 16 0.024714
207 17 15 0.028129
208 17 16 0.035186
209 19 16 0.031034
210 18 16 0.045025
211 16 15 0.03615
212 20 16 0.011458
213 15 15 0.021005
214 15 15 0.041068
215 18 15 0.011122
216 20 16 0.0121
217 17 15 0.027822
218 17 16 0.011465
219 17 15 0.011823
220 19 16 0.010872
221 19 16 0.010869
222 16 16 0.024179
223 18 16 0.013298
224 20 16 0.012046
225 16 15 0.028649
226 17 16 0.011928
227 19 16 0.024816
228 19 16 0.012486
229 18 16 0.012617
230 18 15 0.012343
231 17 16 0.029237
232 19 16 0.012005
233 18 16 0.040386
234 15 15 0.012329
235 21 16 0.011463
236 17 16 0.011893
237 18 16 0.011761
238 17 15 0.012116
239 17 16 0.011871
240 17 16 0.012223
241 19 16 0.017545
242 17 16 0.032536
243 17 15 0.050137
244 19 16 0.01167
245 18 16 0.011971
246 19 16 0.028465
247 15 15 0.012484
248 16 15 0.029585
249 17 15 0.024746
250 16 15 0.013287
251 16 16 0.011947
252 19 16 0.011467
253 14 14 0.010063
254 15 15 0.010357
255 20 16 0.009717
256 18 16 0.010581
257 16 15 0.027958
258 16 16 0.012007
259 17 16 0.011222
260 18 16 0.01236
261 17 16 0.011923
262 17 16 0.011149
263 19 16 0.010901
264 17 15 0.011069
265 16 16 0.013042
266 18 16 0.01118
267 18 16 0.011944
268 19 16 0.011136
269 18 16 0.010894
270 15 15 0.011934
271 16 16 0.011824
272 15 15 0.012221
273 17 16 0.011277
274 16 15 0.014053
275 17 16 0.011779
276 15 15 0.011177
277 20 16 0.011062
278 20 16 0.01044
279 17 15 0.011227
280 19 16 0.010857
281 15 15 0.011075
282 18 16 0.024066
283 14 14 0.012118
284 17 16 0.010979
285 17 15 0.025611
286 16 15 0.012631
287 20 16 0.012275
288 16 15 0.011745
289 15 15 0.012123
290 18 16 0.011959
291 14 14 0.012541
292 17 15 0.011647
293 19 16 0.021427
294 17 16 0.011785
295 17 16 0.019997
296 16 15 0.012264
297 16 16 0.01193
298 18 16 0.02517
299 20 16 0.029535
300 17 16 0.011635
301 16 16 0.012057
302 17 15 0.011348
303 16 16 0.01129
304 17 16 0.011356
305 17 16 0.011762
306 16 16 0.011037
307 19 16 0.011
308 19 16 0.011925
309 15 15 0.011867
310 16 15 0.011489
311 16 15 0.011119
312 18 16 0.010556
313 16 16 0.038946
314 18 16 0.010901
315 17 16 0.011497
316 20 16 0.012315
317 19 16 0.011541
318 20 16 0.010588
319 16 16 0.010963
320 16 15 0.010755
321 17 16 0.010697
322 17 16 0.010585
323 19 16 0.012025
324 22 16 0.010461
325 16 16 0.011204
326 19 16 0.028098
327 15 15 0.020035
328 15 15 0.028019
329 16 16 0.028958
330 16 16 0.029186
331 20 16 0.020684
332 16 15 0.033817
333 17 15 0.012171
334 15 15 0.03035
335 15 15 0.0257
336 16 16 0.031974
337 16 15 0.020478
338 18 16 0.019858
339 14 14 0.030015
340 17 15 0.016115
341 18 16 0.022116
342 19 16 0.028492
343 16 15 0.020382
344 17 16 0.011349
345 16 15 0.022613
346 19 16 0.011879
347 18 16 0.011945
348 16 16 0.012203
349 16 15 0.01202
350 18 15 0.011546
351 18 15 0.011948
352 17 16 0.0119
353 16 16 0.01166
354 15 15 0.012514
355 21 16 0.011465
356 18 15 0.011337
357 16 15 0.011564
358 21 16 0.01095
359 18 16 0.011597
360 17 16 0.011058
361 19 16 0.011334
362 14 14 0.012131
363 15 15 0.011266
364 19 16 0.021691
365 16 16 0.011332
366 19 16 0.025751
367 16 16 0.020608
368 16 15 0.018776
369 16 16 0.012392
370 17 16 0.012595
371 17 15 0.012648
372 19 16 0.011402
373 18 16 0.011773
374 15 15 0.011499
375 17 16 0.011873
376 18 16 0.012078
377 20 16 0.01211
378 18 16 0.012532
379 18 16 0.012414
380 16 15 0.012722
381 18 15 0.011642
382 17 16 0.011651
383 15 15 0.011863
384 16 16 0.012035
385 16 16 0.013818
386 15 15 0.01524
387 16 15 0.02708
388 17 16 0.011682
389 14 14 0.013024
390 15 15 0.013365
391 18 16 0.011506
392 18 16 0.011992
393 16 15 0.011552
394 17 16 0.014459
395 17 16 0.013904
396 20 16 0.02567
397 16 15 0.012178
398 17 16 0.011974
399 16 15 0.012893
400 17 15 0.011973
401 20 16 0.01084
402 16 15 0.011136
403 17 16 0.011762
404 20 16 0.011546
405 17 15 0.011141
406 16 15 0.011096
407 18 16 0.011364
408 18 16 0.011565
409 17 15 0.010746
410 19 16 0.01078
411 19 16 0.011313
412 19 16 0.011637
413 17 16 0.010828
414 19 16 0.010661
415 16 15 0.01119
416 18 16 0.012013
417 17 16 0.011084
418 17 16 0.010864
419 19 16 0.010841
420 15 15 0.011919
421 17 15 0.1474417
422 18 16 0.0623892
423 16 15 0.0475317
424 17 16 0.0293928
425 17 16 0.0557648
426 16 15 0.0353412
427 17 16 0.0268253
428 15 15 0.0359751
429 16 16 0.0229626
430 15 15 0.0220575
431 16 15 0.0399867
432 15 15 0.022373
433 16 15 0.0207226
434 18 16 0.0343669
435 17 15 0.0228262
436 16 16 0.0249785
437 17 16 0.0221023
438 20 16 0.0256591
439 16 16 0.0256123
440 17 16 0.0229816
441 15 15 0.0216403
442 19 16 0.0316811
443 16 16 0.0213222
444 17 16 0.0349897
445 16 16 0.0217747
446 15 15 0.0203023
447 17 16 0.0193616
448 18 16 0.029093
449 20 16 0.019793
450 20 16 0.0281822
451 15 15 0.0232392
452 18 16 0.0222854
453 16 15 0.0246182
454 15 15 0.0332028
455 17 15 0.0217004
456 18 16 0.0218856
457 14 14 0.0346247
458 17 16 0.0225668
459 15 15 0.02
460 17 16 0.0227249
461 18 16 0.028932
462 16 16 0.020955
463 17 16 0.0282157
464 18 16 0.0220507
465 18 16 0.0182733
466 17 16 0.0228637
467 21 16 0.0188856
468 16 16 0.0262406
469 14 14 0.0245672
470 16 15 0.0264948
471 20 16 0.0191902
472 17 16 0.0273647
473 17 16 0.021731
474 21 16 0.0231738
475 16 15 0.0224993
476 17 16 0.0204682
477 18 16 0.0295995
478 15 15 0.0207164
479 15 15 0.0221237
480 17 16 0.0236494
481 15 15 0.0674848
482 19 16 0.0240088
483 17 15 0.0195001
484 15 15 0.0223207
485 14 14 0.0256773
486 18 16 0.0183437
487 17 16 0.0219415
488 20 16 0.0220137
489 20 16 0.0175541
490 15 15 0.0199482
491 19 16 0.0220564
492 17 16 0.0218644
493 19 16 0.0207181
494 16 15 0.0238761
495 17 16 0.0228121
496 17 15 0.0175797
497 17 16 0.0201662
498 17 16 0.0225176
499 18 16 0.0190956
500 16 16 0.0218961
501 16 15 0.0234418
502 17 16 0.0195491
503 15 15 0.02031
504 15 15 0.0227885
505 20 15 0.0178306
506 17 16 0.0230336
507 20 16 0.0302562
508 17 15 0.0255536
509 15 15 0.0290954
510 18 16 0.0207855
511 16 16 0.0224724
512 17 16 0.0241748
513 17 16 0.0244547
514 16 16 0.022355
515 19 16 0.0207842
516 17 16 0.0214575
517 18 15 0.0228251
518 18 16 0.0210273
519 17 15 0.0212826
520 18 16 0.0274663
521 15 15 0.0235172
522 17 15 0.0263688
523 17 16 0.0228835
524 16 16 0.0205809
525 17 16 0.0286474
526 18 16 0.0202257
527 18 16 0.0240954
528 16 15 0.0292416
529 18 16 0.0204706
530 21 16 0.0192039
531 17 16 0.022063
532 17 16 0.023559
533 18 16 0.0206844
534 18 16 0.0400918
535 17 16 0.0203321
536 18 16 0.0193561
537 16 16 0.0197147
538 20 16 0.022644
539 18 16 0.0200077
540 15 15 0.0421431
541 14 14 0.0207229
542 18 16 0.0194037
543 18 16 0.0189794
544 20 16 0.0194358
545 16 15 0.0211677
546 19 16 0.0221212
547 18 16 0.0189651
548 17 16 0.0202831
549 19 16 0.0189766
550 16 16 0.0298915
551 16 16 0.0243763
552 17 16 0.0357395
553 16 15 0.0334524
554 17 16 0.0255159
555 18 16 0.023761
556 17 16 0.0274384
557 16 16 0.0187953
558 17 16 0.0193355
559 18 16 0.0308918
560 17 16 0.020237
561 16 16 0.0255962
562 19 16 0.0178631
563 17 16 0.0420259
564 15 15 0.0219572
565 15 15 0.01862
566 15 15 0.0354212
567 16 16 0.0280938
568 18 16 0.0202374
569 19 16 0.0373779
570 18 16 0.0192965
571 18 16 0.0246847
572 19 16 0.0209133
573 17 16 0.0201706
574 18 16 0.0205689
575 15 15 0.021825
576 18 16 0.0186835
577 14 14 0.0195656
578 18 16 0.0230045
579 15 15 0.0232416
580 18 16 0.0216529
581 16 16 0.0234539
582 17 16 0.0194815
583 18 16 0.0197351
584 17 16 0.0194332
585 16 16 0.022789
586 14 14 0.0207541
587 16 15 0.0207516
588 14 14 0.0207724
589 17 16 0.0202966
590 19 15 0.0189018
591 17 15 0.0401428
592 17 15 0.0201235
593 18 16 0.0195194
594 20 16 0.0366904
595 16 16 0.0217887
596 17 15 0.0201321
597 15 15 0.0223939
598 16 15 0.0266408
599 15 15 0.0277698
600 18 16 0.0186658
601 17 16 0.0200451
602 18 16 0.0195057
603 18 16 0.0190567
604 16 16 0.0236222
605 15 15 0.0217826
606 17 16 0.0174641
607 20 16 0.0210905
608 16 15 0.0210482
609 16 16 0.020942
610 18 16 0.024364
611 18 16 0.0186712
612 17 16 0.0207018
613 16 15 0.020903
614 16 15 0.021367
615 19 16 0.0173505
616 15 15 0.0246276
617 17 16 0.0207252
618 19 16 0.0345528
619 17 16 0.023052
620 16 15 0.0239364
621 14 14 0.023086
622 16 15 0.0211403
623 17 15 0.0180129
624 17 16 0.0200268
625 18 15 0.0196954
626 17 16 0.0267342
627 18 16 0.0190895
628 16 15 0.0198425
629 16 15 0.0209017
630 18 16 0.0198145
631 18 16 0.0263903
632 16 15 0.0854391
633 15 15 0.0197215
634 19 15 0.0184857
635 19 16 0.0202083
636 19 16 0.0178062
637 19 16 0.0208499
638 16 16 0.0211402
639 16 15 0.0201427
640 14 14 0.0200288
641 16 16 0.019379
642 18 16 0.0190675
643 18 16 0.0187605
644 15 15 0.0182628
645 18 16 0.0181138
646 15 15 0.0198698
647 16 16 0.0227454
648 17 16 0.0226772
649 15 15 0.0252884
650 16 16 0.0206695
651 16 16 0.0208446
652 18 16 0.0186048
653 15 15 0.0204393
654 16 16 0.0199401
655 19 16 0.0171407
656 16 15 0.0194562
657 18 15 0.0178404
658 19 16 0.0188507
659 16 16 0.0197806
660 18 16 0.0217343
661 17 16 0.02211
662 19 16 0.0194651
663 15 15 0.0190717
664 16 16 0.0195625
665 15 15 0.0196574
666 16 15 0.0190331
667 16 15 0.021774
668 18 16 0.018356
669 19 16 0.0168641
670 17 16 0.0193645
671 16 16 0.0221392
672 19 16 0.0189916
673 16 15 0.0209488
674 16 16 0.0233985
675 14 14 0.0195186
676 15 15 0.021822
677 20 16 0.0190499
678 18 15 0.0195435
679 16 15 0.0194397
680 18 16 0.0229085
681 16 16 0.0238208
682 18 16 0.0189211
683 16 16 0.0232366
684 20 16 0.0184923
685 19 16 0.0186246
686 19 15 0.0181717
687 16 15 0.0183475
688 16 16 0.0198558
689 20 16 0.0210594
690 18 16 0.0189772
691 18 16 0.021901
692 16 16 0.0222591
693 14 14 0.0239079
694 17 16 0.0237496
695 16 15 0.0194066
696 17 16 0.0235957
697 18 16 0.0225603
698 16 16 0.0211336
699 18 16 0.0219513
700 18 16 0.0196668
701 18 16 0.0177638
702 19 16 0.0223493
703 17 16 0.0188335
704 15 15 0.0240999
705 17 16 0.0186271
706 19 16 0.0167751
707 16 15 0.0179914
708 15 15 0.0197659
709 17 16 0.0192805
710 18 16 0.0234774
711 16 15 0.023981
712 15 15 0.0219285
713 17 15 0.0213153
714 19 16 0.0223988
715 16 16 0.0202353
716 20 16 0.0199687
717 17 16 0.020735
718 18 16 0.0230659
719 18 16 0.0234014
720 17 16 0.0187019
721 18 16 0.0233583
722 18 15 0.0217507
723 17 16 0.0190583
724 17 15 0.0227021
725 17 15 0.0185098
726 17 16 0.0253496
727 17 16 0.0194085
728 18 16 0.032022
729 21 16 0.044368
730 16 16 0.0287502
731 18 16 0.0250807
732 16 15 0.0230986
733 17 16 0.0186648
734 14 14 0.0369025
735 17 16 0.0324895
736 17 16 0.0277056
737 17 15 0.0219925
738 16 15 0.0186653
739 16 16 0.0208175
740 15 15 0.0216566
741 17 15 0.0231138
742 19 16 0.0449922
743 17 16 0.0315847
744 16 16 0.0184959
745 18 16 0.0236991
746 16 15 0.0198004
747 16 15 0.0423732
748 16 16 0.0484485
749 18 15 0.018713
750 16 16 0.0200718
751 20 16 0.0573336
752 15 15 0.0214646
753 15 15 0.0213814
754 16 16 0.0224914
755 18 16 0.0188328
756 19 16 0.0182903
757 15 15 0.0234936
758 17 16 0.0267771
759 19 16 0.0494883
760 19 16 0.029903
761 16 15 0.0222233
762 19 16 0.0213414
763 19 16 0.0203881
764 16 16 0.02236
765 16 16 0.0188108
766 15 15 0.0213181
767 17 16 0.017781
768 19 16 0.0255805
769 16 16 0.0228515
770 18 16 0.0262468
771 17 16 0.0215586
772 16 15 0.0176532
773 16 16 0.0225865
774 19 16 0.0239873
775 16 16 0.0197099
776 17 16 0.0234608
777 17 16 0.0275736
778 17 16 0.0185892
779 16 15 0.0257244
780 15 15 0.023135
781 15 15 0.0243705
782 19 15 0.017029
783 17 16 0.0208213
784 20 16 0.0175926
785 15 15 0.0210807
786 17 15 0.0221563
787 19 16 0.0183037
788 18 16 0.0260211
789 15 15 0.0229239
790 16 15 0.0213902
791 14 14 0.0213303
792 15 15 0.0249611
793 19 16 0.017757
794 16 16 0.0228246
795 16 16 0.0220382
796 16 15 0.0202502
797 18 16 0.0218294
798 19 16 0.0188246
799 15 15 0.01942
800 19 16 0.0175598
801 19 16 0.0177322
802 20 16 0.0203767
803 18 16 0.0187512
804 15 15 0.0176112
805 16 16 0.0204057
806 21 16 0.021506
807 18 16 0.0217826
808 16 16 0.0173443
809 18 16 0.0181154
810 17 15 0.0127333
811 18 16 0.0175942
812 20 16 0.014072
813 17 16 0.020989
814 15 15 0.0197617
815 17 16 0.0167614
816 17 16 0.0131036
817 15 15 0.0193542
818 20 16 0.010708
819 17 16 0.018337
820 16 15 0.0281781
821 20 16 0.0113327
822 15 15 0.0155578
823 17 16 0.0185783
824 21 16 0.0112324
825 16 15 0.0152085
826 15 15 0.0100321
827 15 15 0.0114966
828 17 16 0.0116698
829 16 15 0.0140847
830 18 16 0.0120656
831 20 16 0.0128862
832 18 16 0.0091795
833 17 15 0.0096928
834 17 16 0.009565
835 15 15 0.0138905
836 16 16 0.0095471
837 17 16 0.0116283
838 16 15 0.0246396
839 17 16 0.0113202
840 18 15 0.014821
