1 47 37 0.306585
2 48 39 0.088359
3 63 46 0.101165
4 53 40 0.049873
5 50 38 0.06941
6 50 37 0.19279
7 54 41 0.084094
8 46 35 0.105013
9 53 40 0.104185
10 43 36 0.074691
11 72 47 0.13574
12 33 29 0.088916
13 44 35 0.055638
14 39 32 0.092044
15 56 41 0.0682
16 52 39 0.088476
17 39 28 0.11176
18 53 39 0.106054
19 63 39 0.050597
20 31 30 0.063012
21 56 43 0.078945
22 51 38 0.09306
23 51 39 0.071543
24 50 40 0.075463
25 55 46 0.092706
26 52 42 0.051305
27 35 28 0.054695
28 35 32 0.068913
29 56 39 0.079414
30 60 46 0.098734
31 50 40 0.086736
32 55 40 0.03957
33 41 32 0.044161
34 26 23 0.088475
35 39 33 0.073228
36 55 40 0.1049
37 52 39 0.09114
38 51 39 0.06609
39 32 26 0.037627
40 69 46 0.079375
41 48 40 0.045339
42 52 41 0.070375
43 42 32 0.032315
44 61 45 0.170908
45 51 42 0.098796
46 58 47 0.074279
47 41 30 0.089998
48 62 45 0.065652
49 69 48 0.049735
50 52 40 0.099781
51 49 40 0.098836
52 59 44 0.062836
53 55 43 0.041362
54 62 41 0.046371
55 44 38 0.096846
56 44 35 0.09996
57 37 31 0.038701
58 38 31 0.097211
59 56 44 0.047286
60 33 30 0.063834
61 52 40 0.036757
62 37 30 0.126569
63 24 20 0.111903
64 32 28 0.05428
65 49 43 0.037
66 59 45 0.048264
67 36 30 0.055273
68 84 56 0.047317
69 44 38 0.053286
70 45 35 0.054717
71 69 47 0.055512
72 40 34 0.053852
73 42 33 0.055705
74 48 38 0.042831
75 37 32 0.042377
76 48 35 0.045315
77 69 46 0.067143
78 63 47 0.084498
79 42 32 0.090568
80 64 42 0.12165
81 43 32 0.067061
82 73 57 0.042265
83 39 32 0.101555
84 70 52 0.084905
85 47 38 0.07524
86 55 40 0.072758
87 48 35 0.048363
88 50 37 0.044334
89 52 39 0.097546
90 51 36 0.049388
91 67 49 0.086812
92 50 39 0.049065
93 68 46 0.077992
94 54 40 0.083291
95 76 51 0.057926
96 38 28 0.11723
97 57 43 0.105472
98 36 31 0.128218
99 47 36 0.053363
100 65 47 0.055853
101 40 30 0.073258
102 55 41 0.152311
103 35 28 0.076113
104 41 33 0.063258
105 53 40 0.060474
106 55 41 0.054421
107 48 41 0.117108
108 48 40 0.122982
109 47 36 0.137867
110 58 47 0.109245
111 48 39 0.049083
112 59 43 0.042786
113 52 41 0.044173
114 47 36 0.111716
115 48 35 0.043052
116 34 30 0.056344
117 37 35 0.047993
118 45 35 0.131718
119 47 35 0.059861
120 37 29 0.054159
121 46 35 0.093302
122 61 43 0.057996
123 59 46 0.089502
124 52 41 0.043856
125 45 37 0.048856
126 59 46 0.039943
127 45 35 0.068171
128 43 34 0.117679
129 50 38 0.079119
130 44 35 0.117668
131 33 29 0.072345
132 67 46 0.088968
133 55 39 0.063197
134 66 48 0.110425
135 38 30 0.109781
136 46 36 0.074247
137 52 40 0.049971
138 43 33 0.042744
139 57 45 0.039426
140 41 34 0.105809
141 54 42 0.120929
142 47 36 0.093866
143 58 42 0.096849
144 40 31 0.114482
145 48 35 0.156593
146 60 41 0.105375
147 47 37 0.08568
148 50 42 0.103746
149 50 37 0.09123
150 48 38 0.038041
151 53 38 0.052384
152 39 30 0.041201
153 42 31 0.09367
154 50 37 0.097649
155 44 35 0.053668
156 50 38 0.034019
157 49 39 0.04093
158 43 36 0.037098
159 67 49 0.042306
160 70 50 0.057691
161 40 32 0.065403
162 51 40 0.109174
163 39 32 0.115621
164 55 41 0.03975
165 48 37 0.055602
166 61 44 0.043404
167 68 49 0.055799
168 65 47 0.04958
169 43 31 0.070041
170 47 33 0.039242
171 48 42 0.039147
172 32 28 0.102775
173 75 50 0.033
174 55 40 0.061022
175 53 41 0.068116
176 52 38 0.053367
177 58 43 0.059037
178 53 40 0.067025
179 34 28 0.054797
180 36 31 0.07721
181 46 36 0.054332
182 50 38 0.054621
183 53 41 0.093629
184 58 43 0.050117
185 56 41 0.05331
186 38 31 0.05191
187 37 32 0.083187
188 58 43 0.057497
189 53 43 0.048181
190 61 44 0.054963
191 55 39 0.055717
192 67 45 0.083758
193 59 47 0.09175
194 43 34 0.112948
195 61 42 0.029162
196 40 33 0.03563
197 41 36 0.058059
198 42 36 0.049114
199 50 38 0.047566
200 48 36 0.030376
201 44 36 0.043548
202 38 29 0.048127
203 50 41 0.076234
204 53 38 0.061532
205 60 41 0.053185
206 51 39 0.045878
207 40 29 0.053812
208 65 46 0.043338
209 44 36 0.041555
210 56 44 0.033602
211 42 38 0.040642
212 54 39 0.03821
213 65 42 0.071964
214 47 36 0.049217
215 55 41 0.041363
216 54 42 0.051903
217 41 31 0.040565
218 37 31 0.046931
219 56 40 0.053637
220 51 38 0.070187
221 50 38 0.045651
222 48 41 0.04986
223 40 35 0.054902
224 67 49 0.076156
225 46 38 0.08342
226 47 36 0.051484
227 31 26 0.110968
228 26 23 0.100965
229 51 41 0.053111
230 57 44 0.127233
231 45 33 0.054878
232 48 39 0.073396
233 54 42 0.061295
234 51 40 0.040628
235 46 38 0.060008
236 61 48 0.069152
237 41 35 0.098879
238 49 37 0.071184
239 46 40 0.058596
240 57 44 0.072655
241 60 44 0.077789
242 64 47 0.052182
243 47 38 0.041084
244 52 40 0.052613
245 73 51 0.072378
246 45 37 0.047444
247 51 36 0.038816
248 52 41 0.069574
249 56 41 0.088058
250 42 32 0.052563
251 59 42 0.050754
252 51 38 0.041487
253 38 31 0.038988
254 67 50 0.054628
255 77 56 0.043152
256 57 42 0.050481
257 50 34 0.043814
258 57 43 0.041992
259 58 41 0.047267
260 40 33 0.051252
261 48 42 0.043764
262 58 41 0.052796
263 69 45 0.038642
264 55 36 0.040314
265 58 42 0.057646
266 51 40 0.033101
267 47 37 0.05233
268 53 40 0.057976
269 57 41 0.053033
270 63 49 0.055993
271 51 37 0.036092
272 49 40 0.038004
273 45 31 0.038083
274 68 48 0.042697
275 50 39 0.048105
276 47 39 0.044095
277 53 39 0.096561
278 64 48 0.100084
279 41 31 0.081565
280 57 40 0.055138
281 45 37 0.070684
282 47 38 0.113199
283 49 38 0.084152
284 56 43 0.05696
285 52 41 0.061355
286 52 39 0.054393
287 61 44 0.046288
288 47 43 0.072172
289 57 47 0.052928
290 59 40 0.066806
291 36 29 0.072787
292 46 37 0.055702
293 55 41 0.091223
294 44 36 0.111655
295 60 43 0.086349
296 39 33 0.115577
297 34 28 0.121012
298 46 35 0.070034
299 47 32 0.050607
300 50 38 0.074417
301 44 38 0.084777
302 51 39 0.050771
303 54 40 0.048985
304 40 32 0.124792
305 59 46 0.097247
306 60 46 0.152064
307 52 40 0.049009
308 41 34 0.104355
309 45 35 0.04484
310 51 39 0.039294
311 51 40 0.0929
312 39 31 0.047488
313 36 31 0.050536
314 51 37 0.041273
315 43 32 0.060772
316 54 42 0.044087
317 50 38 0.076011
318 49 36 0.071799
319 42 33 0.053278
320 56 44 0.068188
321 57 39 0.054734
322 59 41 0.062618
323 34 28 0.07786
324 57 44 0.046296
325 35 28 0.061282
326 49 38 0.050655
327 50 40 0.04175
328 37 32 0.053234
329 71 46 0.056127
330 62 43 0.068443
331 55 38 0.059502
332 52 41 0.045089
333 40 32 0.052458
334 56 40 0.039638
335 43 35 0.046852
336 60 47 0.045969
337 50 39 0.044266
338 53 36 0.055398
339 58 47 0.047281
340 39 29 0.073278
341 54 38 0.051271
342 51 38 0.067615
343 52 41 0.038615
344 44 35 0.05125
345 33 26 0.034428
346 47 35 0.088637
347 49 39 0.05467
348 47 41 0.031444
349 51 38 0.069699
350 36 30 0.130948
351 66 46 0.036921
352 58 46 0.04418
353 55 43 0.102789
354 54 41 0.041738
355 72 48 0.057328
356 50 39 0.047741
357 43 34 0.050442
358 43 36 0.124857
359 50 41 0.039585
360 68 50 0.124593
361 49 45 0.05206
362 58 41 0.06763
363 58 44 0.051359
364 50 40 0.033659
365 45 36 0.055307
366 51 40 0.037227
367 47 34 0.057036
368 40 33 0.050342
369 36 29 0.089758
370 40 32 0.078761
371 69 48 0.049878
372 45 34 0.055994
373 51 39 0.091254
374 49 35 0.066178
375 41 31 0.144188
376 59 42 0.058144
377 58 40 0.032069
378 46 37 0.041845
379 41 33 0.067575
380 42 34 0.082517
381 31 27 0.067491
382 61 48 0.036712
383 23 22 0.038437
384 54 39 0.07218
385 56 43 0.051662
386 47 34 0.110249
387 61 44 0.048826
388 65 44 0.047291
389 60 45 0.047185
390 53 41 0.039822
391 46 36 0.061855
392 45 38 0.048747
393 45 35 0.046585
394 43 33 0.060449
395 52 38 0.043986
396 39 31 0.039395
397 45 37 0.033784
398 34 30 0.040813
399 54 45 0.05372
400 48 42 0.072785
401 58 44 0.043096
402 47 39 0.053261
403 46 38 0.066348
404 51 40 0.03664
405 41 34 0.049845
406 49 34 0.101644
407 36 30 0.059022
408 43 35 0.049262
409 51 40 0.046189
410 65 46 0.046643
411 62 48 0.173751
412 69 50 0.05411
413 36 31 0.075821
414 60 41 0.047808
415 44 31 0.04644
416 47 34 0.045482
417 31 28 0.039911
418 51 40 0.042533
419 49 39 0.036765
420 55 45 0.040486
421 45 35 0.3204292
422 51 36 0.2177327
423 40 35 0.2164634
424 56 43 0.1191366
425 58 45 0.0893705
426 59 42 0.2273151
427 54 38 0.3597775
428 44 35 0.189205
429 36 31 0.1811203
430 57 44 0.3903916
431 47 37 0.2802187
432 53 42 0.2697986
433 62 50 0.130144
434 53 40 0.1289733
435 52 43 0.1587478
436 46 36 0.2490064
437 69 49 0.1692914
438 35 32 0.1963933
439 55 39 0.1022501
440 38 33 0.1431408
441 53 39 0.1463545
442 78 52 0.181613
443 53 39 0.1213183
444 56 47 0.2395548
445 62 46 0.1669276
446 45 34 0.2621439
447 40 33 0.1487843
448 48 37 0.2476091
449 41 32 0.2855297
450 39 30 0.2937079
451 51 39 0.2555395
452 47 37 0.2406124
453 51 42 0.1847292
454 34 29 0.1662889
455 43 37 0.1383228
456 60 44 0.1169598
457 60 48 0.1664868
458 35 28 0.191973
459 69 49 0.3234606
460 48 38 0.2267448
461 66 44 0.1528575
462 38 29 0.269577
463 50 39 0.2255104
464 51 37 0.2279335
465 35 32 0.2534043
466 47 32 0.2584579
467 54 42 0.1694128
468 55 40 0.280642
469 39 33 0.2976245
470 51 39 0.2537379
471 43 35 0.1567798
472 68 48 0.2627594
473 62 42 0.2833424
474 64 45 0.2533931
475 57 45 0.1651401
476 52 37 0.2685982
477 67 47 0.1759613
478 38 28 0.2744603
479 37 30 0.2860962
480 47 34 0.1889414
481 62 40 0.1566834
482 41 34 0.2495738
483 64 48 0.1823416
484 44 35 0.2786491
485 44 32 0.2468977
486 51 40 0.0671556
487 66 52 0.2084343
488 54 41 0.1497054
489 33 23 0.0567172
490 43 32 0.1690628
491 42 35 0.232965
492 37 29 0.0813118
493 57 41 0.0591125
494 67 45 0.0589856
495 41 36 0.0683397
496 58 41 0.1882549
497 42 32 0.0622083
498 41 33 0.0524049
499 47 32 0.131468
500 69 48 0.1280695
501 54 40 0.0676675
502 53 39 0.0600787
503 40 37 0.0602804
504 40 33 0.0843639
505 52 38 0.0670995
506 30 28 0.1439123
507 36 31 0.0613183
508 58 42 0.3003099
509 54 40 0.055946
510 62 45 0.0658084
511 39 31 0.1824557
512 72 47 0.0662543
513 56 43 0.0635999
514 41 32 0.0722142
515 46 38 0.0465053
516 61 46 0.0569401
517 55 40 0.0590095
518 46 36 0.0700235
519 56 45 0.0632225
520 53 41 0.0678266
521 57 43 0.0513414
522 52 41 0.0576824
523 49 40 0.0676387
524 56 45 0.0573483
525 53 41 0.0733197
526 58 40 0.0806926
527 43 32 0.0703246
528 38 32 0.0585435
529 38 33 0.1128081
530 50 34 0.147489
531 47 40 0.0684589
532 39 34 0.0617121
533 68 51 0.0613277
534 61 45 0.0571604
535 51 37 0.0524155
536 44 35 0.059193
537 47 39 0.0577952
538 30 28 0.0788103
539 51 41 0.0719416
540 44 37 0.0592032
541 31 25 0.0732031
542 45 36 0.0635556
543 34 30 0.0696651
544 44 34 0.070113
545 43 36 0.062001
546 60 47 0.0514386
547 39 33 0.0638926
548 62 45 0.0536976
549 58 42 0.0551792
550 61 44 0.0735834
551 52 40 0.0528975
552 61 47 0.0338955
553 41 33 0.0455
554 54 41 0.0531387
555 47 37 0.0459769
556 44 38 0.0449217
557 50 38 0.0576576
558 57 42 0.0576723
559 50 38 0.0576877
560 44 32 0.0491053
561 44 35 0.0478597
562 37 31 0.038475
563 67 45 0.0459341
564 48 37 0.0721249
565 63 44 0.050953
566 62 46 0.0490346
567 49 37 0.0425547
568 43 30 0.0512662
569 35 27 0.0691253
570 60 46 0.0577022
571 32 27 0.0613166
572 52 40 0.0723049
573 48 38 0.0599752
574 47 35 0.0684196
575 63 46 0.0585387
576 49 39 0.0515763
577 40 33 0.0446631
578 39 34 0.0484475
579 45 34 0.0500725
580 56 43 0.050035
581 37 32 0.0428344
582 67 47 0.0522285
583 52 42 0.0482796
584 49 37 0.046913
585 55 41 0.0686645
586 50 41 0.0668767
587 52 41 0.0520098
588 24 23 0.0505036
589 41 32 0.0374649
590 50 38 0.0475996
591 50 35 0.0551584
592 50 39 0.0439551
593 38 36 0.0417086
594 44 40 0.038276
595 47 35 0.0385077
596 47 39 0.0356288
597 42 36 0.0351777
598 64 46 0.0511859
599 44 36 0.0650451
600 42 32 0.0575351
601 58 42 0.0472733
602 41 30 0.0544809
603 49 36 0.0543238
604 65 45 0.0484484
605 48 38 0.0470107
606 55 41 0.0306151
607 51 37 0.0421547
608 48 34 0.0413405
609 35 31 0.0537269
610 63 45 0.0436853
611 48 39 0.0380684
612 40 34 0.0346753
613 36 28 0.0400624
614 51 38 0.0337283
615 51 41 0.0397427
616 56 39 0.030971
617 51 40 0.0372362
618 49 38 0.0410254
619 41 31 0.0576513
620 39 32 0.0328869
621 55 40 0.0363927
622 43 35 0.0388105
623 35 31 0.036632
624 65 45 0.0276605
625 58 42 0.0420628
626 39 35 0.0495335
627 68 50 0.0294804
628 54 43 0.0481384
629 37 31 0.0395231
630 43 33 0.0493486
631 54 39 0.0300772
632 56 38 0.0537343
633 56 42 0.0555512
634 43 33 0.0357475
635 59 42 0.0505104
636 39 34 0.0420726
637 45 37 0.0528621
638 40 34 0.0540637
639 59 43 0.0465184
640 44 37 0.0562349
641 51 35 0.0494549
642 41 31 0.0435767
643 40 32 0.0467534
644 62 45 0.0394901
645 44 36 0.0510506
646 53 38 0.0387515
647 53 37 0.0358264
648 40 32 0.037531
649 36 27 0.0495345
650 68 45 0.0316078
651 61 40 0.0382258
652 46 34 0.0420943
653 54 41 0.031901
654 42 36 0.0363313
655 48 38 0.0309492
656 39 31 0.0448869
657 60 45 0.0325936
658 60 44 0.0523035
659 43 34 0.0530658
660 44 37 0.0457408
661 49 42 0.0295435
662 22 20 0.0479512
663 52 37 0.0288531
664 40 34 0.0385389
665 57 43 0.046198
666 61 45 0.0376807
667 56 42 0.0288384
668 50 37 0.0303836
669 49 37 0.0461109
670 36 31 0.0446755
671 45 36 0.0324061
672 47 38 0.0446698
673 39 34 0.0337001
674 54 39 0.0545577
675 49 41 0.0519854
676 42 34 0.0491052
677 49 37 0.043856
678 66 51 0.0411545
679 53 37 0.0306201
680 43 34 0.038349
681 53 38 0.0391801
682 50 40 0.0294153
683 50 44 0.0349904
684 52 35 0.0436831
685 56 44 0.0378423
686 48 36 0.0290284
687 54 40 0.0332309
688 44 34 0.0338442
689 38 31 0.0461347
690 36 32 0.0297654
691 54 43 0.0445237
692 53 39 0.0322854
693 47 37 0.0315906
694 50 38 0.0282461
695 56 43 0.0308433
696 42 31 0.0511895
697 61 42 0.0335426
698 61 47 0.0272556
699 45 38 0.0339317
700 48 39 0.0325449
701 41 35 0.0383943
702 70 46 0.025439
703 64 51 0.0349555
704 44 34 0.0283605
705 59 45 0.0312126
706 48 37 0.0379311
707 45 36 0.0338845
708 52 40 0.0543508
709 78 53 0.052921
710 57 42 0.0355531
711 54 40 0.0467656
712 51 41 0.0294065
713 45 35 0.0366162
714 33 28 0.0311109
715 59 43 0.0348772
716 51 36 0.0273025
717 51 40 0.0298114
718 38 32 0.029659
719 39 31 0.022842
720 41 34 0.0267857
721 69 50 0.02978
722 43 37 0.0319604
723 48 39 0.0296322
724 44 39 0.0289688
725 66 48 0.0372596
726 56 41 0.0309435
727 30 27 0.0352017
728 66 48 0.0289906
729 48 42 0.026924
730 45 34 0.0335554
731 45 38 0.0262893
732 56 41 0.0271297
733 42 34 0.0294814
734 53 43 0.0258629
735 60 44 0.0246249
736 35 32 0.0332713
737 40 32 0.0324412
738 55 44 0.0279284
739 63 49 0.0298269
740 52 42 0.0221338
741 49 38 0.0303113
742 47 36 0.0314698
743 49 39 0.0304158
744 51 41 0.0251683
745 49 39 0.0247577
746 44 37 0.0256032
747 51 36 0.0301594
748 48 33 0.0236707
749 58 39 0.0260114
750 47 35 0.0184636
751 48 38 0.0243074
752 61 44 0.0223796
753 57 45 0.0263643
754 40 28 0.0280638
755 59 44 0.0239801
756 70 45 0.0254248
757 37 29 0.0292773
758 43 36 0.0205294
759 50 35 0.0256564
760 51 42 0.026413
761 54 37 0.0218432
762 63 46 0.0246701
763 48 39 0.0241289
764 45 36 0.0237733
765 53 40 0.0349006
766 66 47 0.0269958
767 36 31 0.0251902
768 48 40 0.0239555
769 46 37 0.0250095
770 61 47 0.0239951
771 41 34 0.027456
772 58 42 0.0189407
773 51 40 0.0233985
774 36 31 0.0256781
775 50 39 0.0331811
776 59 41 0.0238466
777 66 47 0.0196459
778 60 42 0.020597
779 47 37 0.0300887
780 33 27 0.0231803
781 31 25 0.0244733
782 65 44 0.0246927
783 69 47 0.0283703
784 46 36 0.0244133
785 42 32 0.0308006
786 59 43 0.0230389
787 81 58 0.0216345
788 59 46 0.0339672
789 62 44 0.0260656
790 43 40 0.0240262
791 40 32 0.0257245
792 42 34 0.0259832
793 48 37 0.0244061
794 45 37 0.0251355
795 46 33 0.026202
796 38 30 0.0291974
797 37 29 0.0248415
798 62 44 0.026017
799 44 38 0.0204452
800 72 48 0.0303192
801 54 39 0.0267177
802 43 34 0.0262728
803 43 30 0.0259031
804 35 30 0.0260164
805 39 30 0.0288424
806 49 38 0.0282288
807 61 48 0.0236495
808 40 32 0.0248436
809 44 33 0.0271387
810 36 30 0.0321101
811 67 47 0.0268018
812 60 49 0.0217545
813 45 35 0.0272542
814 49 39 0.0334343
815 54 43 0.0224362
816 55 40 0.0259321
817 36 30 0.0274029
818 61 44 0.0283184
819 52 40 0.0313304
820 62 44 0.0234727
821 47 38 0.0273653
822 48 37 0.0281298
823 50 40 0.0226393
824 55 41 0.0289275
825 46 34 0.0309048
826 54 38 0.020913
827 59 41 0.0240182
828 64 45 0.0212759
829 38 31 0.0241649
830 62 48 0.0197647
831 56 47 0.0224592
832 54 40 0.0295527
833 54 42 0.0218804
834 43 36 0.0318302
835 66 46 0.024555
836 58 47 0.020187
837 63 44 0.0251857
838 52 40 0.0201752
839 61 42 0.0215394
840 50 36 0.0262916
