1 192 145 0.777686
2 297 204 2.080952
3 217 157 1.47595
4 166 124 4.469901
5 215 162 1.425251
6 144 104 1.197123
7 246 171 1.99167
8 237 171 1.524474
9 191 151 2.75829
10 204 162 1.238827
11 310 214 0.871215
12 209 153 1.089708
13 180 141 0.901954
14 233 162 7.632859
15 223 156 1.359225
16 179 141 1.85856
17 235 157 1.36363
18 229 172 4.465888
19 199 145 1.068461
20 320 213 4.287892
21 232 155 0.714992
22 270 199 1.019437
23 207 152 1.798839
24 140 115 1.099307
25 218 158 2.072412
26 231 163 2.72002
27 219 166 0.904638
28 191 150 0.927383
29 196 145 3.18503
30 186 151 1.479766
31 179 130 1.294826
32 152 114 2.819745
33 199 146 0.746468
34 259 173 15.565586
35 165 133 1.497133
36 169 125 5.582337
37 177 139 1.099849
38 169 125 2.477015
39 236 174 0.784882
40 192 145 1.128346
41 198 152 2.495023
42 260 187 1.562566
43 134 99 2.258002
44 211 152 1.677284
45 208 149 3.061189
46 245 179 1.89024
47 173 131 1.01946
48 205 138 1.255246
49 237 173 1.275944
50 197 144 1.749831
51 204 145 4.178572
52 215 163 0.80213
53 233 171 0.6562
54 206 164 2.134352
55 176 131 0.941013
56 233 181 4.567567
57 214 149 1.377723
58 223 167 1.110738
59 205 157 1.480281
60 256 171 1.319893
61 236 172 0.863685
62 238 180 1.342296
63 254 186 1.293066
64 226 158 5.384539
65 113 96 1.002919
66 223 151 1.304189
67 227 156 2.491391
68 229 159 0.796924
69 245 179 3.010259
70 261 179 0.73915
71 195 149 1.190175
72 263 183 0.736809
73 203 158 0.785506
74 175 132 3.092364
75 235 182 1.199248
76 195 141 1.266156
77 241 176 1.169811
78 195 147 1.338493
79 198 152 1.051267
80 195 150 1.007426
81 244 179 1.121877
82 238 157 0.971008
83 203 157 1.151744
84 254 186 1.251359
85 187 145 2.726385
86 182 129 1.505535
87 204 163 1.105343
88 216 154 1.755817
89 146 106 3.241486
90 153 122 0.929756
91 230 173 0.822276
92 212 141 2.272168
93 215 162 1.447541
94 200 153 1.45218
95 175 142 0.881481
96 200 146 0.934617
97 202 149 3.710848
98 200 157 0.721073
99 221 168 1.143676
100 194 148 1.383485
101 209 162 0.591447
102 207 152 1.32666
103 183 138 1.643932
104 289 206 1.513134
105 166 135 1.179624
106 182 146 0.639781
107 173 129 1.26738
108 186 143 1.118331
109 229 179 0.768561
110 240 176 0.498766
111 152 106 1.990448
112 272 200 1.331379
113 263 193 2.105699
114 215 163 0.870553
115 179 146 1.089699
116 196 155 0.738535
117 279 203 0.864835
118 180 130 1.235286
119 219 163 0.809992
120 261 185 1.391201
121 191 136 2.855856
122 202 157 3.32115
123 145 117 1.263384
124 159 121 1.660634
125 254 198 3.353992
126 225 174 1.11867
127 315 224 1.060657
128 186 137 1.304346
129 174 131 1.069369
130 187 143 1.115915
131 228 167 0.778636
132 246 177 0.980235
133 295 206 1.142124
134 180 141 1.636322
135 186 137 1.08527
136 202 153 1.472497
137 186 137 1.246756
138 189 145 1.038748
139 142 108 1.244701
140 195 144 1.218931
141 227 172 1.236131
142 232 161 0.92077
143 271 209 1.199674
144 205 159 0.994467
145 163 121 0.794469
146 200 140 1.160157
147 185 139 0.963905
148 209 152 1.590651
149 267 176 19.924809
150 273 192 1.179777
151 194 144 0.771182
152 239 174 1.322421
153 267 178 5.613822
154 149 117 1.033525
155 266 190 0.675949
156 209 147 1.037131
157 268 206 1.121279
158 273 191 0.681248
159 205 151 0.969596
160 282 214 2.932408
161 198 146 2.085738
162 222 160 1.814162
163 158 121 1.041939
164 189 154 1.247318
165 202 163 0.947614
166 142 115 2.073422
167 208 158 0.632862
168 260 184 1.122909
169 237 177 0.884596
170 295 195 0.786916
171 175 138 2.481081
172 114 88 1.716379
173 147 107 2.413136
174 148 112 2.944636
175 258 182 1.053746
176 167 118 1.302499
177 216 153 4.396939
178 193 153 2.973075
179 210 163 0.85591
180 206 150 1.011123
181 115 94 0.958073
182 234 169 0.653999
183 173 121 1.057765
184 218 164 1.113047
185 216 153 1.193105
186 252 184 0.761865
187 208 159 1.918648
188 223 171 1.001078
189 207 159 2.095741
190 188 151 0.74021
191 244 181 5.536
192 148 119 0.707428
193 233 170 1.38277
194 201 159 0.676181
195 227 172 7.736813
196 213 153 1.351162
197 214 153 14.408529
198 149 111 2.679014
199 211 158 1.102782
200 175 142 1.023848
201 219 161 1.194094
202 251 188 1.181481
203 213 163 1.165791
204 225 169 0.961938
205 160 118 1.946147
206 191 146 2.323734
207 201 164 1.47502
208 273 190 0.775192
209 241 170 1.499381
210 175 145 0.981103
211 214 163 1.302072
212 297 208 0.872288
213 214 157 4.81605
214 160 109 0.943074
215 226 172 0.674348
216 186 138 3.586512
217 280 203 1.179698
218 253 196 0.763124
219 168 128 1.759173
220 182 125 2.962031
221 208 143 1.329276
222 187 145 1.599818
223 177 135 0.799328
224 270 187 1.605777
225 282 191 0.893775
226 229 164 1.232898
227 183 135 3.464171
228 121 95 0.67923
229 247 185 1.828385
230 278 205 1.677962
231 168 127 2.277719
232 138 106 2.581085
233 211 160 3.360699
234 213 163 1.209613
235 202 151 0.883436
236 212 155 0.875114
237 227 176 0.920797
238 256 178 2.348133
239 309 201 1.743268
240 213 148 2.68875
241 151 113 1.322697
242 177 138 1.206432
243 204 149 1.502589
244 188 135 3.713505
245 199 158 1.099649
246 152 128 2.118762
247 247 185 0.336764
248 238 170 0.671104
249 241 182 8.471081
250 154 121 1.000571
251 206 152 0.584089
252 206 157 1.488177
253 266 196 0.73854
254 192 134 2.296364
255 208 158 1.792962
256 215 151 1.484974
257 206 154 0.557839
258 175 138 0.813684
259 159 124 1.144454
260 207 145 1.170253
261 301 209 1.065787
262 208 150 2.46016
263 218 170 0.94753
264 235 177 0.601756
265 183 141 1.754751
266 188 134 0.909186
267 242 174 4.520283
268 187 136 1.763533
269 246 172 7.541842
270 271 188 0.436147
271 168 136 1.450652
272 213 152 3.099684
273 181 141 0.602565
274 203 156 0.839316
275 198 144 1.134781
276 274 188 1.042099
277 232 167 1.305469
278 173 136 0.943588
279 194 134 4.715147
280 190 154 0.80873
281 316 226 0.553445
282 327 221 3.45426
283 178 137 1.773651
284 262 187 0.294952
285 213 155 2.983094
286 189 147 1.818078
287 149 122 0.910734
288 153 125 1.356813
289 185 143 0.659785
290 247 175 1.072593
291 252 166 2.066204
292 180 139 4.625896
293 201 152 0.558136
294 237 172 1.185116
295 186 128 1.728898
296 215 161 0.699457
297 256 169 0.993217
298 223 156 1.165231
299 211 164 0.627619
300 173 129 1.167404
301 250 173 1.316727
302 167 127 3.640213
303 133 114 1.939774
304 208 157 3.793146
305 199 163 0.729026
306 182 145 1.217567
307 207 149 0.587375
308 229 176 1.355234
309 152 108 1.858319
310 241 174 2.40879
311 176 130 11.800818
312 147 112 1.299291
313 195 154 7.351086
314 201 152 1.857391
315 258 179 1.177971
316 208 155 1.788505
317 207 142 1.485087
318 262 190 0.813117
319 208 159 10.451605
320 206 159 2.377398
321 135 109 0.711427
322 187 136 3.229871
323 187 149 0.994872
324 162 123 8.398601
325 244 175 1.173144
326 305 224 0.563283
327 270 192 0.948333
328 185 140 5.700604
329 165 122 1.687592
330 185 134 1.618986
331 205 156 3.41438
332 265 178 0.840152
333 230 160 1.013564
334 200 141 0.675877
335 201 164 0.634578
336 165 129 1.043036
337 195 144 1.255416
338 214 165 0.860914
339 228 159 14.729329
340 241 176 0.744206
341 227 169 2.242043
342 232 174 1.84371
343 197 141 1.603799
344 256 179 1.079092
345 193 137 1.154818
346 199 152 0.976274
347 194 139 0.799793
348 182 137 0.927461
349 171 139 3.53655
350 276 198 1.102066
351 250 182 1.189927
352 212 149 0.775368
353 229 171 1.289295
354 262 193 0.881524
355 220 168 1.08414
356 246 173 1.339587
357 140 112 2.090538
358 243 167 0.782693
359 223 176 1.307266
360 251 185 1.81056
361 237 170 5.890841
362 171 128 1.369178
363 289 204 0.948735
364 267 188 2.498236
365 194 141 1.111833
366 201 143 2.265599
367 184 129 8.485743
368 178 144 1.160032
369 188 149 1.11506
370 256 189 0.60142
371 212 156 2.342943
372 227 168 1.73298
373 215 150 1.507596
374 257 193 2.371998
375 178 132 2.484876
376 218 154 10.663709
377 178 142 1.260405
378 162 120 1.515803
379 208 140 1.438539
380 242 181 1.263177
381 267 198 0.837981
382 209 154 2.374574
383 114 96 1.232349
384 185 134 2.144031
385 190 136 5.45006
386 123 99 1.275702
387 159 129 1.18743
388 228 167 3.60336
389 216 148 0.545952
390 229 168 0.858669
391 220 159 1.109212
392 234 168 1.252489
393 259 185 0.837782
394 282 193 3.664597
395 226 172 6.929397
396 244 172 0.746172
397 215 155 1.256533
398 177 131 3.750807
399 199 145 0.987474
400 195 145 6.420248
401 199 153 0.579918
402 161 119 1.503717
403 186 143 1.380706
404 211 158 1.113322
405 190 145 0.900223
406 213 143 2.371344
407 221 157 0.993406
408 142 119 1.02813
409 240 171 3.29589
410 173 122 2.342037
411 192 148 1.443904
412 152 125 1.118935
413 141 107 2.760375
414 204 155 0.80074
415 218 161 0.971237
416 198 149 2.19697
417 234 172 9.93152
418 177 140 0.61012
419 137 113 1.275282
420 219 169 1.232498
421 261 187 3.9256169
422 286 188 2.3696654
423 146 109 2.2112567
424 207 162 8.1621345
425 206 142 3.3730986
426 256 181 1.5889534
427 278 196 4.8691856
428 159 116 2.8465614
429 172 135 1.1114088
430 234 168 1.2472336
431 184 128 6.3932791
432 178 134 1.49228
433 235 178 1.2925491
434 199 157 1.1228774
435 178 135 4.5158642
436 202 141 1.942129
437 228 163 1.3461851
438 271 195 1.3376412
439 201 147 2.185864
440 206 150 2.1586258
441 225 167 1.4316797
442 221 164 2.0039481
443 246 169 1.4746501
444 166 123 1.6308364
445 176 126 1.8888047
446 121 92 3.5126643
447 235 183 2.3589974
448 221 167 0.6319058
449 140 110 2.0350616
450 204 170 1.6664134
451 211 159 1.7972413
452 177 133 1.6462925
453 179 133 2.4729612
454 238 167 2.0903726
455 203 142 1.9287743
456 231 166 2.44061
457 168 130 2.5456485
458 131 95 4.1807802
459 235 166 1.1597454
460 231 174 2.4235447
461 185 143 1.1034183
462 218 171 2.4004863
463 300 211 3.2584862
464 200 155 1.1780987
465 205 157 3.7097554
466 221 159 2.7359565
467 153 125 1.2664303
468 151 126 2.6627724
469 243 178 2.2404168
470 164 122 7.3613676
471 177 139 1.5834537
472 215 165 1.9983462
473 224 163 0.9163422
474 248 185 1.3385967
475 286 206 1.6623068
476 184 129 3.4313752
477 266 176 3.0755797
478 191 146 1.4956203
479 183 143 5.5730379
480 184 142 1.2610643
481 258 190 1.2076511
482 205 161 4.1321676
483 230 168 1.0905477
484 249 182 0.7174187
485 193 143 1.4027228
486 220 163 1.4464694
487 198 143 1.6050752
488 224 167 0.6702612
489 209 150 2.0766208
490 197 157 1.9701149
491 214 155 3.6568121
492 188 134 2.4548343
493 197 149 1.2139507
494 284 205 0.9255287
495 200 153 1.4779439
496 155 121 2.0328893
497 215 155 1.0626229
498 260 182 0.9243909
499 152 118 0.9386648
500 256 184 1.0893193
501 225 175 1.1767966
502 205 149 2.5726102
503 181 134 1.4266423
504 198 148 0.9277656
505 219 168 1.6296275
506 289 206 1.4136228
507 261 174 0.584539
508 163 136 1.5359182
509 239 171 1.6936903
510 205 149 1.4925984
511 250 186 0.9173124
512 300 202 0.9816865
513 211 142 9.5978675
514 244 177 7.3331188
515 263 197 0.786498
516 205 145 2.3840291
517 207 156 0.6353007
518 195 148 1.2082843
519 186 134 9.8806261
520 213 157 1.8596819
521 226 162 5.8938937
522 307 212 0.8335188
523 248 170 3.8857256
524 217 155 0.6742326
525 232 169 0.7205167
526 167 131 4.1253134
527 152 120 2.1367062
528 151 110 1.1946441
529 231 165 0.8837354
530 145 107 0.7119958
531 187 145 1.6336136
532 186 138 1.3207354
533 216 151 1.8755833
534 259 185 0.6227409
535 148 114 0.8322901
536 201 148 5.4449953
537 233 159 0.9969833
538 237 176 0.5964519
539 205 147 0.819698
540 263 193 0.6844609
541 237 170 3.112094
542 201 154 1.372171
543 239 164 1.0270704
544 204 158 4.9321911
545 177 131 1.2338219
546 190 146 1.8088051
547 272 207 0.5705044
548 186 143 1.5903346
549 234 171 1.078166
550 249 171 4.1525137
551 235 176 0.8673867
552 258 177 1.218094
553 173 128 1.0311988
554 233 168 4.3952578
555 173 121 0.855955
556 209 165 1.397143
557 242 175 0.8455064
558 247 186 3.0461975
559 147 103 0.9115478
560 288 190 1.8164672
561 243 177 0.7387245
562 242 172 0.7060381
563 205 152 1.094699
564 264 189 0.5123183
565 215 158 0.8769736
566 169 132 1.4553876
567 332 227 1.0453561
568 237 171 0.7187222
569 205 155 0.7839399
570 154 116 1.4479224
571 283 198 1.7722095
572 222 163 1.2043793
573 155 119 0.9760356
574 185 141 1.2828093
575 160 117 1.063131
576 222 166 1.2513411
577 164 128 2.7231032
578 205 144 1.5083779
579 235 173 1.2205959
580 268 196 0.7944951
581 228 169 0.610116
582 241 172 0.6973476
583 253 185 0.656282
584 187 147 0.9700878
585 160 127 0.9569281
586 216 163 0.9496901
587 268 197 1.115049
588 208 142 0.9647063
589 215 156 0.7504212
590 146 111 1.0841044
591 258 190 0.8674075
592 246 176 2.1114378
593 231 181 1.4091458
594 241 188 1.0446983
595 217 157 1.643575
596 191 142 1.3196481
597 91 75 0.7386386
598 219 165 1.2667929
599 243 168 0.8180382
600 170 136 0.925042
601 260 180 0.6010141
602 194 152 1.0003482
603 201 144 1.132397
604 228 163 3.1657898
605 179 135 3.1967132
606 162 124 0.9780477
607 284 183 0.8441515
608 177 137 2.9935561
609 261 187 1.0256617
610 214 153 1.9995284
611 182 140 1.7495528
612 149 109 1.1557909
613 157 121 1.2757586
614 186 142 0.4421369
615 206 149 0.9224817
616 184 144 0.8704559
617 173 144 0.7419548
618 198 141 5.4124017
619 189 151 0.7608161
620 255 181 0.6590515
621 227 165 3.0209109
622 217 155 0.5078084
623 231 178 0.9497989
624 153 110 1.1289098
625 259 198 0.5366485
626 209 159 1.6397996
627 98 84 1.6170166
628 250 189 2.1031512
629 204 152 1.1329294
630 262 183 1.9393909
631 158 118 0.929358
632 215 171 1.0016301
633 212 154 1.0648837
634 284 195 0.4930788
635 190 150 1.0635847
636 205 146 0.74871
637 233 158 0.9306463
638 223 168 0.6822137
639 162 122 0.937429
640 286 194 1.4732802
641 196 150 0.7941238
642 257 191 3.5753286
643 278 197 1.3343698
644 194 152 0.8739613
645 242 177 0.4402378
646 212 151 0.9385047
647 165 130 0.8453748
648 216 155 0.7351296
649 257 186 1.2800878
650 188 147 1.5304564
651 160 117 1.267249
652 154 120 0.9109276
653 174 131 0.854819
654 159 131 0.7548914
655 136 103 1.5037229
656 139 115 1.0063136
657 178 135 1.2013266
658 239 170 0.5420295
659 192 137 1.6803541
660 259 186 2.9670973
661 220 161 0.5222319
662 199 149 0.7957885
663 237 173 0.7038341
664 151 112 4.5544434
665 217 165 0.4986406
666 234 174 0.5470483
667 229 164 0.5245908
668 208 164 0.7023193
669 218 161 0.6127349
670 150 115 0.5595891
671 168 129 0.981589
672 206 143 0.7352618
673 243 171 3.2557477
674 182 138 0.7332952
675 202 147 0.7394146
676 255 173 0.6305032
677 169 127 0.6684721
678 294 209 0.6382592
679 182 137 0.7121547
680 184 144 0.7767727
681 188 144 1.020608
682 191 143 0.5613504
683 226 167 1.1715471
684 191 150 0.799559
685 220 161 1.9073334
686 231 165 0.4061391
687 157 116 0.6355073
688 264 183 0.6160655
689 246 186 1.3705487
690 233 180 0.5203729
691 260 185 2.5269529
692 212 158 0.4830004
693 216 155 1.8800985
694 176 135 0.5293974
695 279 192 0.7478823
696 200 146 0.6011442
697 237 174 0.5798907
698 145 104 1.1696579
699 149 111 0.7168087
700 178 126 0.4959477
701 198 148 1.8723518
702 231 168 1.1484622
703 239 174 0.5349754
704 190 132 1.4692215
705 252 188 0.6077372
706 190 137 0.8708948
707 202 153 0.5033467
708 200 144 0.6411655
709 235 165 0.565734
710 251 193 0.6127354
711 213 156 0.4985941
712 194 151 0.5020569
713 243 172 1.2708758
714 240 177 1.3703482
715 203 149 0.9092863
716 202 155 0.671771
717 222 161 0.6211067
718 227 152 0.5974269
719 180 131 1.1332973
720 210 143 0.7058482
721 202 144 0.5478996
722 197 142 1.7859709
723 180 134 0.8937333
724 237 170 0.8272932
725 296 208 0.5303243
726 161 122 0.3993306
727 199 135 0.6822673
728 186 137 0.8331304
729 244 178 1.173175
730 180 132 0.5541332
731 147 124 0.7190307
732 237 163 0.6915356
733 249 185 0.5072259
734 269 186 0.4693125
735 225 175 0.5954915
736 209 156 4.8246415
737 145 114 0.5406816
738 297 203 0.6495621
739 186 134 1.1319638
740 182 133 1.6848533
741 151 118 0.7951429
742 232 162 0.7566245
743 216 151 1.2073951
744 219 158 0.5275396
745 277 200 1.6474274
746 238 173 0.6517205
747 183 141 0.6115925
748 186 143 0.4696199
749 179 139 0.7298555
750 189 130 3.6448889
751 204 159 1.0059501
752 267 193 0.9760485
753 199 152 0.4533334
754 316 213 0.6265018
755 222 164 0.8753406
756 163 125 1.0455616
757 262 194 0.470629
758 222 159 0.5085302
759 205 149 1.603385
760 282 206 4.3478754
761 144 116 0.63042
762 218 164 0.8758667
763 281 200 1.7568464
764 190 135 0.5477956
765 224 159 0.4262469
766 215 162 0.900514
767 184 142 0.4923414
768 214 165 0.6361346
769 290 197 2.2966917
770 295 205 1.0472583
771 244 172 0.4954417
772 186 131 0.932827
773 238 177 0.3235731
774 187 142 0.7982895
775 246 177 0.4715147
776 238 168 0.5316314
777 201 143 0.7737538
778 139 107 1.7583086
779 233 176 0.4658011
780 198 152 0.8895753
781 216 166 1.1749607
782 169 134 1.0197119
783 220 159 0.943373
784 161 124 0.5954607
785 172 122 0.8279015
786 268 181 0.6357495
787 239 184 0.4947742
788 180 137 0.5225068
789 232 162 1.0628295
790 233 157 0.8405658
791 253 192 0.372048
792 142 109 0.9534718
793 186 146 0.6441139
794 313 222 0.5763882
795 190 149 0.5375263
796 129 102 0.8207484
797 181 141 1.3026765
798 211 158 0.5914735
799 232 171 0.2746037
800 185 155 0.6340498
801 235 173 0.6075799
802 194 144 1.3323793
803 229 174 0.5620679
804 172 125 0.7953057
805 167 121 0.8533551
806 165 119 0.7799761
807 265 182 0.4145138
808 196 153 0.5903233
809 266 187 0.3549563
810 223 170 0.3558348
811 179 143 0.545754
812 268 183 5.5316854
813 236 167 1.0241944
814 169 131 2.5676411
815 235 161 1.4633671
816 200 155 0.9027203
817 184 141 0.5629445
818 284 192 0.6231688
819 267 185 0.7024443
820 209 147 1.1920854
821 175 136 0.6378721
822 269 188 0.8712396
823 214 157 0.7560126
824 141 114 1.0326589
825 104 92 0.6749183
826 183 127 0.8035029
827 191 135 0.5200881
828 266 192 0.5371878
829 242 173 0.7306368
830 146 111 0.6579546
831 185 127 0.7889372
832 190 146 0.9324578
833 136 107 0.6266151
834 220 161 0.7082611
835 169 128 0.7829485
836 192 144 0.4385557
837 171 132 2.3638841
838 191 140 0.8056841
839 165 127 0.5417969
840 184 141 0.6802975
