1 614 444 54.598128
2 441 325 118.606032
3 338 258 31.602178
4 373 305 49.808784
5 339 265 12.084023
6 317 240 28.299135
7 443 331 39.191396
8 475 370 8.96775
9 445 333 30.58428
10 413 291 1090.417666
11 260 212 20.415743
12 399 304 11.423543
13 331 257 61.029535
14 515 377 95.223279
15 525 370 80.512218
16 442 329 106.410531
17 470 349 47.912091
18 370 268 166.413327
19 280 232 9.982612
20 373 294 50.397478
21 396 301 33.022261
22 521 381 13.715991
23 457 336 47.916886
24 440 332 7.768303
25 417 303 76.276576
26 528 414 22.584737
27 520 383 93.097881
28 350 283 33.098111
29 244 202 21.634556
30 533 371 111.376425
31 392 295 15.037423
32 457 343 2.34951
33 361 291 22.401395
34 425 338 50.323865
35 293 214 50.257307
36 497 350 99.132098
37 456 344 37.236771
38 342 253 121.213729
39 439 322 12.531071
40 386 298 51.079719
41 347 283 27.421726
42 371 288 26.499334
43 362 272 19.428727
44 426 314 179.468403
45 390 292 5.027072
46 333 259 48.500639
47 387 310 9.710386
48 484 352 85.923958
49 442 339 10.133874
50 439 314 86.411925
51 628 441 2.518951
52 438 335 12.041734
53 473 348 14.859817
54 516 376 97.61057
55 621 416 130.312357
56 419 323 38.050322
57 484 365 4.023089
58 531 382 13.97825
59 286 215 137.914637
60 510 362 101.112519
61 346 275 12.033391
62 481 350 89.471836
63 422 327 10.614863
64 422 304 18.217347
65 634 439 10.607245
66 415 325 6.709435
67 376 304 3.026841
68 388 278 53.622857
69 372 301 42.083445
70 452 336 50.311731
71 364 263 7.251101
72 508 361 135.372924
73 391 288 38.910474
74 515 384 107.646561
75 409 314 73.958692
76 532 390 55.419706
77 443 342 5.126283
78 397 300 2.409232
79 536 399 44.138129
80 471 345 54.614769
81 416 321 80.84662
82 605 434 69.483929
83 411 299 32.623968
84 430 322 44.392031
85 500 376 25.385889
86 314 235 78.93367
87 449 348 14.46024
88 402 289 634.329608
89 306 242 12.459289
90 313 250 24.878912
91 454 321 14.652853
92 477 340 55.871127
93 587 410 137.234742
94 427 311 81.996323
95 567 396 13.632836
96 390 290 31.228901
97 385 290 28.321163
98 371 272 27.724178
99 494 381 26.9389
100 403 302 105.365334
101 306 235 54.428639
102 458 335 38.235687
103 444 339 18.225499
104 492 351 52.853842
105 468 343 42.107985
106 304 225 46.63089
107 344 269 72.422184
108 544 398 19.861837
109 425 325 36.117311
110 493 361 20.983689
111 465 338 88.902367
112 454 352 7.18771
113 461 355 27.949484
114 635 445 36.735742
115 493 362 19.776537
116 320 249 14.834518
117 337 259 68.04504
118 368 297 66.535576
119 385 293 17.625053
120 446 344 10.155597
121 503 373 11.70811
122 548 403 16.360502
123 320 226 57.251248
124 490 363 3.743408
125 519 366 96.067544
126 435 336 68.805706
127 588 416 6.443598
128 418 324 23.269553
129 399 295 38.325735
130 338 252 121.873472
131 572 431 5.017072
132 533 380 91.88805
133 357 268 48.29296
134 420 299 86.442888
135 458 325 44.513327
136 395 311 17.176308
137 454 342 17.574945
138 369 286 11.602807
139 494 361 84.112377
140 402 295 69.073247
141 462 355 28.458739
142 382 284 66.804991
143 516 380 355.040493
144 249 209 5.976256
145 441 347 10.718544
146 409 301 8.254811
147 435 317 62.626382
148 349 268 76.750086
149 367 288 11.501242
150 568 405 301.966233
151 580 397 18.637521
152 450 353 9.171044
153 283 215 98.706628
154 367 273 30.171377
155 412 306 32.235279
156 466 367 7.566853
157 391 319 9.678383
158 421 321 13.075892
159 501 352 6.33767
160 402 317 41.700692
161 533 379 464.387976
162 406 306 86.46724
163 356 282 52.283899
164 298 224 55.517274
165 230 183 24.922803
166 413 291 94.130802
167 440 332 70.029047
168 428 313 83.645627
169 288 220 54.442734
170 512 388 12.160484
171 280 201 60.060483
172 444 311 20.232677
173 502 356 31.542904
174 411 329 42.820595
175 463 355 13.234227
176 467 336 110.065965
177 382 284 15.628517
178 540 396 5.89731
179 394 291 9.87927
180 581 414 115.038356
181 504 347 106.65855
182 327 253 47.553566
183 596 429 7.355725
184 459 345 43.620199
185 440 309 15.45617
186 473 342 10.676178
187 468 342 62.171223
188 565 409 95.979096
189 322 258 41.12468
190 475 322 34.230434
191 356 270 62.673031
192 416 309 118.365172
193 626 440 74.291971
194 382 308 11.669454
195 516 373 22.677028
196 555 378 100.602802
197 422 320 11.230158
198 329 260 17.001506
199 386 300 12.762892
200 474 379 13.712048
201 450 345 3.511721
202 361 279 13.293134
203 521 365 15.805676
204 560 398 105.072576
205 521 389 5.115303
206 502 351 59.757668
207 472 346 86.935028
208 461 334 13.644816
209 422 312 7.074403
210 415 301 45.21937
211 342 261 14.534359
212 564 396 96.880848
213 497 381 50.101521
214 429 317 60.463598
215 294 219 58.733645
216 399 319 13.659215
217 393 312 4.334102
218 417 298 46.641577
219 502 369 94.234269
220 492 361 42.658073
221 463 335 93.130118
222 449 318 13.938851
223 404 312 14.219391
224 462 327 51.507476
225 554 390 10.987614
226 405 303 76.246145
227 400 301 46.737058
228 419 323 23.815501
229 533 398 19.804039
230 290 232 40.967538
231 468 349 4.86325
232 410 311 57.333726
233 430 317 24.411602
234 330 248 9.927339
235 444 325 13.798963
236 461 325 85.192936
237 301 241 7.258582
238 353 282 19.369683
239 529 397 71.664385
240 479 348 35.08156
241 479 351 85.481053
242 448 325 33.740915
243 518 403 9.67474
244 362 267 38.704081
245 500 364 20.946155
246 449 331 10.441009
247 407 307 20.194435
248 390 301 47.85141
249 360 272 58.835318
250 416 316 88.973985
251 483 375 4.272717
252 394 292 3.911737
253 595 435 74.470348
254 564 404 41.447082
255 495 359 30.725395
256 374 270 12.930443
257 514 367 10.37411
258 466 358 105.929543
259 485 374 21.43824
260 314 233 13.415456
261 348 251 121.237542
262 427 340 13.495074
263 340 267 114.911964
264 525 393 6.890448
265 476 336 4.950529
266 384 299 11.050399
267 528 375 19.1246
268 456 352 5.412533
269 392 284 112.487402
270 324 256 16.650982
271 373 279 33.263022
272 459 325 56.018081
273 406 297 115.848437
274 450 337 41.992788
275 438 300 81.478237
276 499 382 55.174013
277 548 400 40.725414
278 415 318 58.350505
279 513 350 152.039117
280 470 348 10.590694
281 385 274 83.915133
282 389 283 79.562449
283 465 335 36.18123
284 456 321 8.364255
285 463 314 93.535961
286 398 312 9.398941
287 431 315 30.574438
288 508 353 123.744219
289 445 333 42.170768
290 373 280 34.11094
291 281 218 15.252621
292 494 351 187.119398
293 502 374 48.963564
294 421 308 90.902633
295 458 334 68.257905
296 510 356 88.747894
297 378 281 26.749301
298 387 297 14.728311
299 276 213 22.830724
300 524 392 78.335275
301 518 384 35.064979
302 353 287 30.84389
303 384 288 23.387754
304 431 325 73.243823
305 429 305 42.364638
306 472 343 80.01084
307 392 292 13.54815
308 378 292 34.12345
309 466 330 186.427651
310 468 332 3.202729
311 501 365 27.847192
312 420 319 89.989632
313 430 335 27.816713
314 539 406 11.604862
315 432 318 50.634007
316 607 432 87.314694
317 422 320 16.801751
318 525 381 70.080661
319 425 311 54.488303
320 512 372 53.008959
321 362 300 20.302713
322 521 374 3.478908
323 349 272 5.985598
324 543 392 49.002648
325 457 333 32.156033
326 352 253 66.634511
327 549 393 46.784854
328 532 383 67.449061
329 548 408 15.356662
330 378 285 12.136105
331 515 373 15.386236
332 390 295 22.042561
333 318 234 97.941349
334 528 368 93.770101
335 407 295 45.535355
336 522 376 88.331187
337 346 275 16.225942
338 444 334 67.742826
339 365 291 9.920604
340 414 322 15.356775
341 395 305 22.84581
342 385 301 113.94887
343 516 384 9.175671
344 369 290 29.851105
345 305 237 26.599525
346 446 333 31.178693
347 440 310 47.834288
348 501 375 76.971834
349 526 394 5.872868
350 342 269 6.434835
351 383 288 23.385609
352 376 296 14.288298
353 550 399 43.660322
354 308 240 40.855228
355 528 395 5.369145
356 467 326 69.741756
357 345 259 29.011934
358 428 328 14.814818
359 427 339 12.492143
360 408 320 4.34191
361 495 353 90.18958
362 474 357 1.603711
363 433 316 16.325584
364 428 314 26.576654
365 328 244 71.948682
366 492 363 18.810618
367 407 289 57.883902
368 415 307 104.419591
369 453 335 186.212088
370 450 356 21.556026
371 409 312 62.765925
372 572 401 125.977103
373 390 302 79.880471
374 365 267 552.14943
375 519 386 6.22467
376 345 264 133.617421
377 499 383 3.110327
378 562 400 52.637249
379 454 346 10.186561
380 554 409 34.246197
381 331 251 110.362277
382 408 295 45.742952
383 366 284 18.262493
384 551 410 105.899619
385 371 291 13.587633
386 512 390 22.282674
387 416 319 32.437749
388 343 258 53.859225
389 395 287 26.549038
390 491 382 24.620128
391 411 307 15.595649
392 570 402 59.157655
393 379 294 34.394381
394 479 346 173.13257
395 514 391 36.529336
396 382 287 28.312741
397 407 301 59.012237
398 434 309 24.447883
399 386 294 19.54355
400 441 328 95.426167
401 497 356 6.136284
402 314 236 602.038505
403 418 319 31.638477
404 472 346 51.780025
405 484 339 102.274073
406 460 316 17.821136
407 423 315 44.065434
408 415 304 31.845358
409 492 369 66.214988
410 465 330 30.734858
411 517 371 8.44038
412 444 312 95.88612
413 374 284 16.412754
414 438 322 6.167283
415 452 330 39.772103
416 517 378 5.105113
417 489 363 21.377471
418 407 298 7.852667
419 378 287 84.470841
420 491 364 103.111759
421 467 344 48.2330005
422 436 315 86.0102559
423 346 260 22.2556168
424 327 251 24.456557
425 475 352 80.8980538
426 428 309 38.1027919
427 498 366 28.5296781
428 364 266 72.9118477
429 540 410 81.2442783
430 313 244 25.6996012
431 451 333 14.0806933
432 387 286 25.4580077
433 415 304 83.1106268
434 474 346 85.2281209
435 500 372 7.1581201
436 434 334 10.7545858
437 494 365 37.5353137
438 562 404 13.5724681
439 550 387 58.0965977
440 433 325 25.9096169
441 392 300 15.8704653
442 413 333 26.8729684
443 444 316 108.0853884
444 553 405 85.0827152
445 409 313 136.7235852
446 374 290 34.506168
447 293 213 54.5220563
448 422 308 42.5108412
449 558 393 25.1418861
450 369 282 23.3001768
451 439 321 41.7665151
452 472 339 103.576822
453 480 361 5.9386319
454 455 330 74.685631
455 515 375 15.2360902
456 338 268 35.4862513
457 473 342 19.3211442
458 324 239 64.8362709
459 468 355 35.8944035
460 515 363 71.0411391
461 472 332 8.5069582
462 436 326 46.965787
463 450 326 30.1037844
464 448 346 4.7677584
465 343 257 12.605979
466 551 386 11.7542846
467 320 251 25.5472128
468 515 348 35.2679147
469 265 229 8.8754278
470 443 326 43.1227397
471 544 400 8.3254014
472 359 285 69.3274215
473 446 340 12.1198929
474 455 325 45.8895771
475 436 336 14.6351608
476 258 192 22.2274914
477 464 344 37.2682918
478 496 354 14.3263705
479 373 279 61.9233254
480 526 384 57.8158123
481 679 462 121.3184234
482 608 423 8.9057919
483 542 367 57.5081509
484 439 316 238.1980817
485 430 304 22.9555191
486 467 348 22.5709448
487 491 352 53.3504558
488 483 342 23.9973933
489 516 371 42.8967126
490 477 339 40.1689534
491 352 276 30.0991715
492 406 308 13.1551738
493 405 313 41.4544332
494 487 349 25.0172554
495 511 372 5.2163109
496 462 344 26.3398657
497 471 350 19.610535
498 577 401 9.8791125
499 401 297 34.2852165
500 542 376 34.1907597
501 599 426 40.9830463
502 433 325 18.6517889
503 491 369 26.3321793
504 569 412 17.4044121
505 442 325 22.0581992
506 468 355 4.5270367
507 434 322 81.6273863
508 468 336 24.709964
509 548 402 56.5289958
510 518 381 20.5849728
511 582 416 13.149707
512 354 271 87.0621155
513 586 403 3.6039443
514 527 370 46.8970323
515 331 266 14.9387507
516 545 403 28.0116141
517 479 377 7.0505791
518 490 350 58.8535958
519 447 335 37.6780916
520 477 346 24.0046657
521 486 350 15.3639522
522 571 404 19.8269834
523 435 351 16.0359512
524 586 399 74.7903844
525 381 280 39.5114836
526 260 218 10.8885921
527 572 421 6.9944849
528 464 349 9.2140935
529 289 227 17.6423102
530 480 360 10.5256553
531 435 308 43.8350162
532 640 428 278.2232495
533 481 355 21.9816846
534 558 418 3.5984099
535 492 343 63.1742182
536 570 400 26.9109879
537 475 349 36.5648318
538 427 321 11.073988
539 524 399 39.1980578
540 501 351 41.1900541
541 319 248 15.4430632
542 317 248 8.275385
543 338 258 53.9414511
544 333 258 5.5156571
545 297 221 37.8956458
546 484 352 18.8102397
547 535 386 49.2441294
548 565 414 9.8910967
549 528 377 7.5297731
550 452 327 5.7994185
551 472 344 23.2061545
552 391 279 46.9635979
553 480 364 30.279491
554 342 256 191.4850119
555 437 322 17.4420515
556 567 385 119.5368006
557 534 376 70.5994541
558 364 272 54.7715681
559 411 318 16.6923172
560 371 279 36.1891145
561 408 315 15.8842272
562 349 262 21.9794133
563 521 384 12.7283212
564 412 293 19.5023494
565 534 382 82.5452551
566 478 337 31.64442
567 481 355 35.0194314
568 616 412 6.5660723
569 478 355 21.1542802
570 554 378 42.7649505
571 451 327 21.9462508
572 544 366 63.6133289
573 450 333 61.8951276
574 522 377 55.3068972
575 369 275 22.8874915
576 462 330 47.3689533
577 450 338 30.8538183
578 338 261 48.745737
579 362 289 21.9545619
580 488 349 30.6187512
581 515 383 72.1272488
582 377 294 18.834226
583 325 259 43.2269408
584 384 280 21.3616891
585 320 253 10.5101496
586 571 411 29.090932
587 547 399 3.1796813
588 390 302 8.4182552
589 620 431 40.2070492
590 514 365 67.3182524
591 480 354 28.7719872
592 337 256 10.0005309
593 436 327 62.0684706
594 295 239 22.6329953
595 429 328 12.0637364
596 451 332 8.2597155
597 391 308 24.2917311
598 439 311 5.282729
599 310 233 13.6020778
600 497 360 36.6335267
601 375 262 57.9500823
602 392 289 22.8164382
603 395 279 32.1531971
604 377 301 4.2598757
605 485 355 5.3141455
606 446 332 89.1127918
607 323 244 9.1281422
608 496 356 17.1482996
609 435 321 27.6972185
610 590 424 32.5536559
611 369 292 25.9845478
612 287 209 40.1770473
613 294 229 13.6776039
614 436 331 27.4651513
615 487 347 50.2228924
616 662 471 46.7374189
617 466 364 12.3164661
618 372 294 27.6758685
619 412 287 604.8240127
620 314 245 44.6500722
621 257 185 15.558648
622 394 287 162.5211369
623 371 283 20.3468759
624 464 352 53.0590553
625 550 401 5.0576019
626 431 321 35.1541424
627 391 301 4.4985761
628 372 276 42.3935766
629 385 295 16.0361164
630 338 250 17.0596788
631 343 254 17.4242544
632 388 301 11.8778834
633 526 376 16.6320649
634 485 348 3.3060269
635 438 320 16.1602253
636 478 352 20.2434489
637 532 393 35.7642727
638 447 338 4.9945017
639 541 402 1.3440942
640 336 248 32.9397479
641 618 457 13.1005696
642 438 331 11.2557831
643 296 213 31.6787373
644 389 291 21.4337646
645 451 310 52.690318
646 428 334 19.913296
647 434 305 13.5447336
648 446 336 32.1827441
649 386 286 31.9009562
650 539 367 211.4914457
651 520 390 39.8598123
652 393 300 5.7311877
653 352 272 15.0588861
654 421 317 54.6707062
655 412 312 9.1781965
656 402 288 119.3049345
657 331 256 17.4570983
658 573 415 77.7850405
659 340 241 91.0235459
660 386 284 5.9622327
661 362 268 34.5530224
662 344 268 30.350989
663 558 388 28.9725841
664 601 420 3.2892757
665 282 215 13.5095337
666 267 228 10.756938
667 409 313 6.2179756
668 472 350 4.8542142
669 319 230 20.8368841
670 458 332 6.505425
671 479 344 44.5086622
672 433 308 22.4581881
673 366 270 12.4410459
674 351 272 5.1087322
675 506 369 8.7658577
676 526 384 8.8510449
677 471 350 8.8367053
678 522 393 5.4941164
679 530 382 45.246098
680 439 330 9.242465
681 523 376 1.7603823
682 487 360 8.4381223
683 590 413 3.692065
684 445 326 13.8050624
685 575 393 8.9280981
686 459 336 37.7948999
687 561 385 11.9446484
688 406 318 12.301017
689 426 322 7.6890658
690 285 232 7.1415974
691 288 224 25.9166968
692 536 375 6.3597679
693 411 318 10.8391418
694 480 356 9.9437949
695 423 323 16.1187166
696 436 327 14.6271517
697 422 320 7.2328725
698 507 376 24.9071614
699 437 327 28.1543299
700 371 266 32.7104798
701 482 355 12.738926
702 559 389 65.3781783
703 437 332 6.0781588
704 482 362 3.9316998
705 542 411 7.6690802
706 401 320 10.3481837
707 521 375 3.4655878
708 294 239 20.5175727
709 391 298 44.1469888
710 504 376 6.1484578
711 332 263 23.3727083
712 352 264 12.4690708
713 323 240 43.7950192
714 455 354 20.0580982
715 476 335 24.8822665
716 512 363 75.2190294
717 472 355 15.9023111
718 421 296 86.7071329
719 397 291 6.8578014
720 362 274 20.6088606
721 432 310 15.3026863
722 462 359 10.9635518
723 412 302 8.666238
724 441 318 55.5165708
725 434 307 44.1046999
726 453 324 21.4614714
727 307 235 11.7894209
728 390 296 31.0407278
729 387 303 3.9355286
730 337 259 15.9875188
731 482 352 44.758727
732 347 269 10.9192352
733 365 261 15.5877491
734 487 345 51.645907
735 427 325 9.8974929
736 410 306 49.1857205
737 537 372 19.7990904
738 483 349 68.5307962
739 220 174 16.7911896
740 410 311 10.8278302
741 378 273 51.2494821
742 496 361 20.3201998
743 373 269 20.2994
744 483 358 17.1523198
745 409 309 47.5206113
746 419 294 8.9833121
747 426 317 16.6056846
748 495 376 26.1254374
749 492 363 83.0861256
750 360 266 52.5911946
751 476 350 9.6913413
752 493 373 55.0373807
753 379 283 43.9003255
754 494 353 17.3671882
755 290 230 10.9446832
756 408 321 15.1535567
757 560 400 44.8290487
758 425 324 47.5420382
759 348 275 16.3859818
760 424 311 36.854137
761 345 272 54.2034168
762 433 307 18.4810335
763 570 425 10.4622255
764 303 234 3.4235569
765 443 327 59.2703131
766 559 397 86.4349255
767 411 320 6.5398567
768 334 247 45.3478679
769 497 368 28.1606311
770 410 314 16.7084351
771 460 333 12.5048027
772 351 275 5.4913757
773 482 372 23.2044686
774 524 374 86.8006215
775 506 384 9.5898129
776 382 285 46.1932386
777 503 368 5.8221513
778 506 366 10.5360461
779 471 334 54.9784262
780 428 324 23.404238
781 297 225 29.6762118
782 567 417 19.3432677
783 383 319 6.42842
784 401 303 37.1887305
785 306 233 17.4530566
786 312 252 25.5654801
787 465 349 20.9703314
788 341 269 7.1805063
789 404 301 19.9045611
790 587 423 30.8626459
791 502 370 6.1794715
792 402 287 23.1879697
793 589 406 43.008222
794 446 328 15.8781071
795 367 266 89.1259075
796 508 368 3.5803845
797 444 349 12.5644811
798 388 278 20.0252173
799 528 398 9.5940917
800 391 281 33.0648957
801 404 285 36.5642819
802 432 305 36.0566759
803 594 411 9.6501701
804 451 341 2.6142192
805 445 334 81.7370631
806 436 327 29.1755924
807 405 309 51.7229966
808 429 311 45.8661254
809 445 323 17.3056634
810 438 304 229.5283269
811 344 260 31.6171714
812 389 300 22.8944251
813 462 346 114.9024418
814 523 390 32.9315752
815 579 426 56.5900357
816 355 269 4.6670969
817 359 270 28.7441215
818 633 464 1.7764271
819 634 445 34.701021
820 524 381 73.5262732
821 592 409 40.6773207
822 469 354 10.2742489
823 462 345 14.6437554
824 530 382 9.3431854
825 377 285 23.952458
826 315 244 66.6691581
827 400 309 11.7366736
828 412 307 7.3791283
829 486 367 60.126497
830 576 405 11.3663334
831 495 374 14.8784783
832 489 380 38.5102493
833 386 295 12.758798
834 366 277 17.4736658
835 491 365 3.8312195
836 426 329 28.6666209
837 216 151 44.2593506
838 365 287 31.6482004
839 591 399 14.463028
840 431 316 22.352332
