1 24 21 0.169043
2 31 23 0.052821
3 22 18 0.048225
4 25 23 0.05432
5 32 24 0.09614
6 43 29 0.026906
7 29 22 0.05273
8 24 20 0.05284
9 36 26 0.115545
10 28 23 0.052366
11 26 23 0.046335
12 33 24 0.062759
13 26 23 0.055295
14 26 23 0.0448
15 30 25 0.047132
16 25 21 0.046639
17 27 22 0.052488
18 34 24 0.041938
19 31 24 0.052403
20 27 21 0.044286
21 23 21 0.037236
22 26 23 0.022763
23 24 21 0.040533
24 26 20 0.039658
25 36 25 0.020162
26 20 18 0.019788
27 26 22 0.034972
28 28 25 0.038495
29 26 22 0.03579
30 27 20 0.045696
31 24 21 0.021539
32 33 29 0.019296
33 29 23 0.018913
34 25 21 0.0382
35 31 23 0.030459
36 26 21 0.02402
37 26 22 0.019478
38 25 23 0.024968
39 30 25 0.034193
40 31 25 0.034281
41 25 21 0.049208
42 27 23 0.026738
43 25 23 0.028205
44 34 27 0.036702
45 28 22 0.020725
46 29 23 0.059746
47 27 22 0.051928
48 29 25 0.017816
49 24 22 0.035023
50 28 23 0.016276
51 28 24 0.019923
52 31 24 0.019547
53 29 24 0.034166
54 24 20 0.017839
55 36 25 0.016887
56 19 19 0.029934
57 27 24 0.020953
58 24 22 0.019587
59 31 24 0.017674
60 35 27 0.021083
61 25 22 0.023025
62 19 18 0.018289
63 25 20 0.035855
64 24 22 0.039599
65 32 25 0.047887
66 31 25 0.047597
67 33 25 0.033469
68 25 23 0.0443
69 41 29 0.038766
70 34 25 0.046006
71 23 20 0.030233
72 25 21 0.032756
73 29 23 0.045933
74 29 23 0.020944
75 19 18 0.020804
76 29 22 0.035359
77 33 24 0.018043
78 27 22 0.03803
79 25 23 0.050634
80 30 24 0.02832
81 32 26 0.04783
82 21 18 0.026227
83 26 24 0.036242
84 31 24 0.045412
85 28 23 0.017098
86 31 25 0.017289
87 20 19 0.018991
88 20 19 0.019355
89 30 23 0.017581
90 25 22 0.05233
91 30 24 0.018161
92 24 20 0.04376
93 38 26 0.042259
94 35 25 0.035834
95 28 22 0.045107
96 23 22 0.06584
97 27 22 0.046048
98 27 24 0.022055
99 26 21 0.04526
100 37 29 0.043499
101 27 20 0.03356
102 29 24 0.019748
103 23 20 0.019095
104 27 21 0.016893
105 26 22 0.020319
106 26 21 0.018489
107 23 19 0.033355
108 28 23 0.019988
109 30 24 0.017801
110 25 21 0.052261
111 29 21 0.042506
112 27 22 0.016413
113 31 22 0.016683
114 24 22 0.040045
115 32 25 0.016859
116 25 20 0.018388
117 36 29 0.019388
118 32 26 0.035556
119 23 20 0.032341
120 39 29 0.02186
121 28 24 0.017665
122 28 22 0.024331
123 25 21 0.020448
124 30 23 0.019636
125 22 19 0.01862
126 36 28 0.019648
127 29 21 0.018309
128 23 21 0.039291
129 30 24 0.046825
130 22 19 0.034699
131 27 21 0.034689
132 27 22 0.018507
133 35 24 0.016847
134 26 20 0.018956
135 29 23 0.018087
136 28 26 0.020256
137 26 21 0.019177
138 29 25 0.033012
139 18 18 0.019415
140 30 24 0.020307
141 29 24 0.030022
142 26 22 0.043378
143 22 20 0.019707
144 38 25 0.019016
145 25 21 0.020469
146 40 30 0.01983
147 36 25 0.018849
148 20 19 0.024381
149 33 27 0.036927
150 35 25 0.039596
151 33 25 0.018931
152 30 22 0.018393
153 23 21 0.016938
154 31 26 0.017872
155 29 24 0.019358
156 21 20 0.022081
157 24 23 0.051153
158 18 16 0.03726
159 27 21 0.019687
160 26 22 0.05032
161 29 22 0.017349
162 25 21 0.017907
163 32 23 0.017005
164 29 22 0.017196
165 25 21 0.034863
166 33 27 0.043347
167 18 18 0.020318
168 27 22 0.018565
169 26 22 0.019651
170 28 22 0.018953
171 23 19 0.017144
172 30 26 0.017384
173 33 26 0.034224
174 34 26 0.018412
175 25 19 0.033638
176 32 25 0.019405
177 29 22 0.01758
178 34 26 0.019217
179 25 23 0.017823
180 31 25 0.020766
181 27 22 0.019531
182 33 25 0.018747
183 32 25 0.019455
184 34 25 0.051066
185 27 22 0.046873
186 33 24 0.017716
187 39 28 0.019207
188 21 19 0.048046
189 19 17 0.043669
190 27 21 0.020156
191 28 23 0.042345
192 26 21 0.031228
193 26 25 0.052891
194 25 21 0.026558
195 26 22 0.033208
196 26 21 0.031908
197 30 23 0.019282
198 18 18 0.02302
199 39 29 0.023694
200 30 22 0.020971
201 25 24 0.043081
202 32 25 0.022594
203 25 22 0.016934
204 25 23 0.017272
205 30 23 0.015625
206 24 23 0.017408
207 41 29 0.029225
208 33 26 0.018921
209 23 20 0.033532
210 39 27 0.037674
211 27 22 0.036386
212 18 18 0.033671
213 26 22 0.034607
214 40 28 0.02793
215 25 21 0.017462
216 31 24 0.018533
217 26 20 0.016542
218 28 23 0.032587
219 23 20 0.024733
220 32 25 0.016649
221 37 25 0.032003
222 20 18 0.054146
223 38 26 0.039813
224 22 19 0.038958
225 30 25 0.021658
226 30 24 0.041424
227 29 23 0.019687
228 41 26 0.018795
229 29 22 0.046045
230 23 21 0.053176
231 33 27 0.042467
232 27 21 0.081215
233 30 26 0.04126
234 27 19 0.042426
235 24 21 0.045703
236 26 22 0.042501
237 30 22 0.018272
238 34 28 0.068543
239 23 19 0.03695
240 38 29 0.056039
241 31 25 0.045286
242 25 21 0.033202
243 27 22 0.043103
244 19 18 0.017772
245 35 26 0.020051
246 26 21 0.017081
247 24 19 0.054514
248 24 22 0.040032
249 31 24 0.07977
250 23 21 0.020161
251 23 19 0.045605
252 29 23 0.017748
253 27 22 0.021745
254 25 20 0.042554
255 31 25 0.031987
256 30 23 0.021317
257 29 23 0.019652
258 30 23 0.023479
259 30 25 0.017981
260 25 20 0.018805
261 37 27 0.017735
262 30 22 0.018389
263 32 27 0.017614
264 35 28 0.044261
265 25 20 0.024916
266 22 19 0.033194
267 26 22 0.022654
268 28 21 0.018034
269 35 29 0.021521
270 26 20 0.019316
271 22 19 0.032517
272 27 23 0.017354
273 31 24 0.022444
274 28 22 0.019632
275 24 21 0.026549
276 23 22 0.019361
277 31 24 0.017939
278 20 19 0.019312
279 30 23 0.019075
280 28 23 0.026499
281 35 27 0.022842
282 22 20 0.044897
283 16 16 0.019473
284 25 21 0.023775
285 33 24 0.0208
286 23 20 0.023278
287 27 21 0.020259
288 29 24 0.017607
289 31 23 0.019079
290 24 21 0.04491
291 32 23 0.050522
292 27 22 0.03661
293 27 22 0.035442
294 31 25 0.03897
295 31 24 0.024736
296 28 21 0.030656
297 30 23 0.04292
298 26 22 0.046663
299 28 22 0.028879
300 25 22 0.018437
301 34 26 0.020457
302 28 23 0.047035
303 26 24 0.036452
304 30 23 0.020042
305 32 25 0.043034
306 26 21 0.021331
307 25 22 0.027496
308 21 19 0.053067
309 30 26 0.01773
310 27 21 0.045441
311 25 23 0.021118
312 30 23 0.016172
313 22 20 0.018196
314 27 22 0.020459
315 31 23 0.017452
316 35 27 0.017344
317 23 19 0.019499
318 23 21 0.019386
319 32 23 0.05009
320 24 21 0.045416
321 27 24 0.018376
322 35 26 0.019574
323 23 19 0.053477
324 26 21 0.034947
325 22 19 0.017492
326 19 19 0.018867
327 37 26 0.017467
328 22 19 0.016482
329 25 21 0.022324
330 24 20 0.017734
331 22 21 0.023595
332 31 28 0.020786
333 23 20 0.055023
334 40 29 0.048508
335 24 21 0.040448
336 27 21 0.031077
337 29 25 0.026355
338 28 24 0.025194
339 23 20 0.018807
340 35 26 0.020115
341 30 23 0.021218
342 26 22 0.021203
343 22 18 0.018159
344 33 26 0.018156
345 25 20 0.017665
346 29 24 0.051769
347 34 28 0.020325
348 30 25 0.01798
349 33 25 0.016345
350 35 23 0.018609
351 35 27 0.019139
352 25 21 0.020148
353 31 26 0.022823
354 35 25 0.019692
355 22 19 0.051348
356 32 24 0.020956
357 21 20 0.02502
358 24 22 0.01918
359 29 24 0.019252
360 29 22 0.01837
361 29 22 0.050282
362 21 20 0.019076
363 26 23 0.017254
364 30 24 0.021604
365 26 21 0.017471
366 35 26 0.018501
367 29 24 0.018942
368 34 25 0.026504
369 29 23 0.020456
370 21 19 0.020486
371 24 21 0.021256
372 38 28 0.021981
373 27 25 0.019788
374 33 28 0.017818
375 29 22 0.019895
376 26 23 0.025199
377 25 23 0.021502
378 28 21 0.016655
379 27 22 0.018082
380 21 21 0.019495
381 27 21 0.019644
382 24 20 0.01987
383 34 25 0.01982
384 24 21 0.018502
385 36 29 0.018567
386 30 26 0.019759
387 29 23 0.022299
388 31 26 0.022505
389 44 31 0.01873
390 45 30 0.04405
391 30 24 0.063919
392 22 18 0.044425
393 31 27 0.02321
394 29 22 0.018304
395 26 22 0.020442
396 36 27 0.051594
397 27 23 0.036238
398 32 25 0.017138
399 22 18 0.05125
400 24 21 0.025292
401 31 25 0.019171
402 35 27 0.022602
403 28 23 0.048105
404 30 22 0.02005
405 27 23 0.056104
406 31 26 0.018957
407 30 22 0.019183
408 31 25 0.018084
409 27 21 0.018538
410 21 18 0.021214
411 31 26 0.020228
412 31 25 0.023924
413 31 23 0.021799
414 32 26 0.023775
415 34 26 0.0219
416 25 20 0.01677
417 27 21 0.018755
418 21 18 0.021023
419 27 21 0.017943
420 32 24 0.020688
421 21 18 0.2293279
422 28 21 0.1460254
423 24 20 0.0481718
424 34 25 0.0476008
425 25 22 0.0862961
426 35 25 0.0627022
427 25 20 0.1373945
428 27 21 0.0592836
429 28 23 0.1600553
430 30 25 0.0880362
431 21 19 0.0413198
432 30 23 0.046868
433 31 26 0.0599837
434 31 25 0.0435937
435 33 27 0.0314362
436 30 21 0.0804861
437 24 22 0.0437048
438 28 22 0.0499805
439 29 24 0.036603
440 30 23 0.0364558
441 20 18 0.0340915
442 27 21 0.031896
443 30 23 0.031353
444 32 25 0.0398178
445 30 27 0.0633549
446 28 20 0.0669217
447 29 23 0.0703367
448 25 21 0.1112622
449 21 21 0.1138996
450 23 21 0.1065225
451 29 22 0.1035481
452 25 20 0.1307398
453 27 23 0.0703029
454 34 25 0.0614344
455 24 22 0.0725871
456 29 23 0.0305012
457 20 18 0.0436171
458 30 22 0.0401606
459 29 25 0.0433542
460 26 20 0.0467223
461 23 20 0.0840641
462 27 22 0.1006331
463 24 21 0.1179017
464 32 25 0.0821461
465 29 24 0.0705665
466 35 25 0.0651795
467 28 24 0.0981368
468 24 21 0.1134634
469 26 21 0.0846186
470 27 21 0.1283848
471 32 27 0.0990397
472 26 23 0.1194713
473 32 27 0.0959252
474 29 21 0.1228305
475 27 22 0.1220694
476 27 24 0.0932424
477 29 23 0.0894342
478 36 28 0.1038474
479 23 20 0.1580231
480 24 21 0.1351057
481 25 21 0.1109416
482 27 21 0.1208928
483 34 26 0.1145569
484 30 24 0.099839
485 28 23 0.1100969
486 29 24 0.0900501
487 29 23 0.1776941
488 32 23 0.1041055
489 23 18 0.1161406
490 26 22 0.1029574
491 29 25 0.1022174
492 31 24 0.1089329
493 38 29 0.1151505
494 27 22 0.0829616
495 27 23 0.1120252
496 21 20 0.0413214
497 27 23 0.0307696
498 35 26 0.0799419
499 29 24 0.1017934
500 26 20 0.0918857
501 29 22 0.0965461
502 33 24 0.0906214
503 34 25 0.0699299
504 32 25 0.0369188
505 19 19 0.049317
506 24 22 0.031151
507 34 24 0.0374033
508 26 22 0.0919816
509 30 24 0.0862545
510 26 21 0.0984466
511 27 21 0.0388467
512 25 21 0.0299861
513 24 21 0.0995063
514 23 20 0.0910701
515 18 18 0.0670067
516 25 22 0.0500013
517 34 26 0.0288938
518 25 22 0.0353541
519 24 21 0.0296912
520 28 22 0.0576591
521 27 22 0.0525368
522 22 19 0.0326391
523 31 24 0.0700363
524 27 21 0.0318575
525 33 25 0.027856
526 32 23 0.0814149
527 32 25 0.0699249
528 24 19 0.0313145
529 24 18 0.0629799
530 22 20 0.0400159
531 23 19 0.0474832
532 20 19 0.0329527
533 27 23 0.0323371
534 31 25 0.0445545
535 23 20 0.0302252
536 32 26 0.0317759
537 22 19 0.0312489
538 28 21 0.0267721
539 18 17 0.0346527
540 24 21 0.0438722
541 25 22 0.0314846
542 23 21 0.0307624
543 25 20 0.0314955
544 21 18 0.0284974
545 28 22 0.0316759
546 35 25 0.0329386
547 32 26 0.03275
548 28 22 0.0385324
549 22 20 0.0495011
550 34 23 0.0281097
551 27 23 0.0304401
552 31 25 0.0307954
553 37 27 0.0465729
554 25 21 0.0291339
555 27 20 0.036747
556 31 25 0.0291533
557 25 21 0.0274082
558 25 20 0.0454362
559 34 27 0.0325232
560 23 21 0.0349775
561 29 21 0.0283628
562 28 24 0.0388283
563 21 20 0.0368915
564 30 24 0.0374583
565 33 25 0.0321743
566 26 21 0.0347075
567 34 28 0.0392425
568 24 23 0.0432818
569 25 23 0.0308547
570 26 22 0.0332372
571 31 25 0.0290387
572 20 18 0.0523852
573 30 23 0.0381141
574 20 20 0.0305089
575 25 21 0.0305804
576 24 21 0.0268557
577 29 25 0.0225108
578 30 25 0.0256844
579 25 23 0.0238599
580 30 23 0.0242632
581 35 27 0.0329205
582 20 19 0.0304313
583 27 22 0.0263668
584 25 21 0.0276276
585 28 25 0.0264295
586 30 22 0.0265207
587 26 21 0.0286251
588 26 21 0.0307102
589 22 19 0.0300799
590 25 22 0.0323708
591 28 22 0.0261827
592 24 21 0.0288815
593 36 25 0.0226522
594 24 21 0.0294457
595 27 23 0.0275194
596 36 25 0.0263874
597 25 20 0.0247175
598 21 19 0.0222977
599 29 23 0.0264598
600 37 25 0.0194038
601 21 20 0.0258744
602 23 20 0.0253698
603 28 22 0.0281617
604 27 22 0.0197373
605 31 24 0.0246618
606 31 22 0.023001
607 24 20 0.0223567
608 22 20 0.0291352
609 17 17 0.0187498
610 22 20 0.0177993
611 29 25 0.0248518
612 24 20 0.0202944
613 28 22 0.0256539
614 33 28 0.0237662
615 29 24 0.023194
616 26 22 0.0177395
617 28 22 0.0246408
618 25 22 0.0270511
619 27 22 0.022973
620 20 19 0.0167639
621 27 23 0.0222474
622 37 28 0.024766
623 28 23 0.0190513
624 26 22 0.0186057
625 26 20 0.0214021
626 25 21 0.0252367
627 29 24 0.025918
628 31 27 0.0245009
629 22 20 0.0214633
630 30 22 0.0226297
631 36 25 0.023993
632 28 24 0.0275264
633 28 23 0.0320901
634 25 20 0.0269384
635 28 22 0.0257327
636 29 24 0.0271753
637 33 23 0.0253492
638 26 20 0.0230703
639 26 22 0.0213021
640 33 27 0.0186966
641 29 22 0.023652
642 30 22 0.0257144
643 35 25 0.0229083
644 34 24 0.0266404
645 31 24 0.0171417
646 23 21 0.023194
647 34 26 0.0145645
648 29 24 0.0230795
649 27 24 0.0265457
650 37 30 0.0265834
651 26 24 0.0217114
652 29 24 0.021029
653 28 23 0.0192325
654 29 22 0.028971
655 26 21 0.021772
656 27 22 0.021446
657 38 27 0.0145041
658 29 23 0.0195297
659 24 21 0.0240806
660 38 27 0.0198606
661 26 22 0.0207269
662 24 20 0.0234935
663 23 19 0.0197245
664 36 26 0.0205493
665 28 23 0.0173593
666 25 20 0.0151143
667 37 27 0.0142219
668 25 20 0.0152604
669 34 25 0.0178515
670 29 22 0.0214402
671 33 26 0.0206486
672 30 27 0.014037
673 25 20 0.0143471
674 22 19 0.0157409
675 38 28 0.0132224
676 25 20 0.014905
677 35 28 0.0126757
678 38 25 0.0130058
679 29 25 0.0183421
680 26 24 0.0209915
681 30 22 0.0150336
682 30 23 0.016535
683 25 22 0.0214691
684 26 19 0.0181763
685 28 23 0.0134048
686 28 22 0.0170871
687 26 21 0.0223599
688 33 26 0.0189448
689 25 23 0.0140954
690 24 21 0.0153453
691 25 20 0.0127693
692 33 25 0.0126154
693 39 29 0.0128886
694 35 24 0.0134953
695 21 19 0.0136372
696 33 27 0.0141061
697 26 22 0.0213661
698 26 22 0.0165083
699 30 26 0.0201816
700 25 21 0.0134121
701 23 19 0.0172544
702 33 26 0.0154715
703 22 19 0.0194711
704 32 23 0.0125121
705 24 21 0.0173331
706 24 21 0.0248502
707 26 20 0.0142353
708 27 25 0.0161783
709 24 20 0.0145708
710 30 21 0.0165227
711 42 29 0.0150799
712 27 22 0.0140798
713 28 23 0.0141214
714 30 24 0.0167921
715 33 28 0.0178412
716 28 21 0.0129401
717 29 23 0.0142014
718 27 24 0.0124874
719 30 24 0.0142063
720 29 25 0.017404
721 29 23 0.0154544
722 22 19 0.0135539
723 35 27 0.0174315
724 19 19 0.014669
725 28 23 0.0152491
726 26 22 0.019454
727 30 24 0.0132611
728 32 26 0.0149744
729 23 19 0.0128702
730 24 21 0.0181459
731 28 23 0.0135605
732 28 24 0.01224
733 29 24 0.0103329
734 35 28 0.0128956
735 23 20 0.0113046
736 27 22 0.0119124
737 31 23 0.0118751
738 29 26 0.0113507
739 30 23 0.0114715
740 25 20 0.0114897
741 28 23 0.0123131
742 27 20 0.0107027
743 24 21 0.0112682
744 22 20 0.0130828
745 30 24 0.0123903
746 24 20 0.0126218
747 34 26 0.0107408
748 26 24 0.0131141
749 31 25 0.0106098
750 24 22 0.0123157
751 27 24 0.0127396
752 30 25 0.0132108
753 24 22 0.0109557
754 25 23 0.0117799
755 33 23 0.0112191
756 23 20 0.0111632
757 24 23 0.0109384
758 19 19 0.0136269
759 35 28 0.0124567
760 22 21 0.0137478
761 34 27 0.0111882
762 28 23 0.0130407
763 28 22 0.0116328
764 33 25 0.0120598
765 34 24 0.011758
766 22 21 0.0129154
767 25 20 0.0197796
768 40 30 0.0122746
769 26 21 0.0117311
770 34 24 0.0117092
771 33 24 0.0138949
772 28 22 0.0118215
773 30 25 0.0129442
774 27 21 0.0115101
775 35 26 0.0109857
776 21 20 0.0125479
777 30 24 0.0128752
778 26 22 0.0139255
779 27 23 0.0119476
780 28 25 0.0113167
781 34 24 0.0109406
782 27 22 0.010549
783 23 22 0.0118204
784 33 25 0.0106663
785 27 24 0.0116477
786 30 25 0.0127033
787 31 24 0.0108658
788 34 24 0.0101898
789 23 20 0.0111862
790 30 22 0.0119558
791 33 25 0.0109944
792 29 25 0.010584
793 36 27 0.0103031
794 26 20 0.0111572
795 26 22 0.0115514
796 22 20 0.0118203
797 23 22 0.0112909
798 21 19 0.0111802
799 26 20 0.011065
800 33 24 0.011256
801 36 26 0.0135105
802 30 25 0.0112934
803 26 21 0.0109767
804 24 21 0.011055
805 23 18 0.0111026
806 34 25 0.0102721
807 21 19 0.0111095
808 25 19 0.0109319
809 33 24 0.0103104
810 25 22 0.0109175
811 24 20 0.0111277
812 25 20 0.0110515
813 29 24 0.0114585
814 21 19 0.011128
815 29 23 0.0111634
816 22 20 0.0123044
817 24 23 0.0107579
818 30 25 0.0110579
819 25 23 0.0120347
820 31 23 0.0114023
821 23 21 0.0120721
822 27 25 0.0108121
823 25 19 0.0125754
824 30 23 0.0143253
825 30 25 0.0115033
826 29 24 0.0116424
827 23 21 0.0132838
828 21 18 0.0121873
829 21 20 0.012487
830 31 26 0.0119114
831 20 18 0.0110208
832 18 17 0.0115782
833 37 26 0.0102896
834 20 19 0.0117455
835 36 24 0.0102253
836 31 25 0.0106224
837 33 27 0.0139235
838 24 20 0.0114841
839 29 24 0.0123935
840 29 23 0.0122056
