1 233 182 1.08402
2 238 174 1.338179
3 257 174 1.503851
4 203 145 1.494538
5 257 181 1.702124
6 276 188 0.696253
7 173 127 2.284891
8 260 185 0.822912
9 271 204 0.990506
10 241 169 3.447339
11 272 195 0.912376
12 200 139 1.851148
13 253 185 8.230933
14 191 149 1.667946
15 194 139 1.486479
16 206 154 6.001999
17 249 179 2.350411
18 252 185 6.434691
19 258 186 2.735903
20 286 202 5.708292
21 183 136 1.859701
22 225 163 1.190428
23 240 167 1.126489
24 216 163 2.138121
25 245 190 3.339832
26 274 192 1.799503
27 215 161 2.098921
28 306 210 4.381043
29 235 177 1.579186
30 254 181 0.948813
31 222 171 1.073723
32 269 189 2.910194
33 201 140 0.863793
34 199 145 1.65504
35 235 177 1.419393
36 198 151 1.720139
37 205 148 3.057984
38 260 172 1.856537
39 186 142 1.992875
40 271 191 21.79319
41 219 164 3.290238
42 267 198 1.243735
43 241 171 1.119146
44 222 164 2.091697
45 238 169 1.144175
46 211 146 2.137646
47 240 186 9.805563
48 228 156 1.709948
49 239 168 1.691788
50 150 134 1.357814
51 251 181 1.372388
52 233 176 1.734304
53 183 134 1.432725
54 234 173 1.242542
55 264 185 1.018251
56 262 188 1.655721
57 180 137 3.491398
58 238 174 1.250306
59 230 172 1.677566
60 189 139 1.380211
61 220 164 1.734472
62 233 169 1.113023
63 194 156 1.923463
64 256 197 1.334175
65 228 174 1.304452
66 232 163 1.755596
67 188 145 1.315214
68 199 145 2.138269
69 205 164 1.203812
70 188 143 1.855253
71 178 127 5.398728
72 199 149 1.13336
73 283 192 3.180851
74 161 126 1.187176
75 215 156 1.717934
76 285 192 2.55215
77 248 173 1.99149
78 264 187 2.596304
79 183 139 4.905356
80 189 129 1.470209
81 228 173 1.051321
82 279 197 12.027875
83 244 181 7.749369
84 212 158 0.868033
85 250 175 1.687482
86 282 206 1.815872
87 222 163 1.334654
88 185 136 2.447671
89 215 164 0.863365
90 239 170 1.761806
91 254 176 3.322847
92 242 177 7.463795
93 229 159 2.926638
94 143 101 1.429273
95 265 195 1.158614
96 261 184 1.882439
97 196 151 0.956004
98 203 143 2.8611
99 225 159 0.910433
100 213 144 1.560263
101 228 176 0.870896
102 193 151 0.900008
103 271 189 1.079375
104 187 142 1.092157
105 210 146 1.81225
106 285 202 0.841846
107 189 141 7.006986
108 234 167 0.879158
109 218 157 1.992297
110 220 161 1.326322
111 238 173 2.936499
112 197 143 0.940696
113 271 186 1.533768
114 214 154 4.094325
115 224 167 0.945344
116 262 193 3.548685
117 225 166 1.061099
118 252 179 1.275065
119 216 154 6.226006
120 221 158 0.77685
121 179 138 1.883749
122 242 178 3.617
123 155 117 2.110962
124 212 153 1.171985
125 185 141 1.164649
126 269 184 2.688234
127 192 144 0.846421
128 154 120 1.279455
129 269 185 1.675477
130 177 143 1.082437
131 227 163 4.41779
132 197 144 5.284638
133 255 184 3.376671
134 164 120 4.126422
135 232 161 5.475746
136 206 147 1.163886
137 248 166 1.33935
138 145 116 0.962608
139 167 131 1.678485
140 260 180 2.500198
141 304 226 0.839716
142 235 172 4.478882
143 171 134 1.210781
144 272 200 15.110693
145 231 171 1.428182
146 328 234 1.145371
147 218 152 1.313597
148 234 171 1.981915
149 205 152 1.290325
150 271 187 0.820197
151 181 143 0.712773
152 146 118 2.037052
153 251 186 1.002464
154 221 168 1.00947
155 247 176 4.228486
156 221 167 1.113352
157 218 164 2.584509
158 206 156 1.354542
159 248 175 0.663265
160 231 169 1.630744
161 172 128 0.883383
162 257 183 1.105891
163 182 128 1.273916
164 189 137 1.885291
165 228 172 0.877744
166 214 164 0.469846
167 271 201 1.209235
168 221 153 1.377433
169 244 177 1.373486
170 291 195 1.474587
171 261 186 5.728383
172 251 183 1.183545
173 250 173 2.987294
174 247 172 1.252578
175 247 191 0.97662
176 200 151 3.274901
177 254 186 3.706936
178 201 160 1.114803
179 214 156 1.980948
180 251 194 12.727305
181 272 188 6.90283
182 165 117 2.202445
183 261 192 0.687401
184 276 187 2.769108
185 262 189 8.782207
186 235 162 1.149297
187 222 157 7.715567
188 242 170 1.325793
189 243 184 1.173686
190 255 171 9.415893
191 253 178 1.105721
192 202 149 1.01253
193 184 137 1.652142
194 269 182 2.184793
195 257 179 4.243253
196 224 169 0.611756
197 212 157 3.713874
198 312 210 0.977044
199 279 206 1.572124
200 238 177 0.804713
201 309 203 1.04874
202 240 162 1.494982
203 185 135 1.161073
204 224 173 0.947719
205 300 203 1.219652
206 192 153 0.7015
207 227 168 4.141463
208 197 141 3.570158
209 174 142 1.14539
210 208 160 1.170476
211 256 181 17.515045
212 181 126 7.098978
213 248 194 1.562984
214 169 129 3.039692
215 237 160 1.350731
216 202 140 1.303632
217 239 174 6.806821
218 220 168 1.591069
219 270 189 0.564405
220 237 181 0.741186
221 206 154 0.574111
222 235 188 1.715448
223 275 207 1.135014
224 220 158 0.91137
225 215 154 1.161172
226 261 185 0.945078
227 206 153 1.612186
228 180 129 1.094226
229 266 183 0.782342
230 175 139 1.149999
231 246 174 1.718256
232 259 192 2.377006
233 246 179 2.238424
234 254 177 1.310373
235 192 141 1.938098
236 240 174 0.933046
237 227 164 0.939861
238 206 163 3.158661
239 232 173 1.25664
240 279 190 6.633237
241 195 152 1.48307
242 215 164 1.172847
243 326 205 1.388652
244 256 193 0.841603
245 236 174 0.709341
246 199 152 1.292445
247 151 113 1.848
248 191 142 1.273707
249 149 124 0.852081
250 314 211 0.908242
251 268 186 1.195241
252 250 181 0.816487
253 204 153 1.207568
254 207 155 2.084313
255 284 214 0.914372
256 237 169 2.893171
257 208 160 3.143974
258 209 159 0.671506
259 267 180 4.360646
260 273 188 3.373727
261 164 118 2.674573
262 279 195 2.724552
263 232 167 4.72999
264 215 152 0.936099
265 230 174 3.482089
266 251 179 0.86058
267 228 173 2.4026
268 186 132 7.33406
269 176 136 1.034308
270 226 156 2.047569
271 237 168 0.801827
272 238 178 1.250942
273 197 139 0.978422
274 273 193 1.56258
275 189 150 1.922888
276 285 188 2.920374
277 214 166 1.28591
278 202 151 1.183614
279 215 162 4.968845
280 216 152 1.054076
281 238 168 1.515078
282 216 159 1.693847
283 195 150 1.038772
284 224 160 1.663925
285 190 141 1.315827
286 234 170 0.975603
287 200 150 2.902472
288 241 183 1.585429
289 271 184 0.88542
290 236 179 1.049464
291 277 191 1.17572
292 253 178 2.527835
293 226 166 1.31371
294 235 174 2.45441
295 280 193 13.818733
296 242 171 4.210358
297 176 132 1.016174
298 194 139 1.697949
299 291 208 2.92256
300 222 166 1.817644
301 239 174 1.555801
302 198 143 0.802655
303 208 154 0.989027
304 194 140 1.027617
305 249 175 3.078112
306 207 156 1.118791
307 252 173 0.80158
308 243 168 1.81413
309 193 137 3.895453
310 240 174 0.793046
311 260 182 2.974255
312 252 184 1.249613
313 223 162 1.37642
314 276 196 1.02548
315 274 199 0.823504
316 214 150 1.598018
317 242 179 1.689251
318 263 193 1.3472
319 178 139 1.107202
320 262 187 1.435676
321 160 118 1.074673
322 230 164 1.733496
323 326 212 1.923316
324 215 160 1.2163
325 212 148 1.538894
326 143 101 1.524032
327 220 163 1.227872
328 186 139 0.955508
329 243 163 1.211756
330 235 178 2.199771
331 264 178 4.683672
332 254 177 2.21309
333 222 169 0.804429
334 287 214 0.697151
335 270 189 2.102672
336 215 156 1.268852
337 267 185 1.634106
338 230 171 2.630613
339 234 163 0.902989
340 230 163 13.79282
341 165 125 4.295311
342 133 104 1.929601
343 191 141 1.042227
344 186 135 2.565098
345 229 164 1.445111
346 245 174 0.923054
347 306 206 0.48327
348 207 158 1.141117
349 279 197 0.854494
350 287 214 4.551379
351 230 167 2.432388
352 285 201 4.239563
353 285 207 1.349458
354 169 133 0.84177
355 173 125 1.819094
356 249 179 0.979108
357 173 124 1.412057
358 234 171 0.635097
359 210 160 0.944005
360 254 174 2.982165
361 217 156 1.155905
362 246 168 0.917273
363 236 170 1.958578
364 240 180 2.826076
365 258 170 2.479955
366 196 138 1.2566
367 220 167 3.169062
368 220 171 1.32693
369 256 185 1.002722
370 250 177 1.248026
371 213 158 0.886875
372 214 157 1.525361
373 155 121 1.148928
374 260 189 10.875591
375 293 200 1.067935
376 197 144 1.200746
377 253 183 1.470471
378 303 216 1.548541
379 233 176 0.940899
380 247 188 0.82769
381 243 180 3.265697
382 269 188 3.446228
383 247 184 0.657329
384 180 137 1.053427
385 164 121 5.953776
386 213 150 1.936606
387 208 147 1.602363
388 239 169 1.149848
389 251 193 0.76726
390 265 190 0.960916
391 170 133 7.514009
392 179 146 0.921265
393 155 122 1.127119
394 229 171 3.51182
395 258 186 1.18889
396 235 170 0.637909
397 211 150 1.929865
398 264 180 0.879566
399 159 129 1.034944
400 228 158 1.039464
401 214 151 0.994026
402 261 185 6.524972
403 217 154 2.788086
404 196 146 1.259678
405 290 199 5.939925
406 213 152 1.192138
407 258 183 1.113932
408 258 184 1.008857
409 295 196 1.172345
410 248 177 1.555995
411 218 164 1.075145
412 218 155 2.149124
413 198 151 1.302075
414 209 168 1.232798
415 236 173 3.755515
416 201 150 1.811718
417 220 165 0.824159
418 199 161 0.764386
419 198 160 1.101559
420 254 179 3.334714
421 142 102 3.004608
422 238 161 3.1971223
423 262 186 1.1783509
424 254 172 1.6823183
425 189 150 1.1273723
426 263 194 8.5466375
427 238 173 7.0456649
428 244 181 1.4120509
429 233 171 1.2015997
430 151 116 2.3744726
431 220 150 2.8247384
432 225 166 1.7087801
433 258 189 2.9007157
434 197 147 3.0988552
435 220 153 1.6815383
436 290 208 1.3999485
437 199 150 4.0323853
438 249 185 2.7620125
439 191 138 1.3373134
440 258 179 5.0480051
441 318 225 6.6669342
442 244 175 2.1541143
443 206 151 2.67856
444 193 147 3.4003417
445 153 120 2.0910822
446 212 149 6.5995587
447 208 157 1.7801825
448 179 137 1.8789558
449 246 186 2.1188188
450 259 183 2.22952
451 278 208 1.7932341
452 265 187 3.4322468
453 185 129 1.5279724
454 167 120 2.859945
455 184 141 1.8809169
456 238 176 2.095862
457 182 136 1.2932708
458 224 159 1.8880177
459 200 141 2.4918914
460 247 184 2.6761232
461 256 187 4.2181994
462 145 125 1.5760158
463 178 133 1.7679266
464 257 191 3.7069494
465 227 173 1.4968095
466 299 206 1.2931498
467 213 162 1.2736566
468 189 147 7.8143101
469 179 130 3.1697418
470 255 184 1.3292913
471 202 152 1.3681851
472 268 195 1.1378741
473 257 190 1.5015852
474 201 150 2.3894302
475 254 174 1.2393043
476 292 208 2.7392449
477 167 138 1.7319836
478 127 96 3.5257473
479 229 164 1.6365236
480 177 144 1.8867218
481 172 137 1.0989107
482 259 183 2.3074984
483 164 123 2.9813863
484 162 126 3.403874
485 196 151 1.3992635
486 159 132 1.9251085
487 191 153 3.5952048
488 291 209 1.441135
489 213 176 1.4294283
490 248 182 1.4242891
491 197 137 1.1055807
492 221 158 5.2879585
493 157 115 1.5736836
494 218 163 1.4645314
495 192 144 1.100491
496 253 184 6.9314312
497 220 169 0.8890387
498 158 112 4.31319
499 199 153 1.9388169
500 220 161 1.8191891
501 241 171 3.216516
502 247 167 1.1126067
503 217 162 0.6669604
504 143 117 1.056268
505 246 175 1.1429777
506 215 166 0.888313
507 229 159 0.8404039
508 299 208 2.8128193
509 189 153 1.0362238
510 312 207 13.7102189
511 268 189 3.7953549
512 211 182 0.7925168
513 239 168 1.2547155
514 164 127 1.7343664
515 237 168 4.3005882
516 243 188 1.7224191
517 299 210 1.3315931
518 168 133 0.8168715
519 249 183 2.3593819
520 199 144 0.9725068
521 300 213 0.7967109
522 239 167 1.4122312
523 179 125 3.7552628
524 243 170 3.9247471
525 245 190 0.9531409
526 220 167 1.9168721
527 247 164 1.0107277
528 202 162 1.4638809
529 207 142 3.0886385
530 248 186 2.3898654
531 231 169 0.896832
532 239 172 0.9818473
533 261 185 1.0732375
534 190 135 1.6802283
535 199 142 1.9955863
536 182 142 2.6586347
537 236 167 1.5962681
538 216 162 0.9846537
539 282 206 1.0370998
540 203 150 1.3585597
541 199 150 1.307863
542 217 148 1.5926946
543 248 182 1.0269154
544 252 174 1.2865764
545 272 197 0.6974406
546 228 167 1.6818201
547 267 196 2.7995812
548 175 136 2.6593325
549 264 187 1.3640924
550 219 165 1.0088601
551 225 161 1.268134
552 248 180 0.6646942
553 215 153 5.0555661
554 303 219 3.0404778
555 228 166 0.8574483
556 170 127 1.289184
557 249 171 0.504112
558 198 151 1.6961861
559 278 207 0.8674775
560 247 177 0.9088526
561 183 148 1.0504751
562 224 158 0.8053266
563 286 192 0.6101612
564 258 191 1.157133
565 177 145 1.1158146
566 203 155 1.1918099
567 209 148 1.1312347
568 232 170 1.2623409
569 134 101 1.1866014
570 212 168 1.6347016
571 232 174 1.0395777
572 187 138 1.0449857
573 175 135 1.8340762
574 210 154 1.1339153
575 155 122 0.9620727
576 243 177 2.5635178
577 214 149 1.3491798
578 276 193 0.6780899
579 227 159 0.6947755
580 221 174 0.7469642
581 195 155 0.8491235
582 266 188 2.2523875
583 185 148 1.1516658
584 208 153 0.785152
585 296 215 0.548108
586 264 192 0.849813
587 210 155 1.5744643
588 218 170 0.6995384
589 219 161 4.5654361
590 232 167 1.197449
591 206 157 1.0609385
592 221 156 0.9761795
593 187 148 0.9898212
594 230 156 0.4900774
595 223 152 0.9054406
596 218 148 1.0198563
597 189 144 0.9181692
598 265 197 0.5078943
599 114 96 1.3783186
600 236 183 0.8954846
601 181 128 1.1922197
602 274 198 0.6756717
603 193 159 0.4633586
604 266 189 0.7859241
605 259 194 0.611069
606 305 206 0.6423862
607 307 209 1.3977299
608 131 97 1.0370776
609 276 201 2.0851716
610 225 160 0.8839336
611 249 176 0.4045586
612 250 183 0.7369677
613 226 171 0.7495051
614 268 190 0.4926114
615 230 173 1.6251832
616 211 147 3.1365944
617 194 152 1.6432497
618 189 135 1.0925237
619 211 167 1.1790485
620 232 171 0.9791086
621 266 184 1.5017127
622 260 194 0.4709918
623 189 152 1.0375519
624 200 144 3.6139254
625 235 162 2.7092191
626 249 175 1.0963549
627 192 145 0.4646109
628 271 199 1.6219587
629 307 210 2.3702386
630 202 150 0.7970684
631 222 163 0.8826581
632 290 197 0.5172047
633 217 152 2.5414106
634 224 156 1.2793549
635 210 154 2.1216032
636 237 178 1.0306885
637 286 206 1.8355864
638 257 188 4.0698994
639 248 178 0.7788868
640 339 222 3.0555628
641 229 157 0.7432094
642 205 152 1.1004719
643 240 174 1.055382
644 268 196 2.0520419
645 294 208 0.6849709
646 201 151 1.3958738
647 264 187 0.6667859
648 251 179 1.2984266
649 188 143 0.7289602
650 220 162 0.8919229
651 207 159 0.6675357
652 270 191 0.9058165
653 249 171 1.9615564
654 210 169 0.8546099
655 187 142 0.985445
656 234 172 0.8603534
657 199 156 1.3763129
658 201 152 1.8379761
659 211 153 1.9722861
660 177 139 0.7770294
661 238 184 0.8886505
662 255 180 1.121727
663 277 209 0.8618892
664 254 164 1.5338618
665 283 186 0.4693842
666 235 170 0.575225
667 281 195 0.7620446
668 227 160 0.4588316
669 227 162 2.1865417
670 207 150 0.8072651
671 226 162 0.8732493
672 190 140 1.210283
673 179 139 1.1034378
674 238 170 0.5836049
675 208 154 0.8603998
676 217 150 0.8461294
677 239 184 0.5521722
678 238 174 0.7389094
679 247 177 0.4072159
680 189 146 0.7570368
681 261 182 0.8184753
682 195 151 0.8602095
683 266 184 0.419491
684 246 184 1.3226149
685 182 126 4.1911997
686 243 182 0.7987805
687 273 181 0.7004997
688 224 165 1.1665298
689 239 170 1.8492635
690 191 131 1.2213637
691 218 155 0.9073585
692 164 126 5.2126287
693 197 134 3.2579914
694 227 161 0.6758666
695 250 177 0.6683024
696 259 188 0.9347335
697 145 114 0.5877059
698 211 143 1.3384698
699 172 142 0.5815372
700 189 144 0.8357153
701 229 168 0.7126958
702 191 143 2.2403518
703 169 130 0.5730258
704 255 194 1.5316025
705 179 140 0.728674
706 228 180 0.8516445
707 236 169 0.5312578
708 250 194 0.645884
709 237 176 0.806558
710 226 168 0.5113698
711 288 215 0.4685003
712 234 164 0.4233725
713 203 142 2.4970639
714 174 129 0.7529403
715 226 166 1.8932485
716 209 147 0.4759526
717 241 180 0.9026759
718 264 198 0.7869126
719 277 193 0.4602845
720 212 158 0.4996698
721 264 194 4.425665
722 145 110 1.2623435
723 184 134 0.5355259
724 210 149 5.1372911
725 237 176 0.6422354
726 186 140 1.4644286
727 202 159 1.2129003
728 298 209 0.3588673
729 261 178 1.0408696
730 329 224 0.564853
731 245 174 0.5546815
732 158 131 0.6563503
733 232 174 0.5956873
734 174 126 0.8929244
735 189 152 0.5233376
736 216 162 1.713948
737 224 159 1.5137124
738 317 214 5.1388774
739 274 198 1.5596862
740 240 172 0.7131615
741 152 109 1.2698852
742 321 227 1.3452799
743 234 161 0.6189198
744 193 140 0.7172534
745 189 130 2.960891
746 216 160 1.2702187
747 218 164 0.5765145
748 193 141 0.8759004
749 218 162 0.3583569
750 256 193 0.5448362
751 174 126 0.7947563
752 195 153 0.5463262
753 178 140 0.6737328
754 242 176 1.3981677
755 187 146 1.0811684
756 191 135 0.9801799
757 195 150 0.6885626
758 232 179 0.5287016
759 193 142 1.2917472
760 219 164 0.8002534
761 217 147 0.4068795
762 216 156 1.5428981
763 219 157 1.9737457
764 167 125 0.9412968
765 227 167 1.8880547
766 219 170 0.8404517
767 189 142 0.9669306
768 242 161 0.5751503
769 258 193 0.6542864
770 258 173 0.9442995
771 290 219 2.7112962
772 237 180 0.4971
773 163 123 0.8814931
774 247 183 1.3717192
775 318 223 0.6482194
776 195 143 0.7471764
777 203 145 0.9798301
778 280 192 0.5881688
779 164 126 2.4063237
780 199 144 0.8870848
781 233 169 0.4509133
782 183 140 0.9478937
783 190 147 0.7153359
784 245 168 0.5640291
785 275 193 0.4253671
786 227 176 0.637661
787 261 179 0.5538474
788 203 149 0.9058142
789 208 152 1.1220342
790 240 174 0.8066715
791 216 165 0.7012437
792 217 158 0.6502827
793 236 169 1.3910715
794 216 157 0.9188187
795 277 191 0.5277851
796 258 186 0.6066985
797 258 177 1.2104793
798 264 189 0.4509522
799 271 202 0.5688007
800 296 208 0.5462268
801 206 158 0.5926265
802 219 163 2.8225626
803 258 178 1.1204034
804 169 132 2.6905737
805 267 187 1.0612926
806 200 133 0.4842398
807 193 143 0.8153116
808 293 199 1.0668707
809 195 142 0.5870352
810 217 158 2.4753046
811 218 166 1.5081781
812 183 132 0.4341002
813 178 139 0.7182973
814 269 201 0.4314325
815 218 160 0.752419
816 297 214 0.959098
817 198 158 0.7177171
818 298 207 1.4188037
819 152 117 0.7518776
820 319 217 0.4914319
821 260 173 0.4316044
822 300 201 0.651647
823 221 170 0.6598885
824 301 203 0.7158066
825 244 176 1.8176115
826 205 153 2.3303825
827 160 114 0.9214351
828 213 143 0.6591476
829 288 200 4.5761526
830 175 140 0.5113604
831 218 157 1.8492509
832 214 161 0.6871186
833 218 164 0.4783463
834 161 127 0.5708266
835 229 162 0.5536854
836 255 163 0.7899052
837 273 194 0.505524
838 300 215 0.7449716
839 196 152 0.6035094
840 248 177 2.0410747
