1 7 7 0.568648
2 5 5 0.140568
3 2 2 0.111087
4 21 19 0.106445
5 7 7 0.042749
6 20 18 0.025281
7 24 23 0.018864
8 18 18 0.020299
9 23 23 0.080106
10 8 8 0.027354
11 17 17 0.040693
12 24 22 0.029354
13 7 7 0.031666
14 12 12 0.117218
15 13 13 0.087057
16 15 15 0.046147
17 15 15 0.025567
18 13 13 0.047708
19 13 13 0.033616
20 7 7 0.054165
21 12 12 0.058931
22 17 16 0.047571
23 12 12 0.050637
24 24 22 0.032298
25 13 13 0.040533
26 19 19 0.05942
27 16 16 0.029227
28 7 7 0.063508
29 15 15 0.033081
30 15 15 0.056952
31 22 22 0.052141
32 24 21 0.028379
33 15 14 0.045342
34 10 10 0.042245
35 13 13 0.086644
36 16 16 0.046563
37 21 21 0.057502
38 16 15 0.047153
39 14 14 0.048291
40 15 15 0.054981
41 14 14 0.092849
42 22 20 0.063986
43 2 2 0.088925
44 20 17 0.051615
45 16 15 0.044974
46 13 13 0.070616
47 21 20 0.06023
48 30 28 0.031298
49 12 12 0.078328
50 14 14 0.030619
51 19 19 0.05095
52 11 11 0.053278
53 9 9 0.087127
54 9 9 0.058332
55 16 14 0.075308
56 2 2 0.050198
57 7 7 0.059678
58 21 20 0.057821
59 5 5 0.048597
60 7 7 0.024332
61 17 17 0.015371
62 21 19 0.027122
63 8 8 0.024403
64 19 19 0.021764
65 13 12 0.022798
66 16 16 0.015717
67 17 17 0.032347
68 20 20 0.017216
69 35 33 0.017303
70 19 19 0.019223
71 2 2 0.031339
72 7 7 0.031442
73 14 12 0.026528
74 22 21 0.02651
75 12 11 0.023517
76 16 16 0.022719
77 15 15 0.018729
78 18 17 0.027504
79 10 10 0.048105
80 17 17 0.025331
81 16 16 0.022951
82 13 12 0.049721
83 16 16 0.01461
84 12 12 0.027361
85 17 16 0.032358
86 22 19 0.014085
87 7 7 0.029264
88 14 14 0.018872
89 22 22 0.022887
90 8 7 0.024018
91 21 19 0.030482
92 12 12 0.035224
93 6 6 0.024805
94 28 25 0.033555
95 9 8 0.013108
96 20 18 0.021929
97 22 22 0.022501
98 19 19 0.011843
99 4 4 0.028248
100 9 9 0.059026
101 24 23 0.017425
102 13 13 0.025745
103 10 10 0.032004
104 25 24 0.04377
105 5 5 0.053276
106 11 11 0.085512
107 5 5 0.064461
108 2 2 0.066212
109 15 15 0.046196
110 12 12 0.03353
111 9 9 0.062314
112 19 17 0.015442
113 15 13 0.043739
114 2 2 0.028821
115 14 14 0.022991
116 15 15 0.013916
117 10 10 0.021509
118 22 21 0.026056
119 5 5 0.021002
120 28 26 0.016076
121 8 8 0.016117
122 3 3 0.026215
123 19 17 0.029092
124 2 2 0.029003
125 12 10 0.024502
126 18 17 0.016582
127 15 15 0.026088
128 13 13 0.024871
129 10 9 0.023925
130 13 13 0.020123
131 13 13 0.01655
132 7 7 0.027268
133 19 19 0.017021
134 21 21 0.01329
135 2 2 0.029641
136 11 11 0.017175
137 2 2 0.02918
138 9 7 0.016306
139 9 9 0.017809
140 12 12 0.034748
141 2 2 0.031742
142 15 15 0.02717
143 26 25 0.016738
144 18 18 0.062028
145 2 2 0.028273
146 22 22 0.025034
147 19 19 0.019026
148 14 14 0.02314
149 12 12 0.022841
150 16 15 0.019102
151 14 14 0.018724
152 23 23 0.020402
153 13 13 0.040105
154 17 17 0.034654
155 17 16 0.029232
156 11 11 0.036159
157 18 18 0.029427
158 9 9 0.028385
159 5 5 0.028701
160 20 19 0.019024
161 28 28 0.031532
162 10 10 0.023289
163 20 20 0.024906
164 25 25 0.024298
165 11 11 0.037327
166 16 14 0.027718
167 14 13 0.023327
168 16 13 0.023873
169 13 13 0.027992
170 14 14 0.022467
171 11 11 0.028515
172 19 19 0.034124
173 12 12 0.031122
174 21 17 0.015525
175 21 20 0.027257
176 16 15 0.025173
177 18 17 0.021762
178 18 16 0.017765
179 19 19 0.013978
180 12 11 0.017149
181 4 4 0.025391
182 15 12 0.026105
183 9 9 0.027733
184 24 23 0.040195
185 2 2 0.050903
186 12 12 0.036594
187 18 18 0.030604
188 15 14 0.055832
189 19 18 0.053638
190 15 15 0.012661
191 16 16 0.016807
192 18 15 0.025595
193 17 16 0.020101
194 8 8 0.011731
195 14 14 0.034384
196 19 19 0.024899
197 9 7 0.013702
198 7 7 0.025734
199 18 18 0.02343
200 10 10 0.029308
201 13 12 0.02004
202 21 19 0.029683
203 7 7 0.030685
204 8 8 0.028131
205 11 11 0.019937
206 20 20 0.022684
207 13 13 0.017776
208 19 16 0.019058
209 24 23 0.016376
210 20 20 0.020172
211 12 10 0.025124
212 10 8 0.024213
213 13 11 0.023216
214 10 10 0.025903
215 9 9 0.019396
216 15 15 0.059405
217 7 7 0.039252
218 14 14 0.035442
219 12 11 0.0604
220 11 11 0.018268
221 21 21 0.037504
222 27 27 0.014944
223 5 5 0.029003
224 9 9 0.037558
225 5 5 0.025434
226 2 2 0.062909
227 17 17 0.017497
228 23 22 0.029778
229 11 9 0.035561
230 5 5 0.044776
231 21 21 0.028811
232 10 10 0.031398
233 20 20 0.043406
234 15 15 0.040533
235 2 2 0.033737
236 24 20 0.026448
237 9 9 0.034223
238 2 2 0.075329
239 2 2 0.025891
240 4 4 0.031352
241 9 9 0.032708
242 2 2 0.035791
243 12 12 0.052397
244 5 5 0.048768
245 18 17 0.033223
246 11 11 0.016444
247 12 12 0.039481
248 20 19 0.015591
249 5 5 0.017106
250 9 9 0.038943
251 18 16 0.034236
252 23 19 0.034131
253 12 12 0.079021
254 21 21 0.025729
255 20 18 0.037391
256 28 22 0.019767
257 7 7 0.058183
258 25 21 0.043714
259 14 13 0.040596
260 21 19 0.038429
261 5 5 0.04567
262 7 7 0.091794
263 3 3 0.047622
264 16 16 0.033144
265 15 15 0.012026
266 12 12 0.065423
267 19 18 0.02452
268 3 3 0.03126
269 10 10 0.021738
270 9 9 0.045096
271 18 18 0.0295
272 27 24 0.034009
273 14 14 0.033654
274 2 2 0.055828
275 23 21 0.0163
276 9 9 0.042911
277 4 4 0.027849
278 29 29 0.013554
279 18 18 0.044054
280 9 9 0.030776
281 13 13 0.016951
282 7 7 0.039987
283 20 19 0.027064
284 12 12 0.017365
285 7 7 0.02951
286 10 10 0.034987
287 17 15 0.028475
288 15 15 0.032507
289 7 7 0.066411
290 17 16 0.024827
291 18 18 0.018843
292 17 17 0.021884
293 11 11 0.025399
294 9 9 0.015636
295 26 26 0.015019
296 22 22 0.02652
297 34 28 0.026022
298 15 15 0.018241
299 10 9 0.02875
300 3 3 0.026582
301 22 22 0.017066
302 8 8 0.019596
303 15 14 0.020545
304 15 15 0.018128
305 12 12 0.024435
306 16 16 0.028953
307 14 13 0.031027
308 20 17 0.028221
309 12 12 0.022404
310 11 11 0.027986
311 10 10 0.028234
312 17 16 0.01975
313 10 10 0.030801
314 20 19 0.030642
315 9 9 0.033137
316 2 2 0.028368
317 26 25 0.04305
318 24 24 0.016077
319 10 8 0.0262
320 13 13 0.025268
321 25 23 0.018838
322 13 12 0.02348
323 7 7 0.025947
324 11 10 0.020489
325 16 14 0.053635
326 13 13 0.04333
327 16 14 0.014436
328 14 13 0.025038
329 12 12 0.017126
330 11 11 0.05327
331 21 17 0.029206
332 9 9 0.023498
333 15 15 0.021679
334 16 16 0.027414
335 8 8 0.033802
336 7 7 0.029125
337 5 5 0.030421
338 31 27 0.019101
339 20 20 0.012359
340 12 12 0.020082
341 3 3 0.031549
342 22 22 0.044887
343 11 11 0.054347
344 22 21 0.05136
345 9 8 0.052877
346 2 2 0.063497
347 12 12 0.036481
348 11 11 0.03786
349 22 21 0.013663
350 15 15 0.037995
351 9 9 0.035957
352 39 38 0.021243
353 10 9 0.021791
354 14 14 0.018983
355 6 6 0.03326
356 9 9 0.033075
357 28 26 0.044882
358 7 7 0.038056
359 22 20 0.063833
360 12 11 0.036652
361 14 13 0.05942
362 10 9 0.030213
363 17 17 0.037038
364 14 12 0.02625
365 28 25 0.058854
366 10 9 0.031564
367 6 6 0.049508
368 20 19 0.067006
369 10 10 0.042885
370 13 13 0.064576
371 23 23 0.015962
372 26 26 0.019226
373 12 12 0.017132
374 9 9 0.025053
375 10 10 0.056682
376 7 7 0.039529
377 19 19 0.014382
378 21 21 0.024705
379 17 14 0.012268
380 3 3 0.025049
381 9 9 0.029515
382 19 19 0.039568
383 19 17 0.06765
384 19 17 0.067794
385 19 19 0.025586
386 12 12 0.027328
387 22 20 0.0329
388 9 9 0.039065
389 14 14 0.015274
390 28 25 0.078201
391 13 13 0.023142
392 13 13 0.018911
393 23 21 0.041962
394 2 2 0.028417
395 24 21 0.019987
396 5 5 0.023152
397 29 27 0.01658
398 19 18 0.027543
399 19 17 0.034474
400 20 20 0.011277
401 15 13 0.014943
402 17 15 0.026396
403 16 14 0.013696
404 14 14 0.022864
405 20 20 0.027026
406 30 30 0.033762
407 19 19 0.024191
408 4 4 0.046927
409 23 23 0.025253
410 14 14 0.027805
411 17 17 0.055998
412 17 16 0.039736
413 3 3 0.064314
414 5 5 0.042643
415 16 15 0.019097
416 7 7 0.023056
417 30 27 0.020872
418 20 18 0.030652
419 14 14 0.034585
420 14 12 0.016701
421 16 16 0.2309601
422 35 33 0.1753299
423 17 17 0.1539792
424 13 13 0.1576269
425 22 21 0.1890628
426 7 5 0.1000649
427 14 14 0.1358476
428 19 18 0.1721098
429 20 19 0.1110516
430 14 14 0.0848726
431 21 21 0.0983418
432 14 14 0.1012579
433 20 20 0.0689755
434 22 22 0.0701549
435 23 21 0.0352135
436 2 2 0.0948434
437 27 27 0.0622826
438 25 24 0.0504823
439 17 17 0.0535205
440 9 9 0.0527564
441 9 9 0.0281254
442 22 20 0.082569
443 16 16 0.0950797
444 17 16 0.0859088
445 10 10 0.0626513
446 22 22 0.0197233
447 14 12 0.0591321
448 7 7 0.09319
449 15 15 0.0880716
450 5 5 0.1001387
451 26 26 0.0903501
452 5 5 0.0552192
453 35 35 0.0680137
454 7 7 0.1108269
455 14 14 0.0903167
456 17 17 0.0718595
457 18 16 0.0400452
458 10 10 0.0358851
459 11 11 0.0740715
460 8 8 0.0813361
461 13 12 0.0333357
462 17 15 0.0380381
463 7 7 0.0474059
464 13 13 0.0390552
465 9 9 0.0479039
466 19 19 0.0384757
467 19 18 0.0549658
468 37 35 0.0196257
469 12 12 0.0435528
470 5 5 0.0410851
471 24 24 0.0454003
472 6 6 0.0404091
473 16 15 0.0320448
474 11 11 0.0503161
475 2 2 0.0509733
476 14 14 0.0445492
477 17 14 0.0395016
478 20 19 0.0392154
479 21 19 0.0301626
480 18 16 0.0276717
481 22 22 0.0296072
482 18 18 0.0272317
483 20 20 0.020258
484 15 15 0.0283297
485 14 14 0.0377907
486 15 15 0.0245441
487 16 16 0.0166687
488 12 12 0.0336079
489 10 10 0.0416907
490 16 15 0.0342223
491 5 5 0.0480617
492 14 14 0.0392677
493 2 2 0.0637208
494 3 3 0.0564971
495 15 15 0.0352234
496 15 15 0.0413793
497 20 17 0.0157131
498 2 2 0.0522364
499 27 23 0.0316464
500 15 14 0.0340389
501 17 17 0.0326743
502 20 18 0.021623
503 7 7 0.0477116
504 17 15 0.0156705
505 10 10 0.0430947
506 2 2 0.0525127
507 10 10 0.0422113
508 8 7 0.0365575
509 2 2 0.0518997
510 12 11 0.0398625
511 8 8 0.025975
512 9 7 0.030439
513 12 12 0.0259539
514 27 27 0.0413387
515 20 18 0.0345797
516 28 28 0.027428
517 4 4 0.0420824
518 5 5 0.0732216
519 11 11 0.0500066
520 9 9 0.0722489
521 7 7 0.0405554
522 14 14 0.0425143
523 12 11 0.0433857
524 9 9 0.0401925
525 2 2 0.0523811
526 14 13 0.0318636
527 19 18 0.0331809
528 7 7 0.0480395
529 3 3 0.0453232
530 20 19 0.0517271
531 5 5 0.0384975
532 23 23 0.0533668
533 13 13 0.0418131
534 16 16 0.0366669
535 9 9 0.0346401
536 16 14 0.040348
537 23 23 0.028596
538 9 8 0.0297575
539 19 17 0.0207556
540 30 29 0.0286236
541 27 27 0.0184989
542 5 5 0.039019
543 18 18 0.0224914
544 22 21 0.0401913
545 2 2 0.061846
546 17 17 0.0340128
547 4 4 0.047059
548 8 8 0.0250232
549 20 18 0.0201385
550 29 28 0.0344868
551 27 25 0.0263375
552 9 8 0.0292929
553 16 16 0.0343607
554 12 11 0.0411541
555 15 15 0.039911
556 18 18 0.0366327
557 15 15 0.0375768
558 7 7 0.0661902
559 18 18 0.0297142
560 8 8 0.0440751
561 14 14 0.0323214
562 3 3 0.0454165
563 13 12 0.0445444
564 12 12 0.0214374
565 28 25 0.0493528
566 19 16 0.038247
567 24 22 0.0314531
568 30 30 0.0239701
569 20 20 0.0370281
570 2 2 0.0558194
571 27 27 0.018609
572 13 12 0.0405867
573 15 15 0.0334715
574 17 16 0.0296856
575 14 12 0.0470842
576 15 15 0.0510242
577 17 17 0.0466586
578 21 20 0.0366917
579 16 16 0.0448255
580 19 17 0.0417581
581 13 12 0.0398477
582 25 25 0.0443605
583 18 17 0.0529288
584 11 11 0.0560174
585 32 30 0.0266414
586 8 8 0.0344273
587 18 17 0.0626226
588 24 24 0.0348568
589 10 9 0.048368
590 7 7 0.0356854
591 13 13 0.0459897
592 15 15 0.0477289
593 4 4 0.0494393
594 14 14 0.0448113
595 25 25 0.0421191
596 13 13 0.0739489
597 23 21 0.064744
598 12 10 0.0498921
599 10 10 0.0665912
600 21 20 0.0585276
601 15 15 0.0297191
602 9 9 0.0385462
603 15 15 0.0416914
604 5 5 0.0665722
605 4 4 0.0539972
606 18 17 0.0473127
607 46 34 0.0216183
608 9 9 0.0564624
609 14 14 0.0452009
610 21 20 0.0448212
611 20 20 0.0288004
612 24 23 0.0457253
613 13 13 0.051254
614 25 23 0.0253433
615 10 10 0.0384421
616 6 6 0.0380937
617 6 6 0.0461651
618 9 9 0.0487341
619 2 2 0.0717206
620 9 9 0.0592866
621 9 9 0.0500032
622 14 12 0.0468777
623 10 10 0.05627
624 20 20 0.0338178
625 22 20 0.0354504
626 18 17 0.0315545
627 21 19 0.0491667
628 18 14 0.030341
629 7 7 0.0481221
630 14 11 0.0475123
631 9 9 0.0403816
632 18 18 0.0346843
633 20 18 0.0331398
634 14 13 0.0514541
635 18 17 0.038836
636 16 15 0.0374655
637 8 8 0.0192706
638 15 13 0.0446139
639 13 13 0.0266162
640 13 13 0.0328718
641 11 11 0.0557466
642 2 2 0.0746612
643 12 10 0.0223888
644 19 18 0.0366175
645 12 12 0.0454457
646 23 22 0.0381963
647 16 15 0.0474473
648 21 19 0.0273089
649 15 14 0.0388937
650 9 9 0.0517782
651 13 10 0.0378212
652 11 11 0.020079
653 9 8 0.0286533
654 18 18 0.0457644
655 12 12 0.0475451
656 28 26 0.026851
657 21 21 0.031891
658 14 14 0.0366811
659 8 8 0.0489819
660 17 16 0.0399768
661 13 13 0.0369569
662 19 19 0.0583663
663 17 16 0.0665457
664 12 12 0.0819378
665 8 8 0.0422626
666 7 7 0.0572285
667 20 19 0.0326512
668 5 5 0.0512211
669 10 10 0.053116
670 18 18 0.0584091
671 31 30 0.0316179
672 10 9 0.0505024
673 9 9 0.049505
674 20 20 0.0191871
675 9 9 0.0521012
676 20 20 0.0510476
677 25 23 0.0313154
678 22 22 0.0279509
679 2 2 0.0581488
680 7 7 0.0460334
681 18 17 0.029757
682 18 16 0.0505165
683 24 22 0.0266779
684 13 13 0.0604565
685 19 17 0.0346653
686 22 22 0.0475673
687 12 12 0.046129
688 8 8 0.0403976
689 19 19 0.0445858
690 18 16 0.0391351
691 8 8 0.0300048
692 15 15 0.0421987
693 2 2 0.0583117
694 26 26 0.0267944
695 11 11 0.0451163
696 11 11 0.0274479
697 8 7 0.0476976
698 19 17 0.0269884
699 12 12 0.049235
700 19 17 0.0536818
701 16 14 0.044704
702 5 5 0.0469816
703 2 2 0.0566329
704 9 9 0.0258992
705 15 12 0.0429234
706 2 2 0.0612371
707 12 12 0.0331321
708 2 2 0.0490952
709 14 13 0.0390199
710 10 10 0.0513288
711 18 18 0.0374505
712 16 12 0.0840401
713 30 29 0.0577653
714 10 10 0.0467475
715 21 21 0.0382716
716 11 10 0.0449718
717 17 16 0.0355811
718 7 7 0.0533108
719 7 7 0.0454304
720 19 17 0.0483683
721 23 21 0.0329304
722 15 14 0.0366623
723 21 21 0.0395972
724 19 18 0.0520182
725 12 12 0.0579764
726 32 30 0.0317034
727 8 8 0.0635978
728 14 14 0.0263559
729 22 19 0.0389185
730 7 7 0.0492058
731 19 17 0.0262081
732 25 21 0.0317256
733 12 12 0.0421598
734 27 25 0.0351666
735 15 14 0.0346605
736 25 23 0.0456462
737 13 13 0.0331258
738 10 9 0.0317199
739 31 28 0.020284
740 9 9 0.0482781
741 13 13 0.0397013
742 11 11 0.0508966
743 24 20 0.0408408
744 15 13 0.07849
745 16 14 0.0829418
746 3 3 0.0935596
747 19 18 0.0741483
748 12 12 0.0937282
749 13 12 0.0498276
750 20 20 0.0568855
751 30 30 0.0205721
752 16 16 0.0542108
753 9 9 0.0461909
754 16 16 0.0599633
755 8 8 0.0620968
756 7 7 0.0771642
757 13 12 0.0377114
758 14 14 0.0420965
759 27 27 0.0403253
760 33 31 0.0204431
761 17 16 0.0670146
762 11 11 0.0828582
763 12 12 0.0587054
764 2 2 0.0997969
765 25 22 0.0171862
766 13 13 0.0516069
767 9 9 0.0542361
768 17 17 0.0536752
769 5 5 0.0650665
770 11 11 0.0739128
771 10 10 0.0608913
772 9 9 0.0654392
773 12 12 0.0490072
774 18 17 0.0337148
775 12 10 0.0438325
776 6 5 0.041906
777 26 24 0.0482402
778 14 13 0.0438719
779 25 24 0.0347769
780 19 19 0.0313379
781 16 16 0.0311263
782 10 10 0.0559541
783 22 21 0.0432916
784 12 12 0.0506553
785 9 8 0.0325182
786 38 38 0.0175124
787 30 29 0.020124
788 7 7 0.0440853
789 18 18 0.0212733
790 16 16 0.0259554
791 16 16 0.0435189
792 13 13 0.0566375
793 27 25 0.0253489
794 25 24 0.0337494
795 13 13 0.0711644
796 2 2 0.0607595
797 25 23 0.0379386
798 12 12 0.0219301
799 16 16 0.0421758
800 10 10 0.0314664
801 12 12 0.0294588
802 10 9 0.0332047
803 24 20 0.0341325
804 17 17 0.0708533
805 8 8 0.031967
806 12 12 0.0465529
807 20 19 0.0380156
808 14 14 0.0466722
809 12 11 0.0445983
810 16 16 0.0350751
811 20 19 0.0303133
812 15 14 0.0371653
813 10 9 0.0536846
814 5 5 0.0577451
815 20 18 0.0245267
816 2 2 0.056232
817 20 19 0.0382187
818 9 9 0.0458834
819 18 18 0.045058
820 27 27 0.0269075
821 7 7 0.0495857
822 12 11 0.0716757
823 22 22 0.0223326
824 10 8 0.0482651
825 8 8 0.0594788
826 10 10 0.0397313
827 18 18 0.0417592
828 9 9 0.0542313
829 13 13 0.0595517
830 9 9 0.0484926
831 5 5 0.053453
832 3 3 0.0502083
833 4 4 0.0473938
834 28 26 0.0291123
835 7 7 0.0405489
836 18 18 0.0560028
837 24 24 0.0264111
838 23 22 0.0591549
839 14 12 0.0479397
840 15 15 0.0560833
