1 32 27 0.485222
2 71 66 0.149825
3 67 54 0.16487
4 25 25 0.223616
5 44 39 0.221889
6 21 18 0.194216
7 15 15 0.163833
8 22 22 0.221816
9 59 52 0.111187
10 58 50 0.074352
11 34 31 0.144888
12 23 21 0.213166
13 40 40 0.256134
14 30 30 0.17622
15 54 51 0.18338
16 22 20 0.226989
17 17 15 0.429843
18 38 34 0.325818
19 69 62 0.268398
20 48 48 0.204648
21 68 63 0.068027
22 43 41 0.244173
23 26 26 0.454208
24 50 41 0.144539
25 16 16 0.149404
26 28 28 0.242282
27 45 44 0.176201
28 64 53 0.25301
29 42 42 0.091631
30 17 15 0.249974
31 73 65 0.110147
32 32 28 0.190599
33 42 36 0.073255
34 36 36 0.076229
35 54 47 0.217733
36 35 30 0.302306
37 76 74 0.07348
38 51 47 0.32856
39 47 43 0.164875
40 56 49 0.084482
41 55 49 0.079837
42 10 10 0.223172
43 42 38 0.103594
44 32 29 0.113846
45 41 39 0.146081
46 47 47 0.12313
47 57 53 0.140839
48 26 26 0.18009
49 32 32 0.240754
50 42 38 0.175104
51 64 60 0.06319
52 97 89 0.080549
53 62 57 0.111085
54 23 23 0.070314
55 38 38 0.153425
56 80 67 0.05877
57 38 36 0.298207
58 38 35 0.100276
59 42 42 0.205268
60 56 48 0.144061
61 21 20 0.17066
62 38 37 0.101653
63 44 39 0.118523
64 57 51 0.127941
65 26 22 0.128562
66 19 18 0.081322
67 8 8 0.214066
68 57 50 0.093629
69 56 54 0.181365
70 35 34 0.128913
71 28 28 0.088541
72 51 44 0.132876
73 49 45 0.195726
74 24 24 0.132169
75 63 56 0.124494
76 60 56 0.068928
77 85 76 0.061806
78 21 20 0.200782
79 65 60 0.105059
80 55 51 0.289135
81 38 38 0.134299
82 39 38 0.210892
83 74 67 0.107789
84 33 31 0.106402
85 44 39 0.145868
86 28 28 0.126169
87 44 42 0.543904
88 67 56 0.193258
89 28 26 0.269877
90 56 52 0.27721
91 38 38 0.126544
92 22 21 0.198494
93 46 42 0.047152
94 49 47 0.123203
95 29 29 0.253956
96 33 33 0.122281
97 24 24 0.217785
98 57 53 0.216384
99 31 30 0.224631
100 53 49 0.260301
101 40 37 0.404542
102 62 48 0.086825
103 9 8 0.218119
104 35 33 0.222719
105 47 44 0.144254
106 59 53 0.031742
107 36 35 0.320832
108 60 57 0.134965
109 39 34 0.465342
110 92 85 0.082065
111 12 12 0.310696
112 35 35 0.402703
113 48 44 0.147405
114 27 23 0.282529
115 24 24 0.22805
116 28 25 0.120041
117 35 31 0.207887
118 46 43 0.065915
119 30 29 0.054949
120 41 40 0.187053
121 49 42 0.072888
122 34 28 0.239923
123 39 36 0.027081
124 61 57 0.212583
125 90 81 0.020766
126 75 71 0.020193
127 41 35 0.08669
128 62 60 0.138856
129 49 45 0.18454
130 59 57 0.189876
131 36 33 0.332872
132 54 50 0.199024
133 46 43 0.084029
134 59 59 0.278226
135 21 21 0.236479
136 49 46 0.187276
137 31 31 0.231006
138 34 33 0.120763
139 41 37 0.048466
140 55 52 0.051197
141 34 31 0.196689
142 24 19 0.190568
143 37 35 0.193258
144 32 28 0.375691
145 33 31 0.283764
146 91 83 0.054509
147 73 69 0.083193
148 76 68 0.131257
149 69 59 0.131299
150 36 32 0.091935
151 61 61 0.084503
152 26 25 0.220618
153 35 31 0.141521
154 42 33 0.152543
155 32 32 0.038944
156 48 44 0.16508
157 38 35 0.210444
158 63 56 0.179681
159 45 41 0.107458
160 40 40 0.313954
161 35 35 0.071425
162 29 28 0.137957
163 28 27 0.200766
164 38 35 0.378998
165 37 35 0.063173
166 72 64 0.040423
167 26 22 0.305687
168 67 61 0.16249
169 85 75 0.057597
170 61 59 0.062859
171 67 60 0.042574
172 61 61 0.02528
173 31 31 0.176485
174 56 52 0.062693
175 80 70 0.055824
176 79 63 0.074978
177 79 72 0.179323
178 57 52 0.022055
179 31 29 0.26272
180 78 75 0.039696
181 15 15 0.208195
182 48 43 0.257576
183 58 54 0.128078
184 34 31 0.430927
185 66 63 0.04693
186 41 37 0.205221
187 33 32 0.107527
188 76 70 0.067902
189 49 47 0.073261
190 27 27 0.252369
191 36 34 0.157465
192 32 32 0.088392
193 28 28 0.156784
194 62 56 0.104141
195 46 44 0.201228
196 31 30 0.148436
197 70 66 0.136136
198 60 54 0.195528
199 17 17 0.422275
200 44 37 0.070336
201 63 59 0.056311
202 57 52 0.085421
203 56 54 0.106538
204 17 14 0.212269
205 20 20 0.133412
206 32 30 0.162061
207 73 68 0.134971
208 39 35 0.203403
209 16 15 0.130214
210 70 60 0.083644
211 41 37 0.182452
212 57 47 0.141296
213 51 47 0.139178
214 52 46 0.159775
215 38 34 0.299986
216 30 27 0.114771
217 73 66 0.250308
218 46 44 0.288701
219 66 57 0.071919
220 45 42 0.099943
221 46 43 0.111889
222 43 43 0.073175
223 43 39 0.095818
224 32 29 0.374559
225 58 55 0.106666
226 46 42 0.091978
227 73 62 0.077269
228 41 41 0.05721
229 53 48 0.0672
230 48 48 0.12359
231 42 42 0.167413
232 52 47 0.112974
233 48 42 0.230464
234 52 45 0.136914
235 33 32 0.142519
236 73 67 0.040029
237 15 15 0.290661
238 25 25 0.188734
239 68 60 0.11232
240 45 43 0.123968
241 47 46 0.087373
242 66 61 0.133307
243 8 8 0.183262
244 49 43 0.070777
245 42 36 0.136124
246 57 53 0.043525
247 26 24 0.167233
248 66 59 0.082604
249 65 59 0.047302
250 54 47 0.397646
251 46 39 0.305713
252 41 38 0.172599
253 66 58 0.125377
254 51 43 0.575045
255 24 22 0.457877
256 24 24 0.12953
257 25 25 0.396166
258 55 55 0.121017
259 38 35 0.500946
260 49 43 0.19406
261 69 66 0.107135
262 28 28 0.408642
263 62 56 0.209242
264 38 33 0.281695
265 28 26 0.233527
266 56 51 0.03877
267 33 33 0.275398
268 81 74 0.069008
269 18 18 0.154006
270 27 26 0.177375
271 21 17 0.146529
272 64 57 0.043401
273 58 53 0.105915
274 50 47 0.147281
275 73 70 0.217027
276 63 59 0.152188
277 22 22 0.214219
278 32 32 0.169523
279 65 61 0.174583
280 60 56 0.168354
281 38 35 0.120927
282 36 32 0.340011
283 27 24 0.203402
284 60 57 0.040855
285 61 57 0.11859
286 52 49 0.050855
287 77 64 0.070504
288 31 30 0.220268
289 61 53 0.078568
290 39 37 0.043993
291 28 25 0.276072
292 45 42 0.171394
293 51 48 0.018924
294 43 43 0.149976
295 64 51 0.076762
296 41 39 0.198769
297 24 24 0.023238
298 43 38 0.145222
299 19 19 0.131525
300 13 13 0.165183
301 45 43 0.191012
302 59 51 0.124218
303 46 44 0.097013
304 4 4 0.400692
305 46 43 0.182207
306 58 55 0.10537
307 77 68 0.069381
308 41 35 0.242349
309 33 32 0.102786
310 91 83 0.095074
311 60 55 0.078578
312 40 36 0.098478
313 49 45 0.17892
314 62 56 0.07123
315 52 47 0.04119
316 92 86 0.030732
317 28 28 0.156953
318 59 56 0.070852
319 37 35 0.061417
320 54 51 0.106754
321 49 41 0.055877
322 41 40 0.215379
323 65 58 0.21405
324 88 78 0.074288
325 35 30 0.20402
326 84 70 0.084916
327 22 22 0.124281
328 41 36 0.126632
329 37 37 0.151534
330 36 34 0.148704
331 34 34 0.058052
332 9 9 0.182656
333 66 61 0.091879
334 24 20 0.145305
335 35 33 0.119481
336 66 61 0.117818
337 25 25 0.166669
338 64 57 0.149447
339 43 43 0.130147
340 18 18 0.113203
341 35 34 0.33716
342 12 12 0.169966
343 64 58 0.114345
344 66 62 0.101456
345 51 45 0.108468
346 43 37 0.494101
347 55 50 0.105489
348 46 43 0.336598
349 56 53 0.114295
350 27 26 0.101964
351 49 47 0.185479
352 64 59 0.087743
353 36 34 0.180047
354 37 37 0.117384
355 101 89 0.059752
356 10 9 0.16927
357 58 53 0.113626
358 82 82 0.157035
359 29 27 0.347003
360 42 35 0.225548
361 35 34 0.135748
362 65 64 0.054496
363 52 50 0.186118
364 38 36 0.146681
365 8 8 0.212811
366 46 46 0.059108
367 35 32 0.176995
368 17 16 0.238906
369 49 47 0.125267
370 34 33 0.193723
371 53 48 0.08941
372 20 20 0.129516
373 3 3 0.230913
374 60 53 0.190757
375 46 42 0.130201
376 15 12 0.135749
377 40 39 0.151833
378 34 32 0.135469
379 42 38 0.172869
380 75 65 0.190347
381 66 59 0.221544
382 36 33 0.071946
383 80 71 0.039784
384 66 58 0.047246
385 95 92 0.026003
386 47 44 0.13008
387 49 47 0.105738
388 30 28 0.138041
389 22 22 0.136249
390 15 15 0.28072
391 77 73 0.083369
392 48 41 0.136683
393 29 28 0.123977
394 25 25 0.143395
395 54 54 0.040257
396 55 48 0.206918
397 67 62 0.250579
398 50 43 0.113419
399 62 54 0.129676
400 54 52 0.184244
401 78 73 0.053333
402 65 60 0.14384
403 64 59 0.185198
404 57 53 0.040986
405 77 67 0.106924
406 74 64 0.117301
407 67 57 0.066968
408 34 32 0.155581
409 55 50 0.213212
410 61 51 0.16334
411 43 43 0.204097
412 43 41 0.132697
413 26 25 0.182582
414 25 23 0.053555
415 27 25 0.035214
416 72 58 0.020833
417 51 47 0.180355
418 88 76 0.036035
419 44 42 0.179831
420 66 62 0.091398
421 45 42 0.2231095
422 47 40 0.9371132
423 38 33 1.1044009
424 68 55 0.6263553
425 79 75 0.4223349
426 80 69 0.57112
427 26 26 0.6893842
428 53 47 0.3437991
429 45 41 0.2338731
430 52 47 0.3807634
431 52 50 0.513068
432 42 40 0.209862
433 35 35 0.6711862
434 59 53 0.17389
435 67 57 0.1141447
436 53 48 0.1753291
437 86 78 0.0827915
438 12 12 0.4485848
439 39 36 0.3639734
440 53 48 0.186955
441 24 23 0.1491806
442 36 31 0.2369184
443 52 51 0.2347547
444 41 38 0.5790257
445 78 75 0.1106543
446 39 35 0.3880589
447 42 38 0.1711161
448 70 60 0.0934577
449 73 63 0.153636
450 42 41 0.1633573
451 81 73 0.1395746
452 25 23 0.1980634
453 87 77 0.2676441
454 42 39 0.3644206
455 48 46 0.2752482
456 61 58 0.1243679
457 40 39 0.0776218
458 86 77 0.0895693
459 59 54 0.3381191
460 33 27 0.6135193
461 45 43 0.0828262
462 51 49 0.129048
463 36 31 0.4824608
464 16 14 0.4000822
465 56 48 0.2073931
466 57 57 0.118111
467 11 11 0.7376274
468 53 46 0.1929187
469 45 39 0.7060457
470 13 11 0.4361286
471 94 81 0.1133571
472 52 49 0.4630437
473 47 45 0.3421511
474 28 27 0.5733031
475 49 49 0.1805708
476 27 27 0.363572
477 39 31 0.5077685
478 36 34 0.3842146
479 33 31 0.0775447
480 53 52 0.0805309
481 36 35 0.2837254
482 39 32 0.4050552
483 49 43 0.3096654
484 20 18 0.5249858
485 42 41 0.1321393
486 120 107 0.052407
487 24 24 0.0313733
488 74 68 0.0721847
489 70 70 0.045016
490 56 47 0.2002198
491 75 73 0.0848196
492 34 33 0.2231551
493 65 59 0.1358085
494 18 16 0.3131452
495 49 44 0.1317641
496 25 23 0.2517722
497 19 16 0.2500309
498 52 50 0.3328836
499 24 22 0.3809743
500 55 50 0.3710582
501 46 44 0.3080605
502 55 51 0.1328828
503 24 21 0.3714513
504 54 50 0.1636232
505 42 42 0.1889566
506 61 57 0.1248125
507 27 26 0.2944079
508 48 46 0.2288253
509 58 50 0.3093155
510 32 26 0.4040966
511 55 54 0.2405901
512 20 20 0.4537701
513 56 52 0.1651992
514 77 70 0.4365957
515 56 50 0.0844934
516 40 39 0.4782785
517 82 65 0.180948
518 55 45 0.1074991
519 75 72 0.1107226
520 38 38 0.2672045
521 33 29 0.4349203
522 46 44 0.0966483
523 79 74 0.1374135
524 86 78 0.0496931
525 55 53 0.0420886
526 39 35 0.3851383
527 47 41 0.190668
528 45 43 0.1611282
529 37 34 0.2616702
530 68 66 0.2317367
531 62 57 0.2367796
532 33 32 0.3536485
533 16 14 0.443376
534 50 48 0.5347738
535 52 49 0.159368
536 62 57 0.1059421
537 51 49 0.055675
538 85 75 0.2261791
539 23 20 0.2883664
540 54 49 0.0641703
541 37 32 0.2701979
542 41 39 0.160197
543 52 47 0.2505679
544 54 47 0.237395
545 51 48 0.1241689
546 29 28 0.516604
547 31 31 0.1901651
548 43 43 0.2542644
549 60 58 0.1536051
550 27 25 0.2966361
551 76 63 0.1444016
552 58 52 0.0834772
553 39 39 0.140082
554 33 31 0.1383424
555 39 39 0.1489988
556 49 47 0.3218124
557 72 69 0.0478776
558 53 53 0.1942238
559 41 35 0.1542881
560 75 67 0.1311125
561 62 59 0.0671185
562 47 44 0.1865163
563 36 36 0.2446969
564 45 43 0.2568328
565 68 54 0.0452311
566 30 27 0.4410343
567 55 52 0.2226055
568 28 27 0.3643138
569 56 53 0.2134994
570 65 59 0.2433833
571 52 50 0.1402508
572 20 20 0.2752041
573 76 70 0.1069267
574 27 25 0.3621147
575 17 17 0.3619863
576 59 57 0.1393195
577 48 42 0.2742689
578 46 38 0.4643941
579 40 37 0.2466
580 57 52 0.3075056
581 53 49 0.2060439
582 28 26 0.6995908
583 51 47 0.2291389
584 20 19 0.4579339
585 43 38 0.2913123
586 41 38 0.1532683
587 30 30 0.2893108
588 24 23 0.31941
589 25 23 0.2301895
590 76 68 0.0614421
591 78 75 0.1070138
592 38 37 0.2252945
593 27 26 0.1548226
594 33 32 0.2966793
595 20 20 0.3064307
596 26 25 0.2691444
597 40 37 0.0429501
598 43 42 0.2906539
599 50 48 0.1064602
600 51 50 0.0561389
601 76 70 0.1473141
602 32 27 0.1601182
603 37 35 0.2739136
604 74 72 0.1902133
605 12 12 0.1746144
606 55 50 0.1854353
607 40 37 0.306699
608 67 64 0.204921
609 48 44 0.284503
610 42 38 0.1537369
611 28 26 0.1904322
612 28 28 0.3035651
613 63 54 0.3219865
614 63 61 0.2185793
615 61 51 0.2359156
616 24 24 0.3239984
617 32 32 0.3509292
618 31 26 0.4040465
619 24 24 0.270904
620 54 48 0.2660117
621 56 55 0.2382672
622 14 14 0.4286118
623 31 29 0.2344731
624 56 51 0.2073332
625 32 27 0.1767596
626 31 29 0.2627382
627 62 58 0.2504321
628 50 42 0.2743445
629 58 52 0.6028049
630 30 29 0.4101675
631 36 30 0.3244594
632 36 35 0.3238915
633 44 44 0.2100569
634 54 51 0.2126425
635 36 33 0.2350501
636 60 55 0.2214722
637 49 49 0.2224291
638 28 26 0.2652076
639 74 65 0.2680813
640 36 33 0.1418891
641 59 56 0.1803414
642 18 18 0.2631545
643 31 29 0.3998129
644 51 48 0.2304234
645 64 57 0.2290621
646 34 34 0.2539251
647 45 42 0.2565041
648 66 59 0.1721204
649 67 63 0.2602789
650 37 36 0.3632053
651 55 53 0.0951418
652 10 10 0.441332
653 64 56 0.1708482
654 54 50 0.1228013
655 24 24 0.3044308
656 67 59 0.2398589
657 65 56 0.2370738
658 36 34 0.3036566
659 34 32 0.2194145
660 55 52 0.2669655
661 24 21 0.3962861
662 75 68 0.0952851
663 56 46 0.0496285
664 38 35 0.2342518
665 63 57 0.1300179
666 65 65 0.1363854
667 32 32 0.1938796
668 37 36 0.2098024
669 38 38 0.1874956
670 35 34 0.3397542
671 60 51 0.356853
672 41 36 0.290872
673 31 26 0.4117124
674 36 36 0.1507712
675 54 52 0.2207266
676 38 35 0.1116581
677 44 40 0.2488473
678 65 58 0.4700598
679 25 23 0.3444605
680 55 44 0.160338
681 55 51 0.4628628
682 40 37 0.4692947
683 20 20 0.2683056
684 28 28 0.3577569
685 32 27 0.3824774
686 62 57 0.2685537
687 42 42 0.250022
688 41 38 0.3506727
689 43 41 0.3764558
690 51 51 0.1488173
691 23 22 0.3820963
692 61 52 0.1109153
693 38 33 0.2947782
694 46 46 0.2048589
695 55 53 0.2363853
696 14 14 0.384687
697 55 51 0.2214945
698 63 57 0.131265
699 21 19 0.3201931
700 85 75 0.1141653
701 21 19 0.1248092
702 25 20 0.2634645
703 66 61 0.2127822
704 41 40 0.3495516
705 39 38 0.1634411
706 27 23 0.2456229
707 53 51 0.3426158
708 41 37 0.2963086
709 57 55 0.1993572
710 34 32 0.3929244
711 29 29 0.4690607
712 53 44 0.2180091
713 44 42 0.1582937
714 62 54 0.2270631
715 22 21 0.3356392
716 50 45 0.2029077
717 34 31 0.3820857
718 49 49 0.0582563
719 65 60 0.2240716
720 49 46 0.2331308
721 57 52 0.2720751
722 54 47 0.1266648
723 44 38 0.1299041
724 37 35 0.3190041
725 22 22 0.3847198
726 35 34 0.2783449
727 52 43 0.2589566
728 71 65 0.1636178
729 45 43 0.3819275
730 31 31 0.4119011
731 44 40 0.2203683
732 63 56 0.1989984
733 53 46 0.3028642
734 44 39 0.288039
735 18 18 0.3834281
736 52 46 0.2591092
737 48 44 0.2852875
738 59 52 0.4161148
739 62 58 0.2863592
740 35 31 0.120928
741 30 30 0.5029228
742 54 54 0.0953423
743 38 38 0.085606
744 26 26 0.3202622
745 46 41 0.1034632
746 45 43 0.2128583
747 17 17 0.3260565
748 86 64 0.0412987
749 41 38 0.2273054
750 56 51 0.340849
751 53 48 0.2501211
752 71 69 0.2201756
753 68 57 0.1805702
754 38 36 0.1757549
755 88 80 0.0426783
756 28 26 0.3152834
757 70 68 0.1082539
758 33 27 0.4540585
759 95 91 0.0490277
760 73 62 0.0396678
761 11 11 0.3702148
762 58 55 0.2164892
763 51 48 0.2598895
764 37 33 0.2600262
765 48 42 0.3494724
766 41 35 0.2670681
767 39 34 0.110989
768 72 57 0.158464
769 47 42 0.1452672
770 38 34 0.4256324
771 61 55 0.0903604
772 48 46 0.1133796
773 64 55 0.2069131
774 61 57 0.2341789
775 20 19 0.3311458
776 23 23 0.2827318
777 73 61 0.0901846
778 44 44 0.1220905
779 56 53 0.1573905
780 82 76 0.2514767
781 55 47 0.1058926
782 51 47 0.1864982
783 49 46 0.2112376
784 33 31 0.2049947
785 24 23 0.1594345
786 21 21 0.2283449
787 34 31 0.2204086
788 8 8 0.5658997
789 43 41 0.2012886
790 39 38 0.3712395
791 60 57 0.0274075
792 87 83 0.0518775
793 55 48 0.2209801
794 42 37 0.2168733
795 81 71 0.1621408
796 37 32 0.3951305
797 78 77 0.0856873
798 16 16 0.3043416
799 44 38 0.2576383
800 50 44 0.3013247
801 26 26 0.2799347
802 61 56 0.1159327
803 70 61 0.1816112
804 49 46 0.2955801
805 21 18 0.4915031
806 46 43 0.2663591
807 51 51 0.2182542
808 55 48 0.2838534
809 32 31 0.1375226
810 53 50 0.0552878
811 34 34 0.2784288
812 62 56 0.2792652
813 47 42 0.1492775
814 68 63 0.2541152
815 22 20 0.3770588
816 42 38 0.1562407
817 63 57 0.0451578
818 48 45 0.2138542
819 26 23 0.327853
820 60 60 0.242259
821 80 65 0.1032578
822 29 26 0.5110493
823 51 46 0.100489
824 39 37 0.2480906
825 73 60 0.1054351
826 36 34 0.1847668
827 12 12 0.2805151
828 66 60 0.294661
829 66 62 0.0914754
830 55 53 0.322649
831 37 35 0.2097842
832 51 51 0.2977623
833 53 48 0.3555215
834 55 54 0.0634835
835 29 29 0.2993326
836 54 47 0.1904364
837 69 62 0.0923811
838 33 30 0.2904416
839 60 54 0.1861167
840 46 46 0.2035516
