1 53 51 1.339865
2 164 146 0.20219
3 90 85 0.744766
4 80 75 0.895573
5 56 56 1.159437
6 126 123 0.950624
7 172 156 0.301909
8 80 76 0.112392
9 64 54 1.240363
10 92 89 1.059575
11 60 59 1.333757
12 109 106 0.854261
13 61 56 2.0817
14 111 104 0.524264
15 149 129 0.281844
16 46 45 1.804322
17 51 46 1.72505
18 104 88 0.67113
19 92 89 1.133571
20 135 122 0.673673
21 93 88 0.786718
22 54 47 1.476818
23 46 42 1.091532
24 53 47 1.036894
25 80 79 1.062569
26 114 102 0.539325
27 72 65 0.650442
28 150 139 0.162808
29 81 74 0.891773
30 102 94 0.726734
31 75 68 0.577406
32 210 179 0.139821
33 136 117 0.457115
34 26 22 1.565243
35 91 86 1.125585
36 31 31 0.93821
37 100 93 0.789494
38 91 90 0.572276
39 85 75 0.184414
40 89 81 0.966371
41 138 120 0.887101
42 85 73 0.439064
43 81 79 0.633697
44 126 116 0.698418
45 23 21 1.170241
46 72 69 0.851498
47 91 91 0.208002
48 49 46 1.526886
49 79 75 0.284687
50 70 70 0.663844
51 103 91 1.675459
52 155 136 0.415626
53 76 70 1.298241
54 99 93 0.383147
55 77 77 0.378996
56 172 153 0.299434
57 38 32 1.377304
58 71 63 0.252904
59 168 161 0.12993
60 113 104 0.763603
61 117 105 1.374834
62 86 74 5.772405
63 149 144 0.214778
64 108 106 0.794035
65 98 84 0.323681
66 165 150 0.102346
67 45 42 1.168529
68 83 78 0.759898
69 110 99 0.504124
70 95 82 1.021632
71 71 70 0.786765
72 72 72 0.096048
73 82 78 1.117284
74 97 95 0.359789
75 79 69 0.496858
76 138 124 0.408801
77 45 43 0.494942
78 107 95 0.243029
79 95 91 0.652394
80 110 106 1.538497
81 90 87 0.453939
82 62 56 1.561631
83 117 105 1.138365
84 103 88 1.797233
85 20 20 1.22006
86 56 53 0.902552
87 96 89 0.502483
88 115 109 0.36403
89 70 67 0.182065
90 96 90 0.938022
91 154 138 0.348311
92 55 53 0.430194
93 172 160 1.284376
94 129 119 0.1241
95 72 72 0.018937
96 104 99 1.632751
97 94 87 0.762793
98 89 82 0.372167
99 73 67 0.687616
100 114 104 1.001092
101 133 126 0.504227
102 111 107 0.032681
103 124 102 0.920472
104 41 37 0.857341
105 79 76 0.564651
106 66 64 0.83108
107 104 99 0.222644
108 122 114 0.654206
109 118 107 0.816655
110 48 45 1.728107
111 109 95 0.386211
112 56 53 2.256072
113 86 70 1.903276
114 48 44 0.861177
115 98 88 0.49968
116 33 29 0.114866
117 55 55 1.023942
118 63 56 2.230764
119 96 88 2.060651
120 77 70 0.743805
121 64 57 0.995339
122 107 100 1.543345
123 157 139 0.324001
124 103 93 1.853548
125 71 71 0.722623
126 59 52 1.624379
127 70 65 0.818004
128 146 131 0.758776
129 143 127 1.029153
130 107 90 1.033863
131 120 116 0.347002
132 87 79 0.236463
133 52 47 1.08552
134 106 97 1.079855
135 127 124 0.724359
136 25 24 1.862076
137 60 59 1.199062
138 87 81 0.577996
139 96 89 0.569622
140 116 101 2.009419
141 65 65 1.422562
142 124 120 0.336847
143 113 111 0.963036
144 122 113 0.50046
145 167 142 0.550763
146 92 84 0.960545
147 40 35 0.937109
148 123 116 0.312242
149 123 111 0.57275
150 109 99 0.834814
151 75 70 1.446459
152 74 70 1.440629
153 143 128 0.483871
154 100 96 0.847316
155 83 80 0.474494
156 53 53 0.110305
157 66 63 0.778677
158 112 95 1.313214
159 95 87 1.545758
160 87 85 0.888704
161 182 164 0.812803
162 29 28 0.534321
163 122 112 0.131948
164 59 58 1.531751
165 59 59 0.418901
166 83 76 0.783865
167 136 122 1.206101
168 79 72 1.930149
169 114 106 0.331497
170 137 124 0.383093
171 55 54 1.090202
172 81 70 0.47374
173 84 81 0.718306
174 123 120 0.219664
175 101 94 0.696878
176 86 80 0.618732
177 98 92 0.359066
178 56 52 0.791717
179 87 74 0.783408
180 51 49 0.86334
181 139 130 0.680242
182 117 106 0.607488
183 130 117 0.523397
184 132 118 0.922067
185 64 59 0.756984
186 97 89 0.486785
187 69 64 1.0315
188 117 111 0.94803
189 55 51 0.568544
190 63 59 1.111725
191 93 91 0.833928
192 86 82 0.938265
193 90 85 0.696529
194 138 127 0.550414
195 120 108 1.035744
196 84 76 0.502482
197 84 77 0.670168
198 63 61 1.08472
199 73 72 1.106768
200 124 120 0.586712
201 109 105 0.425043
202 52 44 2.679133
203 118 111 0.391847
204 137 125 0.77757
205 94 85 0.602241
206 115 111 0.368888
207 117 109 0.859701
208 109 101 0.611779
209 50 46 1.400399
210 108 103 1.36995
211 96 91 0.503304
212 32 31 1.231965
213 161 144 0.422425
214 84 82 1.063281
215 42 41 0.740076
216 84 76 0.71369
217 87 77 0.50126
218 105 100 0.76646
219 48 48 1.08682
220 62 62 0.014376
221 47 47 0.664672
222 77 75 1.455207
223 134 115 0.532348
224 101 97 0.141105
225 150 134 0.325243
226 43 41 0.917027
227 143 134 0.312118
228 149 132 0.322876
229 146 135 0.816229
230 70 67 1.673996
231 105 96 0.549965
232 61 55 1.495551
233 64 63 1.197885
234 80 77 0.903712
235 63 56 1.122619
236 86 79 1.255329
237 84 84 0.866256
238 107 98 0.967541
239 67 57 1.178176
240 132 112 0.987809
241 44 41 0.666091
242 161 138 0.460847
243 135 123 0.635949
244 49 46 0.794295
245 62 53 1.563808
246 171 154 0.176441
247 138 116 0.459181
248 98 87 0.106414
249 75 66 0.79399
250 78 70 0.782554
251 144 134 0.97384
252 77 74 1.569634
253 92 89 0.551906
254 144 139 0.379473
255 65 59 0.646126
256 69 67 0.443757
257 111 104 0.313457
258 81 75 0.789935
259 89 81 2.666034
260 114 106 0.263271
261 133 124 0.452222
262 128 127 0.23923
263 86 75 0.301116
264 146 142 1.420649
265 72 61 1.724303
266 69 63 1.097773
267 58 58 1.250534
268 88 85 1.01881
269 74 67 0.081831
270 106 97 0.868026
271 84 79 0.59522
272 118 116 0.197635
273 94 83 0.456596
274 144 135 0.552676
275 90 84 0.496575
276 89 88 0.853186
277 121 114 0.932045
278 64 58 0.99602
279 152 138 1.240596
280 133 122 0.635604
281 137 123 0.738699
282 112 90 1.00019
283 110 107 1.059182
284 126 118 0.277739
285 110 102 0.283504
286 69 68 1.03561
287 108 104 0.441286
288 111 101 3.716673
289 122 109 0.217404
290 107 103 0.92028
291 125 114 0.192602
292 113 93 1.63859
293 102 89 0.327186
294 142 124 0.24009
295 72 70 1.157199
296 76 74 1.231915
297 59 58 1.028001
298 116 96 1.313757
299 52 45 6.012582
300 147 132 0.304457
301 140 129 0.287046
302 79 70 0.470278
303 38 35 0.95881
304 79 78 0.753286
305 73 68 0.769582
306 93 87 1.369756
307 121 118 0.124239
308 40 40 1.194362
309 108 100 0.755064
310 80 71 0.893408
311 123 111 0.235933
312 116 103 0.52132
313 134 120 0.073575
314 138 128 0.228022
315 88 88 0.103623
316 55 54 1.01138
317 111 98 0.32045
318 26 24 3.407641
319 119 112 0.375417
320 55 52 0.731357
321 28 27 1.417116
322 106 101 0.969714
323 146 128 0.581559
324 71 60 4.522229
325 73 70 1.041301
326 158 149 0.079387
327 116 111 0.525072
328 161 143 0.632685
329 71 67 1.0967
330 92 87 1.670785
331 109 105 0.653147
332 35 31 0.67881
333 96 95 0.40307
334 112 102 0.411438
335 91 85 1.427868
336 50 49 1.373951
337 25 23 1.419568
338 89 87 0.742021
339 136 123 0.468902
340 123 113 0.873496
341 52 42 0.945395
342 88 83 1.330522
343 125 113 1.231745
344 103 92 0.906318
345 86 80 0.853633
346 133 125 0.566769
347 73 65 1.502424
348 25 24 1.162683
349 48 43 2.132169
350 105 99 0.620802
351 89 81 0.761754
352 85 85 0.082585
353 98 97 0.97187
354 65 62 0.904047
355 80 72 2.243694
356 68 64 2.004336
357 109 104 0.685813
358 51 49 0.460971
359 140 134 0.563105
360 33 32 1.342139
361 40 40 1.11985
362 148 135 0.320327
363 58 54 0.730163
364 116 104 0.517565
365 155 134 5.548345
366 129 126 0.299518
367 63 61 1.225359
368 39 31 1.04962
369 85 78 0.602171
370 121 112 1.68087
371 27 25 1.371032
372 81 79 0.30263
373 138 130 0.094492
374 130 120 0.878198
375 131 118 0.543017
376 92 79 0.523063
377 111 104 0.269587
378 94 90 0.358529
379 66 66 0.577842
380 127 115 0.261151
381 95 89 0.894288
382 136 121 0.804557
383 106 98 0.751807
384 80 75 0.918698
385 139 130 0.121891
386 110 105 0.394884
387 59 56 1.12688
388 35 32 0.895537
389 44 39 0.905959
390 75 75 0.424314
391 51 46 0.839828
392 171 147 0.565088
393 147 131 0.574634
394 113 110 0.203634
395 71 62 0.418496
396 122 112 0.589186
397 82 76 1.402747
398 72 69 0.845126
399 107 98 0.333942
400 76 69 1.065494
401 111 108 0.938071
402 94 88 0.370468
403 66 59 1.598783
404 64 62 0.386833
405 97 89 0.514981
406 187 164 0.265695
407 97 86 1.046572
408 80 73 1.060765
409 124 116 0.055224
410 165 153 0.60728
411 127 116 0.624983
412 82 77 0.250922
413 78 76 1.069347
414 119 115 0.553442
415 57 53 1.201596
416 58 56 1.144126
417 96 91 1.008643
418 106 90 0.337126
419 127 115 0.24043
420 86 79 1.115092
421 104 97 1.9499896
422 82 80 2.5630822
423 92 81 2.2066791
424 131 122 1.0555569
425 84 82 0.737879
426 92 89 1.2845044
427 71 66 1.4313799
428 87 83 0.9355888
429 81 74 1.5603793
430 13 13 2.3071193
431 111 98 0.3369052
432 82 79 1.3851502
433 111 95 0.6297328
434 47 42 2.5886775
435 156 138 0.3507825
436 86 80 0.7522016
437 34 30 2.4326275
438 74 70 1.3744653
439 79 75 0.8023841
440 133 118 0.4413323
441 79 72 0.5313407
442 89 82 1.9136527
443 89 84 0.7516005
444 94 92 0.9761633
445 72 72 1.1859787
446 85 85 1.1881601
447 76 72 0.7084183
448 49 49 1.6401335
449 112 106 0.068004
450 141 126 1.2054941
451 62 61 2.5109909
452 86 86 0.1763802
453 98 91 1.1713792
454 164 150 0.2130491
455 96 89 1.0235501
456 87 81 0.8776306
457 108 103 0.5005301
458 111 102 1.0548682
459 77 71 0.8947503
460 101 91 2.1283247
461 48 44 1.9473737
462 87 83 2.8809149
463 90 81 2.0850682
464 40 39 2.7461285
465 70 60 2.5309926
466 70 66 1.8617427
467 64 61 1.1230814
468 59 59 1.1210883
469 107 99 1.8105839
470 131 118 0.8194759
471 50 45 1.6466174
472 126 113 1.0006193
473 165 150 0.3873681
474 69 66 1.1364506
475 63 56 1.2715679
476 30 27 2.054326
477 133 127 0.4496165
478 130 125 0.2576817
479 55 48 1.4217903
480 68 56 3.3708207
481 136 120 0.5868058
482 47 45 1.5516626
483 66 57 2.1183523
484 106 102 2.0233228
485 43 36 1.6878785
486 43 40 3.0823547
487 139 120 0.4307992
488 122 122 0.1742662
489 96 89 1.8141879
490 152 137 0.7209388
491 56 52 2.2919496
492 96 93 0.1943337
493 153 147 0.4740981
494 92 81 0.9894591
495 115 102 1.6935584
496 50 50 1.8518465
497 115 108 1.2441721
498 31 29 3.091872
499 95 91 1.9766272
500 104 100 1.2070312
501 78 74 1.9693488
502 106 102 0.8799259
503 72 64 1.4517828
504 82 82 1.4747794
505 89 88 0.8425271
506 135 119 0.0946995
507 26 24 3.242598
508 165 154 0.267822
509 105 94 2.0216593
510 70 63 2.2831421
511 111 104 0.7920983
512 129 114 1.1451343
513 121 115 1.5387469
514 101 90 1.0942137
515 14 14 2.6777936
516 101 92 1.3053045
517 99 87 1.3166691
518 61 59 2.7446503
519 123 109 0.8774812
520 48 46 2.1473515
521 159 142 0.3747023
522 107 102 1.1731636
523 93 87 1.9295028
524 128 112 1.2041436
525 160 139 0.6075462
526 180 168 0.0887605
527 141 124 0.4817388
528 166 155 0.8376415
529 168 160 0.4263796
530 151 140 1.0917269
531 28 26 1.6278138
532 36 36 0.7517044
533 56 53 2.2164028
534 105 98 1.5716311
535 176 157 0.2472589
536 103 97 1.7327919
537 123 109 1.2704533
538 117 110 0.4065679
539 58 53 3.6332349
540 92 88 0.9997448
541 151 135 0.405544
542 120 112 0.5220984
543 78 69 2.4567615
544 89 82 1.3753825
545 166 156 0.10845
546 128 114 0.87468
547 59 58 0.8052825
548 62 56 1.0771732
549 70 68 1.0445842
550 104 97 0.7078916
551 53 50 2.2436049
552 37 33 0.9931689
553 103 88 0.5970633
554 52 47 1.6272773
555 101 95 1.8346201
556 42 42 1.8760701
557 87 81 1.5799696
558 128 116 0.6062821
559 101 97 0.5986959
560 35 35 2.2999343
561 95 92 1.330356
562 137 126 0.4030227
563 164 145 0.8936638
564 110 106 0.3745578
565 133 113 0.7728629
566 112 107 0.6715417
567 155 133 1.1696046
568 93 90 1.2134865
569 56 50 2.5068385
570 87 83 1.0647451
571 105 92 0.6909006
572 95 89 3.7879016
573 68 66 2.2709926
574 135 129 1.0235788
575 106 101 1.1731114
576 60 60 1.9519896
577 141 128 1.1343099
578 70 65 1.2387648
579 62 61 2.3496588
580 138 125 0.1016994
581 139 130 0.2240464
582 153 143 0.1360053
583 128 109 1.0179673
584 82 82 1.9397119
585 118 110 0.6452742
586 90 85 0.6624716
587 114 98 1.1559143
588 86 82 2.2047044
589 81 72 2.3296546
590 84 79 1.2698595
591 76 67 1.4107583
592 72 72 1.6868693
593 77 72 1.0154443
594 91 88 1.6311477
595 122 118 0.2968894
596 112 100 1.0688772
597 50 46 3.9299561
598 65 60 2.3510242
599 83 79 1.2419723
600 65 64 1.5491432
601 47 42 2.4952013
602 95 89 1.2365375
603 97 95 1.4775182
604 95 81 3.2482995
605 47 41 1.5894338
606 45 42 1.8228044
607 82 81 2.1546456
608 106 101 0.4197378
609 115 105 2.3684134
610 81 72 3.2876636
611 118 113 1.459721
612 103 90 1.1457932
613 67 67 1.6059155
614 80 76 0.6243604
615 146 141 1.5934695
616 108 97 0.4498747
617 126 118 1.2787538
618 123 114 1.6632346
619 103 97 0.703496
620 122 111 0.9236706
621 54 52 2.0023622
622 37 37 3.0107679
623 127 116 0.5884532
624 95 92 0.7243621
625 43 42 1.4558903
626 63 61 1.6719518
627 92 86 1.110101
628 208 188 0.399899
629 96 95 1.8002073
630 67 57 1.1689372
631 101 96 1.9065354
632 83 81 1.6630982
633 44 41 0.3610955
634 76 73 1.4180208
635 113 100 0.8436143
636 63 63 1.8510232
637 147 130 0.184728
638 59 56 1.581022
639 76 74 0.9713254
640 133 116 0.8966613
641 135 123 0.8403426
642 104 97 1.3735178
643 86 84 0.9553523
644 35 31 3.0908911
645 75 74 2.214581
646 87 81 1.626528
647 53 51 0.6455554
648 50 50 1.6379224
649 69 63 1.6029229
650 51 51 2.2819094
651 126 121 0.2331211
652 51 51 2.21262
653 116 106 0.1468307
654 78 72 2.0375104
655 108 96 2.0527069
656 110 103 2.2743999
657 79 65 2.2756116
658 62 60 1.7141709
659 133 121 0.3278992
660 67 65 1.0721815
661 123 113 1.1891059
662 120 107 1.2149789
663 127 117 0.36623
664 143 138 0.9358917
665 195 179 0.1678987
666 66 64 1.1266973
667 130 110 0.4994565
668 73 71 3.5275681
669 52 52 1.2661265
670 69 66 0.2051501
671 102 94 0.517441
672 142 129 0.4863665
673 41 40 0.5634568
674 109 109 0.8655622
675 26 26 1.9005364
676 144 134 0.5749402
677 121 113 0.9404872
678 129 118 1.3055078
679 78 75 1.039729
680 94 85 1.0819737
681 90 78 1.6923617
682 90 86 0.5833547
683 136 126 0.9060872
684 106 101 0.3234798
685 138 123 0.1003437
686 78 67 0.1012365
687 117 105 0.1199555
688 99 93 0.9999368
689 54 52 1.4924995
690 110 102 1.5293672
691 72 67 1.3872141
692 95 89 1.6232989
693 107 97 1.7382005
694 80 72 2.6524868
695 73 68 1.8119535
696 79 71 0.6125415
697 111 108 1.5581556
698 142 128 0.2311222
699 165 147 0.2565211
700 97 92 1.128405
701 107 91 1.5179336
702 68 65 0.3776196
703 79 72 1.3380857
704 78 78 1.2756581
705 123 115 0.7268831
706 117 113 1.3276343
707 120 115 1.7057638
708 115 96 0.9104745
709 92 89 1.1301441
710 90 87 0.2610759
711 27 26 1.1323265
712 61 57 1.4881013
713 67 62 1.257517
714 101 93 0.9689327
715 36 32 2.2732547
716 71 70 0.7442604
717 83 71 2.0671175
718 174 145 0.8089091
719 79 79 1.9521024
720 46 43 2.6328557
721 101 92 0.8169572
722 87 78 1.2085145
723 123 111 0.214408
724 136 128 1.130031
725 88 77 2.2009899
726 94 89 1.2244271
727 79 76 1.6079979
728 97 83 2.8164401
729 47 43 2.2862714
730 111 100 1.5658854
731 138 126 0.5617908
732 171 147 0.1444043
733 92 84 0.6455844
734 84 70 4.5902968
735 36 33 1.7997335
736 63 61 1.3555733
737 59 59 1.6156311
738 88 86 0.9291519
739 96 83 2.553998
740 135 125 0.826125
741 93 92 1.1674283
742 138 127 0.2905475
743 105 102 1.2416853
744 128 119 0.4452356
745 74 69 1.5442824
746 10 10 4.1137046
747 107 91 1.1063767
748 81 77 2.2100461
749 139 126 0.5430073
750 54 50 2.2768193
751 104 97 2.0497467
752 57 53 0.0974649
753 64 59 2.5791759
754 183 159 0.2463064
755 88 83 1.6069096
756 58 54 1.8498357
757 130 112 0.9684812
758 70 69 1.0392418
759 84 82 1.291762
760 66 62 1.2515862
761 119 105 1.4755349
762 42 40 2.7579967
763 111 97 1.1496443
764 105 97 0.7355668
765 98 94 1.4201202
766 79 68 1.9767228
767 103 98 0.5962821
768 118 104 0.8280136
769 84 74 1.0081674
770 121 117 0.2855595
771 110 97 1.321955
772 58 49 3.3753925
773 69 66 1.7852022
774 54 52 1.4639458
775 88 84 0.7508482
776 115 105 0.5387257
777 58 48 1.639517
778 93 92 1.0651234
779 66 62 1.6492414
780 99 91 1.9038171
781 170 157 0.1964114
782 146 144 0.4111815
783 49 49 1.7773589
784 142 131 0.3109959
785 66 65 0.4668762
786 100 95 0.9336644
787 89 83 1.0911567
788 179 168 0.4147668
789 158 148 0.9741552
790 86 78 0.3579534
791 97 90 1.1989926
792 113 113 0.6038368
793 94 94 1.4953618
794 120 115 0.7636259
795 76 75 1.3778084
796 83 75 1.5710317
797 104 89 2.1193162
798 59 59 2.3308701
799 108 96 1.1630353
800 48 44 2.25514
801 81 75 1.3692827
802 76 71 0.9931409
803 103 90 0.9967733
804 88 85 1.2728017
805 109 104 0.090046
806 86 82 1.4448047
807 136 131 0.0402689
808 40 40 2.24353
809 101 90 0.8527293
810 103 89 0.8870563
811 81 78 1.5796309
812 125 106 0.9447261
813 87 78 1.3089278
814 131 125 0.9466472
815 82 77 1.8313646
816 142 134 0.1232099
817 92 81 2.0572308
818 42 42 1.8338015
819 70 64 2.1230219
820 168 147 0.3404136
821 129 122 0.6672102
822 29 29 2.9133348
823 90 88 0.7565134
824 99 93 0.2858946
825 72 72 0.4870567
826 146 133 0.5469924
827 107 99 1.4602807
828 76 74 1.6981181
829 61 57 0.9476793
830 74 72 1.7299295
831 26 25 2.9046159
832 71 65 1.2316811
833 90 80 2.9019621
834 91 87 0.0656574
835 91 89 0.7825326
836 50 46 1.7562861
837 55 54 1.5640332
838 62 58 1.7712991
839 26 26 2.4460679
840 94 91 0.1636908
