1 10 8 0.323119
2 10 9 0.043934
3 8 7 0.028108
4 10 10 0.029128
5 7 7 0.030106
6 5 5 0.01903
7 8 8 0.025586
8 8 7 0.022743
9 7 7 0.016817
10 9 9 0.014412
11 10 10 0.018391
12 8 7 0.025494
13 7 6 0.03807
14 6 5 0.012036
15 5 5 0.011193
16 6 5 0.014396
17 9 8 0.014663
18 10 10 0.013215
19 12 10 0.01475
20 5 5 0.013124
21 9 9 0.011859
22 4 4 0.010692
23 6 6 0.011592
24 9 8 0.016125
25 10 9 0.010749
26 9 9 0.011372
27 9 8 0.010883
28 5 5 0.011464
29 5 5 0.010937
30 10 8 0.010677
31 8 7 0.011074
32 6 6 0.013315
33 10 9 0.011778
34 7 5 0.011935
35 6 5 0.012401
36 8 8 0.019012
37 7 7 0.011123
38 6 6 0.011588
39 7 7 0.012613
40 5 5 0.012349
41 7 7 0.011105
42 9 7 0.011737
43 5 5 0.013189
44 5 5 0.011438
45 6 6 0.011474
46 12 11 0.011584
47 8 8 0.012456
48 8 7 0.012898
49 7 7 0.012075
50 5 5 0.01224
51 6 5 0.010986
52 7 7 0.011509
53 10 8 0.01111
54 6 5 0.02004
55 9 8 0.012206
56 6 6 0.011472
57 8 8 0.012466
58 11 11 0.01133
59 8 7 0.012109
60 6 6 0.011907
61 4 4 0.012134
62 8 7 0.011801
63 5 5 0.012262
64 7 7 0.011861
65 10 9 0.010903
66 4 4 0.012111
67 8 8 0.011691
68 8 7 0.0111
69 6 5 0.011658
70 6 6 0.011399
71 6 5 0.011628
72 5 5 0.011745
73 10 9 0.010769
74 9 7 0.01072
75 5 5 0.010903
76 11 10 0.013772
77 8 7 0.011053
78 5 5 0.011085
79 4 4 0.011539
80 10 8 0.011674
81 14 10 0.010955
82 9 9 0.011227
83 6 6 0.011428
84 8 8 0.011757
85 9 7 0.01082
86 6 5 0.011455
87 7 5 0.010745
88 5 5 0.012387
89 6 6 0.011433
90 14 13 0.011051
91 11 10 0.011481
92 7 6 0.012177
93 10 10 0.010746
94 7 6 0.010064
95 6 5 0.010495
96 7 7 0.010042
97 9 7 0.010496
98 4 4 0.01141
99 5 5 0.023491
100 9 9 0.028651
101 9 8 0.012077
102 5 5 0.019481
103 12 12 0.024145
104 7 7 0.013082
105 4 4 0.012612
106 8 8 0.013853
107 10 9 0.012916
108 9 8 0.011656
109 8 7 0.012599
110 9 7 0.011243
111 10 10 0.014693
112 14 12 0.011841
113 9 8 0.022711
114 7 7 0.0124
115 11 9 0.012162
116 6 6 0.012105
117 7 7 0.011998
118 12 11 0.011149
119 9 8 0.012292
120 5 5 0.01111
121 10 8 0.011124
122 11 10 0.011708
123 7 7 0.011057
124 7 7 0.011356
125 4 4 0.01212
126 11 9 0.012011
127 4 4 0.012014
128 4 4 0.022727
129 7 6 0.012099
130 10 10 0.011892
131 10 9 0.011322
132 5 5 0.012246
133 5 5 0.012477
134 11 10 0.013702
135 15 12 0.012013
136 5 5 0.01225
137 11 8 0.012115
138 6 6 0.012314
139 9 7 0.011957
140 5 5 0.012043
141 8 7 0.011626
142 9 8 0.011949
143 7 6 0.011341
144 15 10 0.010437
145 8 8 0.013686
146 7 7 0.011876
147 8 7 0.011554
148 5 5 0.011464
149 7 6 0.01149
150 6 6 0.012325
151 4 4 0.011936
152 6 5 0.011322
153 6 6 0.010163
154 7 5 0.010533
155 7 7 0.012087
156 9 7 0.011467
157 6 6 0.019106
158 5 5 0.011559
159 4 4 0.024941
160 5 5 0.012446
161 9 8 0.012171
162 5 5 0.012423
163 13 13 0.011388
164 11 10 0.011939
165 4 4 0.012126
166 13 11 0.022036
167 9 8 0.011929
168 8 7 0.014933
169 5 5 0.012595
170 6 6 0.011499
171 7 5 0.011253
172 5 5 0.012196
173 17 13 0.032335
174 9 8 0.011105
175 5 5 0.011696
176 11 10 0.010506
177 8 8 0.010695
178 4 4 0.010707
179 4 4 0.027068
180 8 8 0.01028
181 8 7 0.010985
182 11 9 0.010956
183 9 8 0.01128
184 6 6 0.023035
185 9 9 0.027334
186 8 8 0.036821
187 8 7 0.032753
188 5 5 0.034236
189 6 6 0.019516
190 11 11 0.010914
191 6 6 0.010384
192 6 6 0.011681
193 7 6 0.011266
194 9 8 0.012777
195 9 9 0.011591
196 7 7 0.010915
197 9 7 0.011418
198 8 7 0.012008
199 14 11 0.013727
200 9 9 0.013193
201 7 7 0.024862
202 6 6 0.024293
203 8 8 0.027519
204 7 7 0.024527
205 8 6 0.023406
206 5 5 0.024273
207 6 5 0.023779
208 5 5 0.020316
209 7 7 0.029284
210 8 8 0.024556
211 8 8 0.01297
212 8 8 0.012829
213 9 8 0.012371
214 5 5 0.012308
215 7 7 0.012298
216 6 5 0.012192
217 7 7 0.011832
218 14 11 0.011539
219 9 9 0.012365
220 8 7 0.0233
221 9 9 0.012204
222 4 4 0.011883
223 10 8 0.02809
224 7 7 0.011773
225 6 6 0.012175
226 4 4 0.010902
227 4 4 0.010334
228 6 6 0.011047
229 5 5 0.015908
230 8 8 0.04298
231 11 10 0.012852
232 11 11 0.011625
233 5 5 0.0131
234 8 8 0.013044
235 7 7 0.012654
236 12 12 0.012707
237 13 12 0.01267
238 5 5 0.029285
239 6 5 0.024027
240 13 12 0.010137
241 10 10 0.028181
242 10 8 0.050509
243 8 8 0.011655
244 12 10 0.010915
245 5 5 0.011263
246 7 7 0.011995
247 8 7 0.012035
248 7 7 0.012053
249 6 6 0.011527
250 5 5 0.011784
251 10 9 0.011874
252 4 4 0.010873
253 8 7 0.011268
254 8 8 0.028465
255 11 10 0.011006
256 8 8 0.011548
257 11 10 0.011628
258 5 5 0.010823
259 10 8 0.026836
260 8 7 0.011374
261 4 4 0.037761
262 7 7 0.016371
263 7 7 0.043142
264 5 5 0.036023
265 8 7 0.010814
266 5 5 0.011894
267 10 9 0.010789
268 12 11 0.011251
269 5 5 0.011165
270 9 7 0.011127
271 7 7 0.012066
272 5 5 0.011019
273 9 8 0.011005
274 8 8 0.011811
275 9 9 0.010372
276 6 6 0.011291
277 11 11 0.011133
278 7 7 0.011439
279 5 5 0.013305
280 8 8 0.011716
281 8 7 0.011091
282 7 6 0.010245
283 6 6 0.010862
284 6 6 0.049245
285 7 7 0.028278
286 5 5 0.018852
287 11 9 0.011371
288 4 4 0.011013
289 4 4 0.010988
290 7 7 0.010796
291 10 9 0.021636
292 6 6 0.010964
293 10 10 0.012073
294 8 8 0.012115
295 6 6 0.012083
296 7 7 0.012563
297 9 8 0.011204
298 10 8 0.01331
299 9 8 0.022414
300 5 5 0.011337
301 10 9 0.01008
302 7 6 0.010042
303 6 5 0.01129
304 11 8 0.012743
305 6 5 0.010888
306 4 4 0.011805
307 9 9 0.011032
308 10 8 0.011496
309 10 10 0.014829
310 5 5 0.027839
311 7 5 0.01123
312 6 5 0.01301
313 7 7 0.012385
314 5 5 0.01138
315 4 4 0.011024
316 5 5 0.012016
317 8 8 0.013533
318 8 8 0.025312
319 5 5 0.011114
320 7 6 0.011098
321 7 7 0.012107
322 6 5 0.012948
323 4 4 0.017822
324 5 5 0.012418
325 5 5 0.012273
326 10 10 0.01237
327 7 7 0.011657
328 4 4 0.011667
329 12 12 0.010784
330 8 8 0.011774
331 14 11 0.011625
332 7 6 0.011103
333 7 7 0.01179
334 11 9 0.011276
335 4 4 0.010731
336 13 10 0.011117
337 4 4 0.011338
338 8 7 0.010838
339 8 7 0.011078
340 9 7 0.011639
341 8 8 0.011747
342 6 6 0.011954
343 10 10 0.011288
344 7 7 0.020945
345 6 5 0.011945
346 9 8 0.01171
347 6 6 0.011317
348 8 7 0.011757
349 6 6 0.016661
350 11 9 0.010495
351 4 4 0.024219
352 7 7 0.010926
353 4 4 0.010316
354 7 7 0.01097
355 6 6 0.010603
356 5 5 0.014583
357 4 4 0.011351
358 5 5 0.011401
359 6 6 0.010513
360 4 4 0.011589
361 8 7 0.011658
362 9 7 0.011582
363 7 7 0.016517
364 8 8 0.018469
365 6 6 0.011509
366 10 9 0.011125
367 5 5 0.01185
368 9 7 0.011552
369 7 7 0.011901
370 6 5 0.011058
371 8 7 0.011516
372 4 4 0.011373
373 7 7 0.012102
374 9 8 0.011911
375 9 8 0.012889
376 8 8 0.023569
377 5 5 0.013687
378 8 7 0.014362
379 6 6 0.013166
380 5 5 0.013326
381 8 8 0.012323
382 7 7 0.020754
383 9 8 0.01166
384 5 5 0.027885
385 8 7 0.011161
386 8 7 0.01188
387 4 4 0.011675
388 9 8 0.010542
389 6 6 0.012757
390 6 6 0.011167
391 4 4 0.018674
392 6 6 0.01144
393 5 5 0.023494
394 10 9 0.010856
395 10 10 0.012233
396 6 6 0.011832
397 13 9 0.01121
398 10 9 0.012347
399 7 7 0.012076
400 4 4 0.011715
401 8 8 0.028458
402 7 7 0.031641
403 5 5 0.013333
404 8 8 0.011251
405 4 4 0.011563
406 7 7 0.015988
407 5 5 0.011434
408 7 7 0.011605
409 11 10 0.011426
410 6 6 0.011688
411 9 9 0.010806
412 4 4 0.010568
413 5 5 0.01165
414 7 7 0.011525
415 10 10 0.011805
416 13 13 0.0114
417 11 10 0.011237
418 4 4 0.026189
419 6 6 0.01877
420 5 5 0.011316
421 11 8 0.4024093
422 9 9 0.1363536
423 6 6 0.1186167
424 6 6 0.1016364
425 7 7 0.0615803
426 9 9 0.0441233
427 8 8 0.0393191
428 4 4 0.0216663
429 9 7 0.0290599
430 7 6 0.0366699
431 8 7 0.0282861
432 7 7 0.0242486
433 5 5 0.0311513
434 7 7 0.0337159
435 6 6 0.0190937
436 5 5 0.0253899
437 8 8 0.0204393
438 8 8 0.0217026
439 5 5 0.0204541
440 9 8 0.0298762
441 6 5 0.0707442
442 4 4 0.020104
443 7 7 0.0204931
444 9 9 0.0784963
445 8 8 0.0307574
446 9 9 0.0523416
447 6 6 0.0376305
448 9 9 0.0196133
449 6 6 0.0442893
450 7 7 0.0297948
451 4 4 0.0228554
452 5 5 0.0178894
453 7 7 0.0197778
454 5 5 0.0326058
455 12 11 0.0260731
456 6 5 0.0451618
457 9 8 0.0260722
458 10 9 0.0232633
459 8 8 0.0292211
460 13 13 0.0234555
461 5 5 0.0182583
462 9 7 0.017862
463 10 9 0.0190229
464 7 7 0.0220373
465 8 8 0.0198302
466 8 6 0.0225106
467 8 8 0.0222713
468 4 4 0.0194402
469 9 7 0.0222404
470 5 5 0.0289175
471 8 8 0.021152
472 10 10 0.0217834
473 5 5 0.0241663
474 7 7 0.017978
475 5 5 0.0204382
476 9 7 0.0191537
477 9 9 0.0201358
478 7 7 0.0209344
479 7 7 0.0317592
480 10 9 0.0239131
481 8 8 0.0190821
482 8 7 0.0216794
483 8 7 0.0185921
484 6 5 0.0183691
485 10 9 0.0191839
486 9 8 0.0193701
487 8 8 0.0213477
488 10 8 0.0207154
489 9 9 0.0204452
490 10 9 0.0177945
491 7 6 0.0277827
492 11 10 0.0216503
493 5 5 0.0192684
494 6 6 0.0186855
495 11 8 0.0262261
496 7 7 0.0194237
497 6 6 0.021201
498 7 7 0.0179213
499 18 13 0.0177808
500 5 5 0.023564
501 8 8 0.0200047
502 9 8 0.0259092
503 11 9 0.0205268
504 8 8 0.0352545
505 5 5 0.02291
506 8 7 0.0207151
507 5 5 0.0294871
508 7 7 0.0196201
509 6 5 0.0228598
510 6 5 0.0197706
511 8 7 0.0227427
512 11 8 0.0213912
513 12 10 0.0237224
514 9 8 0.0214396
515 13 11 0.0224947
516 9 8 0.0184403
517 6 6 0.0200248
518 5 5 0.0224466
519 13 11 0.0231675
520 8 6 0.0474586
521 5 5 0.0215089
522 6 6 0.0182914
523 10 9 0.0201392
524 4 4 0.0203887
525 8 7 0.0200139
526 6 6 0.0192436
527 8 8 0.0165961
528 8 8 0.0167824
529 7 7 0.0400036
530 12 9 0.0178969
531 6 5 0.0203504
532 6 6 0.04649
533 8 7 0.0260579
534 8 7 0.0357963
535 4 4 0.0167564
536 6 6 0.0191194
537 4 4 0.033233
538 7 7 0.0237501
539 8 8 0.0195288
540 4 4 0.0736076
541 12 12 0.0444423
542 12 11 0.0202431
543 11 11 0.0175419
544 6 6 0.0349497
545 9 8 0.0368889
546 8 8 0.0323355
547 7 7 0.0236673
548 6 6 0.0196214
549 6 6 0.0185958
550 5 5 0.0245351
551 5 5 0.0301138
552 12 11 0.0428599
553 10 10 0.0206656
554 9 8 0.0260124
555 7 7 0.0253537
556 8 7 0.0303802
557 12 11 0.0494886
558 6 6 0.0188118
559 11 10 0.0169173
560 7 7 0.0176925
561 6 5 0.0374539
562 9 8 0.038417
563 8 7 0.0365365
564 11 11 0.0317585
565 9 9 0.0185165
566 4 4 0.0160948
567 7 7 0.050272
568 6 6 0.041112
569 5 5 0.0356721
570 4 4 0.0260966
571 9 8 0.017808
572 5 5 0.030343
573 7 7 0.039775
574 10 10 0.0232262
575 7 7 0.0576105
576 16 12 0.0279609
577 4 4 0.0209486
578 10 10 0.0172877
579 8 8 0.0207787
580 11 9 0.0221589
581 8 8 0.0187302
582 8 8 0.0243818
583 10 10 0.0176554
584 9 8 0.0185544
585 10 10 0.0202339
586 5 5 0.0229278
587 4 4 0.0257293
588 8 7 0.022328
589 5 5 0.0191808
590 8 7 0.0283808
591 6 6 0.0173026
592 7 7 0.0175512
593 8 7 0.0190545
594 9 7 0.0222877
595 6 6 0.0258972
596 10 10 0.0290104
597 14 14 0.0177621
598 8 7 0.0223298
599 8 8 0.029649
600 10 9 0.0351726
601 9 8 0.0245598
602 6 6 0.0401168
603 8 7 0.0484591
604 10 10 0.019355
605 9 9 0.0675983
606 6 6 0.0396011
607 6 6 0.0172777
608 10 9 0.021098
609 8 8 0.0363537
610 5 5 0.03986
611 8 7 0.0187846
612 8 8 0.0203863
613 9 9 0.0302638
614 5 5 0.0225494
615 11 10 0.0227001
616 9 8 0.0412527
617 6 6 0.0485235
618 8 8 0.0398621
619 9 8 0.0159061
620 10 9 0.0182228
621 9 8 0.0384949
622 6 6 0.0302119
623 5 5 0.0448497
624 8 8 0.0177747
625 7 7 0.0196323
626 6 6 0.0172
627 6 6 0.0339065
628 11 10 0.0254189
629 8 7 0.0317715
630 7 6 0.0398707
631 10 9 0.0219046
632 4 4 0.017188
633 8 8 0.0346751
634 7 7 0.0414873
635 4 4 0.0510702
636 7 7 0.0175605
637 5 5 0.0177167
638 5 5 0.0409274
639 5 5 0.0266251
640 7 7 0.0225657
641 5 5 0.029164
642 7 7 0.0365093
643 9 9 0.0176206
644 5 5 0.0191301
645 6 5 0.0190094
646 10 9 0.0254331
647 9 8 0.0321879
648 11 9 0.0354521
649 6 6 0.0282883
650 8 7 0.0540226
651 5 5 0.0217088
652 4 4 0.0189202
653 4 4 0.0193675
654 5 5 0.0461103
655 9 9 0.044889
656 5 5 0.0289989
657 7 7 0.0206233
658 9 9 0.017764
659 8 8 0.0201701
660 10 9 0.0458853
661 6 6 0.0524616
662 6 6 0.0209233
663 7 7 0.0183857
664 8 8 0.0179798
665 9 7 0.0451336
666 6 6 0.0440019
667 8 8 0.0390339
668 6 6 0.022105
669 6 5 0.0191817
670 8 8 0.016659
671 7 7 0.0194356
672 6 6 0.0332111
673 6 5 0.0537283
674 6 6 0.0516791
675 9 9 0.0222228
676 9 9 0.0165885
677 6 6 0.0231689
678 7 7 0.0191048
679 9 8 0.0308612
680 8 7 0.0366629
681 11 9 0.0270259
682 7 7 0.0241203
683 7 7 0.016984
684 9 9 0.0172117
685 9 8 0.0284421
686 7 7 0.0313167
687 7 7 0.0220877
688 10 10 0.0210517
689 10 9 0.0376491
690 6 6 0.0298194
691 7 7 0.0369759
692 9 8 0.0250382
693 12 12 0.0340425
694 8 7 0.0206472
695 7 6 0.0235393
696 6 6 0.0294625
697 9 7 0.0187489
698 9 9 0.0202508
699 8 7 0.0243757
700 8 7 0.0186269
701 9 9 0.0167071
702 10 9 0.0168377
703 6 6 0.0491052
704 10 10 0.0314836
705 11 10 0.0196532
706 9 9 0.0170726
707 6 6 0.0214081
708 5 5 0.0191329
709 13 13 0.0299679
710 8 7 0.0218044
711 10 10 0.0207442
712 9 8 0.0211537
713 7 7 0.0169128
714 10 10 0.0468873
715 10 9 0.0207801
716 4 4 0.0161555
717 6 6 0.0162861
718 7 7 0.017786
719 9 8 0.0174607
720 8 7 0.0176411
721 8 7 0.0272104
722 11 10 0.0233549
723 6 6 0.0311163
724 8 8 0.0358275
725 5 5 0.0177597
726 4 4 0.0168809
727 10 9 0.0176162
728 11 10 0.0174359
729 5 5 0.0232227
730 4 4 0.0331695
731 10 9 0.0214322
732 12 11 0.0290966
733 6 6 0.0182844
734 7 7 0.0182696
735 8 8 0.0167487
736 6 6 0.0321705
737 7 7 0.0422038
738 8 7 0.018246
739 10 9 0.0194985
740 5 5 0.0214953
741 6 6 0.0435106
742 8 7 0.019219
743 8 7 0.0207617
744 8 7 0.0303034
745 7 7 0.0225217
746 4 4 0.0204275
747 9 9 0.0203343
748 6 6 0.0184105
749 7 7 0.0206151
750 6 6 0.0281828
751 5 5 0.025887
752 6 5 0.0275954
753 9 8 0.0319179
754 4 4 0.0253985
755 5 5 0.0353093
756 9 7 0.0214087
757 9 8 0.0219707
758 7 7 0.0232969
759 9 7 0.0220939
760 5 5 0.0242644
761 6 6 0.0173706
762 8 8 0.0246477
763 8 7 0.018227
764 6 5 0.0169221
765 10 10 0.0175529
766 10 8 0.0165035
767 10 9 0.0190005
768 7 7 0.0434899
769 6 6 0.0609564
770 8 7 0.0223207
771 6 5 0.0185462
772 9 8 0.0159899
773 5 5 0.0199255
774 7 6 0.0151438
775 4 4 0.0325144
776 9 8 0.0310607
777 8 7 0.0289142
778 12 9 0.0163256
779 8 8 0.0191127
780 4 4 0.0266658
781 7 6 0.0376893
782 10 9 0.030009
783 9 8 0.0245187
784 5 5 0.0335637
785 6 6 0.0343244
786 5 5 0.0176415
787 5 5 0.021618
788 4 4 0.0171656
789 14 13 0.0166783
790 9 9 0.0170795
791 5 5 0.023908
792 7 7 0.0225616
793 13 12 0.0304751
794 8 8 0.0225096
795 7 7 0.0409864
796 9 7 0.0213363
797 7 7 0.0215409
798 6 6 0.0174626
799 10 10 0.0201267
800 7 7 0.0175721
801 7 6 0.0182511
802 6 6 0.0181217
803 6 6 0.0160402
804 6 6 0.0198401
805 5 5 0.0299512
806 10 9 0.0247839
807 8 8 0.0204863
808 10 8 0.0222114
809 7 7 0.0220643
810 5 5 0.0264978
811 6 6 0.0191991
812 9 8 0.0164732
813 9 8 0.0179932
814 4 4 0.0173636
815 8 8 0.0217501
816 5 5 0.018946
817 7 7 0.0214808
818 7 7 0.0181049
819 5 5 0.0363617
820 10 10 0.017235
821 7 7 0.0285988
822 6 6 0.0285698
823 6 5 0.0197296
824 11 10 0.016486
825 7 7 0.0244007
826 12 9 0.0168733
827 8 7 0.0161844
828 9 9 0.0175438
829 13 10 0.030743
830 9 9 0.0179429
831 6 6 0.0193934
832 11 10 0.0363291
833 4 4 0.0172759
834 4 4 0.0192149
835 4 4 0.0174358
836 9 9 0.0158018
837 13 11 0.0170323
838 8 8 0.0150009
839 6 6 0.0192414
840 4 4 0.0228708
