1 7 7 0.151825
2 9 9 0.059903
3 12 12 0.030976
4 6 6 0.01814
5 9 8 0.034527
6 10 9 0.021459
7 6 6 0.021281
8 9 9 0.029883
9 9 9 0.042083
10 8 8 0.01472
11 10 10 0.053424
12 8 8 0.014451
13 12 12 0.016373
14 18 16 0.025775
15 8 8 0.017428
16 8 6 0.020295
17 8 8 0.01217
18 8 8 0.015686
19 12 10 0.029853
20 12 10 0.031071
21 8 8 0.029773
22 9 9 0.036871
23 12 11 0.030351
24 6 6 0.029485
25 11 11 0.029959
26 9 9 0.015901
27 10 9 0.013365
28 6 6 0.013335
29 7 7 0.02903
30 11 8 0.015481
31 12 10 0.011563
32 7 7 0.013193
33 12 10 0.016538
34 11 10 0.012631
35 8 8 0.012888
36 8 8 0.013519
37 11 9 0.012784
38 6 6 0.029322
39 8 8 0.060107
40 11 10 0.032385
41 7 6 0.033315
42 7 6 0.024565
43 8 8 0.01727
44 9 9 0.01311
45 14 13 0.012994
46 8 8 0.014027
47 12 11 0.012358
48 6 6 0.012028
49 8 8 0.012105
50 12 10 0.013668
51 8 8 0.013079
52 6 6 0.012238
53 6 6 0.013232
54 11 10 0.011455
55 11 11 0.012422
56 13 13 0.013035
57 8 8 0.012721
58 7 7 0.012035
59 9 8 0.012478
60 5 5 0.012537
61 7 6 0.012086
62 11 10 0.011903
63 13 11 0.012098
64 7 7 0.012935
65 13 11 0.012403
66 7 7 0.012564
67 12 11 0.01213
68 5 5 0.011511
69 8 7 0.012275
70 6 6 0.012572
71 9 9 0.014008
72 10 10 0.017572
73 10 10 0.012763
74 9 8 0.028501
75 6 6 0.029436
76 12 10 0.030911
77 9 9 0.013701
78 11 10 0.02633
79 16 14 0.024111
80 8 8 0.029063
81 5 5 0.034249
82 8 8 0.012341
83 8 8 0.013183
84 8 8 0.012918
85 8 8 0.013648
86 9 9 0.012065
87 8 7 0.013342
88 8 8 0.014639
89 13 10 0.012861
90 8 8 0.014004
91 6 6 0.025415
92 7 6 0.024963
93 11 10 0.025677
94 8 8 0.028778
95 7 7 0.029461
96 9 8 0.027788
97 6 6 0.011722
98 9 9 0.04879
99 14 12 0.011073
100 11 10 0.011911
101 15 11 0.011605
102 9 7 0.011669
103 10 8 0.027577
104 6 6 0.012682
105 10 9 0.011083
106 14 11 0.011855
107 11 10 0.012357
108 13 10 0.011593
109 12 11 0.011471
110 11 9 0.024821
111 11 11 0.029126
112 12 11 0.014218
113 6 6 0.028725
114 13 11 0.029183
115 10 9 0.012519
116 13 11 0.027685
117 8 8 0.016332
118 6 6 0.01206
119 7 7 0.011911
120 18 13 0.012126
121 10 8 0.012912
122 7 7 0.012007
123 11 10 0.012071
124 15 12 0.012628
125 13 10 0.01195
126 13 11 0.01139
127 6 6 0.013314
128 9 8 0.012259
129 9 8 0.012618
130 9 9 0.012871
131 7 6 0.012632
132 13 10 0.011775
133 6 6 0.022459
134 10 8 0.025678
135 11 10 0.012593
136 9 8 0.01404
137 9 8 0.014223
138 9 8 0.015912
139 14 11 0.011822
140 11 10 0.028613
141 13 10 0.011446
142 6 6 0.013921
143 10 8 0.011957
144 6 6 0.026896
145 6 6 0.020113
146 8 8 0.044505
147 12 12 0.01254
148 8 8 0.020756
149 7 7 0.011604
150 8 8 0.012682
151 9 8 0.012322
152 7 7 0.01246
153 9 8 0.011186
154 14 11 0.012125
155 7 7 0.012991
156 15 11 0.013916
157 9 9 0.012846
158 9 8 0.012494
159 10 9 0.011861
160 10 8 0.011085
161 13 11 0.011629
162 5 5 0.012221
163 8 8 0.022034
164 11 10 0.025211
165 7 6 0.012708
166 7 7 0.01172
167 10 9 0.047701
168 6 6 0.024852
169 12 11 0.013407
170 5 5 0.013987
171 10 10 0.027207
172 12 9 0.013191
173 12 11 0.016922
174 10 10 0.012978
175 10 9 0.013777
176 11 11 0.013868
177 13 13 0.01205
178 14 13 0.014753
179 9 8 0.012125
180 12 11 0.029326
181 10 9 0.011855
182 11 9 0.010915
183 9 9 0.027766
184 8 8 0.040912
185 7 7 0.027976
186 6 6 0.012906
187 7 7 0.025428
188 14 12 0.026166
189 6 6 0.028922
190 8 7 0.011308
191 6 6 0.013295
192 8 8 0.028806
193 10 10 0.023867
194 13 11 0.01175
195 9 9 0.025035
196 6 6 0.025193
197 10 9 0.01229
198 10 8 0.011548
199 10 9 0.010489
200 6 6 0.012459
201 9 9 0.012281
202 6 6 0.01272
203 11 10 0.040788
204 6 6 0.011712
205 13 11 0.011763
206 12 9 0.011857
207 14 13 0.020974
208 5 5 0.031666
209 6 6 0.033271
210 10 8 0.013745
211 16 11 0.012678
212 6 6 0.012758
213 8 8 0.012247
214 11 10 0.027871
215 12 10 0.012262
216 8 8 0.012975
217 14 11 0.018753
218 12 11 0.011908
219 9 9 0.020546
220 11 10 0.011547
221 5 5 0.012671
222 7 7 0.011752
223 11 10 0.012745
224 10 9 0.012406
225 7 6 0.014276
226 8 8 0.012759
227 16 12 0.011206
228 11 10 0.011542
229 8 7 0.01241
230 6 6 0.028367
231 12 10 0.027874
232 8 7 0.010984
233 11 11 0.025681
234 12 9 0.027873
235 8 8 0.03616
236 10 9 0.01233
237 12 12 0.011314
238 11 10 0.011279
239 8 8 0.028112
240 9 9 0.027393
241 8 7 0.028118
242 9 8 0.011232
243 9 8 0.012082
244 8 8 0.011414
245 6 6 0.023363
246 9 9 0.011803
247 10 9 0.010929
248 12 10 0.010665
249 14 13 0.010697
250 12 11 0.012941
251 11 9 0.011099
252 9 8 0.012016
253 7 7 0.011637
254 9 7 0.011055
255 10 9 0.010701
256 12 10 0.011468
257 13 11 0.01061
258 8 7 0.011279
259 7 7 0.01199
260 5 5 0.011892
261 11 10 0.01069
262 10 9 0.01127
263 8 8 0.012306
264 6 6 0.012258
265 15 12 0.020577
266 7 7 0.010969
267 10 9 0.012177
268 11 10 0.012226
269 8 8 0.013946
270 9 8 0.028596
271 10 8 0.010728
272 12 10 0.010932
273 9 8 0.012277
274 8 8 0.011897
275 10 9 0.013069
276 12 10 0.011583
277 6 6 0.028315
278 8 6 0.011325
279 11 10 0.011355
280 8 7 0.025067
281 8 8 0.011114
282 9 8 0.011187
283 9 8 0.012225
284 8 8 0.011562
285 14 13 0.010877
286 11 9 0.010374
287 10 8 0.01208
288 11 10 0.010562
289 8 8 0.013026
290 13 10 0.011414
291 7 7 0.011032
292 8 8 0.020751
293 8 8 0.034761
294 10 10 0.012392
295 8 6 0.012259
296 7 7 0.012321
297 17 13 0.012254
298 8 7 0.011454
299 12 10 0.011518
300 6 6 0.013183
301 10 8 0.011656
302 7 7 0.011749
303 8 8 0.011429
304 7 7 0.011183
305 6 6 0.011213
306 12 10 0.010697
307 6 6 0.017855
308 10 9 0.011406
309 6 6 0.012491
310 11 11 0.011877
311 10 9 0.012056
312 7 7 0.012203
313 10 8 0.012532
314 9 8 0.020851
315 11 10 0.01433
316 8 8 0.025632
317 8 8 0.011266
318 14 11 0.011754
319 7 7 0.011722
320 6 6 0.011107
321 12 10 0.011465
322 9 9 0.012532
323 12 10 0.010422
324 8 7 0.011526
325 15 13 0.010794
326 9 9 0.01271
327 9 8 0.012099
328 6 6 0.014164
329 13 13 0.011634
330 13 11 0.011259
331 9 8 0.011168
332 12 11 0.011662
333 12 11 0.013536
334 5 5 0.015071
335 5 5 0.011216
336 10 9 0.012861
337 8 8 0.017275
338 7 7 0.024761
339 14 11 0.011155
340 10 8 0.019606
341 8 8 0.029144
342 6 6 0.011238
343 11 9 0.020385
344 7 7 0.011298
345 6 6 0.011193
346 10 9 0.0111
347 9 9 0.010781
348 13 11 0.012127
349 11 11 0.022496
350 9 9 0.011293
351 9 8 0.011346
352 11 11 0.011227
353 11 10 0.011773
354 6 6 0.012004
355 9 8 0.01192
356 9 9 0.037524
357 8 8 0.011702
358 7 7 0.010627
359 10 10 0.011606
360 6 6 0.012253
361 8 8 0.011732
362 7 6 0.012134
363 6 6 0.011644
364 14 12 0.010999
365 8 8 0.012642
366 9 9 0.027519
367 7 7 0.040251
368 12 11 0.046483
369 13 13 0.029106
370 11 9 0.024025
371 9 8 0.011559
372 8 8 0.012398
373 8 8 0.011773
374 10 8 0.010657
375 9 9 0.011323
376 7 7 0.011622
377 11 11 0.011425
378 9 9 0.011764
379 10 9 0.012035
380 10 9 0.011457
381 13 13 0.010779
382 6 6 0.011429
383 13 13 0.011199
384 13 13 0.012741
385 8 8 0.011256
386 6 6 0.023966
387 12 10 0.011721
388 11 10 0.011021
389 12 11 0.011098
390 7 6 0.011873
391 7 7 0.011441
392 7 7 0.027857
393 10 10 0.010901
394 6 6 0.0218
395 6 6 0.011291
396 6 6 0.0119
397 6 6 0.011595
398 15 13 0.010738
399 7 6 0.011353
400 10 9 0.012401
401 13 11 0.012494
402 8 7 0.023373
403 10 9 0.012453
404 7 7 0.034171
405 8 8 0.012009
406 9 7 0.011431
407 10 9 0.030684
408 12 11 0.028864
409 6 6 0.012613
410 8 8 0.011794
411 7 7 0.011451
412 11 10 0.011456
413 6 6 0.011461
414 6 6 0.018938
415 8 8 0.012657
416 10 9 0.013669
417 10 10 0.013064
418 15 13 0.013179
419 6 6 0.013321
420 10 9 0.014632
421 5 5 0.1499074
422 12 12 0.0534794
423 7 7 0.0359841
424 8 7 0.0515423
425 8 8 0.0690247
426 12 11 0.0353472
427 11 10 0.044389
428 6 6 0.0397249
429 16 14 0.0332354
430 9 9 0.0325298
431 7 7 0.0264669
432 7 7 0.0359068
433 8 7 0.0466211
434 10 10 0.0230753
435 14 11 0.0374661
436 10 9 0.0217539
437 14 14 0.0167566
438 7 6 0.0368672
439 8 7 0.0187381
440 7 6 0.0244373
441 10 8 0.0241538
442 11 8 0.0193487
443 6 6 0.0193508
444 13 10 0.0176664
445 10 9 0.0261519
446 11 10 0.0240318
447 8 8 0.0213554
448 10 10 0.0239483
449 5 5 0.0313686
450 9 8 0.0182863
451 9 9 0.0298362
452 6 6 0.0192257
453 9 8 0.0288276
454 9 8 0.029244
455 6 6 0.0190099
456 6 6 0.0227107
457 12 12 0.0173811
458 10 10 0.0177333
459 6 6 0.0196066
460 10 8 0.0335953
461 10 9 0.042641
462 8 8 0.0373981
463 6 6 0.0341605
464 7 7 0.0280269
465 11 9 0.0202992
466 8 8 0.036759
467 15 12 0.0435302
468 12 10 0.0181175
469 10 10 0.0219567
470 15 13 0.0175118
471 9 9 0.0359971
472 11 8 0.0173817
473 6 6 0.0243001
474 7 7 0.0215308
475 13 10 0.0174239
476 16 14 0.0223349
477 8 8 0.0183357
478 6 6 0.019401
479 10 9 0.0202702
480 9 8 0.0287329
481 9 8 0.0186654
482 7 7 0.0329587
483 16 14 0.0172358
484 6 6 0.0197929
485 7 7 0.0222715
486 9 8 0.0206006
487 9 9 0.0196838
488 14 11 0.019441
489 12 11 0.0196596
490 12 11 0.0183224
491 8 8 0.0203185
492 14 12 0.0272639
493 9 8 0.0189997
494 10 9 0.0186937
495 7 7 0.0196166
496 10 9 0.0181191
497 9 9 0.0187632
498 9 8 0.0199394
499 8 8 0.0179018
500 14 10 0.0193214
501 9 8 0.0226758
502 7 7 0.022983
503 13 10 0.0197528
504 12 10 0.0413673
505 10 10 0.0171223
506 8 8 0.0278699
507 9 9 0.0167388
508 8 8 0.026359
509 8 7 0.0180052
510 6 6 0.0239975
511 6 6 0.0292113
512 7 6 0.02152
513 8 8 0.0214671
514 8 8 0.0509604
515 10 9 0.0181331
516 6 6 0.0316329
517 8 8 0.0208801
518 8 8 0.0200742
519 5 5 0.0449034
520 11 9 0.0215163
521 7 6 0.0178053
522 8 8 0.0244368
523 9 9 0.0170551
524 14 12 0.0242581
525 8 8 0.0174786
526 12 11 0.045638
527 10 10 0.0213095
528 8 8 0.0190715
529 12 10 0.0159162
530 6 6 0.0273134
531 9 8 0.0307458
532 11 10 0.0305055
533 13 12 0.0268325
534 9 8 0.0184384
535 10 8 0.0268714
536 12 10 0.019149
537 13 13 0.0213853
538 9 9 0.0167119
539 18 17 0.0333048
540 8 8 0.016943
541 6 6 0.0333878
542 6 6 0.0207801
543 7 6 0.0257953
544 11 9 0.0173569
545 10 9 0.0413118
546 6 6 0.0211987
547 7 6 0.0219634
548 10 10 0.0216093
549 7 6 0.0189618
550 11 11 0.020041
551 7 7 0.022425
552 9 9 0.0248175
553 12 12 0.0179514
554 12 12 0.038381
555 5 5 0.017646
556 5 5 0.0175299
557 11 9 0.0196466
558 9 7 0.0170083
559 11 11 0.030567
560 8 7 0.0239812
561 10 9 0.0182274
562 10 7 0.0156365
563 9 8 0.0174609
564 16 12 0.026934
565 10 10 0.0182392
566 11 9 0.0201559
567 12 11 0.0173349
568 7 7 0.0180511
569 11 10 0.0174494
570 10 9 0.0170833
571 7 6 0.0176428
572 7 6 0.030172
573 9 8 0.0188314
574 9 9 0.0185121
575 8 7 0.0398034
576 7 7 0.0181355
577 12 10 0.0291862
578 5 5 0.0184206
579 9 8 0.0311844
580 9 8 0.0175512
581 5 5 0.0226859
582 11 10 0.0204247
583 9 8 0.0180513
584 10 8 0.0207537
585 10 9 0.0226749
586 15 11 0.031638
587 7 6 0.022129
588 15 12 0.0180937
589 8 8 0.0343408
590 7 7 0.0171267
591 10 9 0.0199592
592 7 7 0.0178846
593 12 12 0.035794
594 5 5 0.0174823
595 8 8 0.0189018
596 12 10 0.0171616
597 11 9 0.0186206
598 7 6 0.0199751
599 9 8 0.0202916
600 8 7 0.0176622
601 13 10 0.018198
602 9 8 0.0218732
603 12 11 0.0180403
604 6 6 0.0188736
605 7 7 0.0188237
606 7 6 0.0188922
607 9 9 0.0189846
608 7 6 0.0183265
609 8 8 0.0173346
610 9 8 0.0191609
611 7 7 0.0213327
612 6 6 0.02587
613 11 11 0.0203708
614 6 6 0.0181832
615 9 9 0.0166688
616 11 10 0.0176872
617 9 9 0.0174625
618 12 10 0.0194598
619 9 8 0.0185649
620 11 9 0.0179393
621 15 14 0.0196484
622 10 9 0.0199877
623 9 9 0.0212313
624 10 8 0.0177585
625 14 14 0.0172254
626 13 11 0.0175934
627 7 7 0.0213268
628 9 9 0.019443
629 11 9 0.0211526
630 9 9 0.0205847
631 5 5 0.0193436
632 5 5 0.0173603
633 6 6 0.0190679
634 8 8 0.0191093
635 6 6 0.0191117
636 7 7 0.0170419
637 7 7 0.0174258
638 9 8 0.0184605
639 7 7 0.018256
640 10 10 0.025106
641 7 7 0.015982
642 8 8 0.0171935
643 7 7 0.0174601
644 11 9 0.0175421
645 11 11 0.0187368
646 6 6 0.0187134
647 14 12 0.0172223
648 9 9 0.0187051
649 8 8 0.0350374
650 11 10 0.0191217
651 9 9 0.0177617
652 7 7 0.0186066
653 8 8 0.017665
654 9 8 0.0178724
655 7 7 0.0180506
656 10 10 0.0200871
657 9 9 0.0183656
658 7 7 0.0170644
659 12 11 0.0182658
660 10 8 0.0195216
661 12 11 0.018228
662 11 9 0.0206469
663 13 12 0.0200497
664 8 6 0.0199215
665 8 7 0.0211623
666 10 9 0.0174525
667 13 9 0.0167509
668 7 7 0.0183049
669 6 6 0.0184691
670 9 8 0.0180397
671 6 6 0.02029
672 9 8 0.0214921
673 15 11 0.0174068
674 11 10 0.0193761
675 8 7 0.0211532
676 6 6 0.0194037
677 8 8 0.0215065
678 7 7 0.0176074
679 8 8 0.0202148
680 8 8 0.0301539
681 13 13 0.0180742
682 9 8 0.0318241
683 5 5 0.0342775
684 10 10 0.0199904
685 5 5 0.0179405
686 11 10 0.0180412
687 7 7 0.0177534
688 6 6 0.0185794
689 6 6 0.0381464
690 9 7 0.021719
691 6 6 0.0184913
692 8 8 0.0300961
693 6 6 0.0203089
694 6 6 0.0231686
695 7 6 0.0291628
696 8 7 0.0185503
697 5 5 0.0295201
698 13 12 0.0159706
699 7 7 0.0293753
700 8 7 0.021936
701 12 8 0.0208083
702 8 8 0.0230016
703 11 10 0.0165959
704 5 5 0.0229329
705 8 8 0.0204141
706 12 10 0.0203902
707 10 9 0.017748
708 7 7 0.0201203
709 9 8 0.0171459
710 11 10 0.0225084
711 16 12 0.0162229
712 11 9 0.0181986
713 6 6 0.0197392
714 8 8 0.0182084
715 6 6 0.0218901
716 9 8 0.0180628
717 12 12 0.0189748
718 6 6 0.0195487
719 9 8 0.0184895
720 6 6 0.0209766
721 14 12 0.0182172
722 13 11 0.0188669
723 8 8 0.0213608
724 10 10 0.0300508
725 12 9 0.0187317
726 11 8 0.0176561
727 11 11 0.0182774
728 11 10 0.0180211
729 8 8 0.0179461
730 6 6 0.0195102
731 11 10 0.0181565
732 8 6 0.0180904
733 15 11 0.0170439
734 7 7 0.0180779
735 8 8 0.018875
736 6 6 0.0185309
737 10 9 0.0189167
738 8 8 0.0316947
739 11 11 0.0187596
740 6 6 0.0181846
741 10 9 0.0161261
742 7 6 0.0187225
743 9 8 0.0175467
744 8 8 0.0173907
745 6 6 0.0179789
746 10 9 0.0199498
747 7 7 0.0176146
748 7 7 0.0215147
749 10 10 0.0169866
750 8 8 0.018405
751 6 6 0.0194187
752 7 7 0.0176219
753 10 9 0.0216108
754 13 11 0.0210457
755 17 14 0.0168259
756 6 6 0.0169348
757 13 11 0.0172251
758 7 6 0.0182317
759 7 7 0.0172282
760 10 9 0.0168747
761 6 6 0.0183642
762 11 10 0.0174189
763 9 8 0.0189586
764 10 9 0.0164424
765 10 9 0.0159272
766 8 7 0.0189087
767 8 8 0.0178886
768 10 10 0.0183531
769 11 10 0.0159748
770 9 9 0.0178438
771 7 6 0.0192672
772 8 8 0.0166671
773 10 9 0.0184158
774 9 8 0.0170589
775 10 9 0.028797
776 10 10 0.0201466
777 10 9 0.0216069
778 8 8 0.0210718
779 16 14 0.0335203
780 10 9 0.0178492
781 8 8 0.0216817
782 7 7 0.0178658
783 11 9 0.0173098
784 15 12 0.0174922
785 10 7 0.0206751
786 7 6 0.0174067
787 10 9 0.0179901
788 6 6 0.0181427
789 7 7 0.0257435
790 11 10 0.0203028
791 12 12 0.0287522
792 9 8 0.0197416
793 7 6 0.0352859
794 7 6 0.0176598
795 9 8 0.0194256
796 7 7 0.0160567
797 9 9 0.0195058
798 9 9 0.0175364
799 6 6 0.0201708
800 12 10 0.0751948
801 11 9 0.0175853
802 8 8 0.0337828
803 7 7 0.0187449
804 9 8 0.0226173
805 11 9 0.0174579
806 12 10 0.0212268
807 12 11 0.0172566
808 6 6 0.0415319
809 10 9 0.0210386
810 8 8 0.0211564
811 8 8 0.0195545
812 8 8 0.0174697
813 13 12 0.0175184
814 12 10 0.0203096
815 5 5 0.0177308
816 8 8 0.0173759
817 8 8 0.0191694
818 11 11 0.0255881
819 10 8 0.0176024
820 15 13 0.0173994
821 9 9 0.0190134
822 17 13 0.0174176
823 10 9 0.0246518
824 10 9 0.0174522
825 6 6 0.0189868
826 16 12 0.0192923
827 8 8 0.0183125
828 8 8 0.0189712
829 8 7 0.0171932
830 7 7 0.0158781
831 10 8 0.0189629
832 9 8 0.0172173
833 8 8 0.0178433
834 5 5 0.0178474
835 8 8 0.0184168
836 8 8 0.0183024
837 7 7 0.019236
838 9 8 0.0176917
839 15 13 0.0164082
840 11 10 0.0191092
