1 40 38 0.333942
2 37 31 0.106221
3 41 32 0.088587
4 56 50 0.072796
5 33 31 0.177121
6 24 19 0.111311
7 30 28 0.078305
8 42 37 0.118416
9 43 42 0.100698
10 29 26 0.116041
11 30 28 0.115427
12 38 34 0.074779
13 14 13 0.082236
14 32 29 0.057641
15 31 28 0.134035
16 26 24 0.111844
17 32 28 0.064582
18 38 37 0.028337
19 37 34 0.085811
20 52 47 0.049772
21 58 44 0.047983
22 31 27 0.049508
23 46 43 0.044832
24 34 31 0.089238
25 15 15 0.069047
26 24 24 0.101048
27 30 25 0.091
28 39 37 0.06675
29 48 38 0.170443
30 29 25 0.102174
31 46 37 0.053913
32 41 34 0.055266
33 43 36 0.074816
34 26 24 0.091576
35 32 31 0.040566
36 44 39 0.0926
37 42 38 0.076538
38 37 34 0.061502
39 30 28 0.123442
40 29 24 0.049219
41 28 28 0.041885
42 26 24 0.126128
43 14 14 0.103826
44 36 30 0.114658
45 17 16 0.146541
46 22 20 0.079154
47 28 26 0.076955
48 43 40 0.06077
49 51 42 0.060396
50 40 32 0.109617
51 57 47 0.054887
52 21 21 0.060309
53 38 34 0.068567
54 21 19 0.116373
55 49 39 0.116169
56 8 8 0.073843
57 45 38 0.066272
58 30 25 0.171947
59 53 40 0.052842
60 33 32 0.053818
61 36 30 0.053574
62 15 15 0.06657
63 52 49 0.027995
64 25 22 0.07246
65 46 41 0.05259
66 21 21 0.060441
67 56 51 0.039341
68 33 30 0.084028
69 49 39 0.051645
70 55 43 0.057865
71 40 35 0.073044
72 44 40 0.071496
73 29 27 0.115193
74 24 21 0.125867
75 35 32 0.056574
76 33 30 0.055049
77 34 29 0.038226
78 26 24 0.060321
79 46 39 0.058551
80 37 29 0.047582
81 29 29 0.073543
82 40 37 0.052946
83 54 45 0.106709
84 74 64 0.057329
85 24 21 0.115847
86 15 14 0.145698
87 45 38 0.050407
88 23 21 0.044146
89 48 36 0.117593
90 24 22 0.073884
91 36 31 0.061326
92 20 19 0.049257
93 45 41 0.049568
94 32 29 0.101141
95 66 54 0.05936
96 47 42 0.040309
97 62 51 0.059444
98 26 26 0.071444
99 42 37 0.048444
100 35 31 0.079947
101 38 32 0.064547
102 41 33 0.065843
103 51 41 0.032661
104 25 23 0.09793
105 35 29 0.075433
106 48 43 0.103582
107 41 34 0.041378
108 11 11 0.143797
109 21 19 0.137487
110 20 17 0.112688
111 27 22 0.165886
112 37 28 0.083511
113 25 22 0.124981
114 23 21 0.047135
115 42 34 0.073376
116 20 18 0.084973
117 44 39 0.046823
118 33 31 0.065057
119 29 25 0.058127
120 37 27 0.10231
121 34 28 0.056007
122 19 18 0.124621
123 33 28 0.06638
124 39 36 0.071876
125 52 45 0.053878
126 31 25 0.152191
127 26 24 0.068328
128 34 30 0.186262
129 36 29 0.227607
130 23 20 0.237727
131 35 31 0.040818
132 43 34 0.099036
133 33 32 0.059908
134 35 33 0.045811
135 56 48 0.05844
136 12 12 0.051085
137 43 37 0.140289
138 46 40 0.077022
139 31 29 0.074855
140 11 11 0.051958
141 23 19 0.059187
142 69 57 0.020549
143 34 32 0.058729
144 47 35 0.06252
145 26 26 0.039664
146 33 28 0.070446
147 32 28 0.076103
148 28 26 0.130396
149 50 42 0.041851
150 31 30 0.052985
151 43 39 0.049008
152 47 41 0.127539
153 32 25 0.127647
154 61 53 0.061638
155 52 44 0.026849
156 39 32 0.044662
157 57 45 0.047075
158 28 24 0.057049
159 38 33 0.068405
160 53 46 0.032156
161 22 21 0.052159
162 33 29 0.048218
163 47 38 0.135377
164 45 39 0.076249
165 27 22 0.116811
166 39 36 0.079121
167 29 26 0.118073
168 25 23 0.100355
169 31 28 0.075096
170 40 37 0.065534
171 24 20 0.071229
172 27 19 0.057917
173 41 35 0.114016
174 22 19 0.050951
175 25 21 0.056429
176 39 34 0.19414
177 36 32 0.08668
178 29 28 0.050618
179 35 29 0.044503
180 26 24 0.165131
181 38 35 0.038697
182 26 23 0.069128
183 32 28 0.040939
184 25 21 0.092967
185 25 21 0.068226
186 20 17 0.075197
187 42 34 0.079101
188 26 22 0.052096
189 30 24 0.120415
190 46 40 0.160691
191 32 28 0.071969
192 33 30 0.175861
193 32 27 0.044563
194 29 26 0.063147
195 26 24 0.065412
196 38 30 0.069126
197 26 26 0.0758
198 28 27 0.104502
199 30 28 0.078222
200 19 19 0.072957
201 32 28 0.096852
202 66 48 0.139011
203 68 59 0.089987
204 58 50 0.118914
205 14 14 0.113995
206 42 34 0.112375
207 47 39 0.062946
208 23 23 0.090574
209 36 32 0.15751
210 41 37 0.050405
211 31 29 0.087408
212 30 28 0.040532
213 21 21 0.052063
214 21 21 0.034007
215 33 30 0.046624
216 27 23 0.120854
217 26 24 0.137359
218 27 21 0.070085
219 45 39 0.069594
220 28 26 0.065609
221 30 27 0.113339
222 39 30 0.120739
223 31 28 0.087322
224 36 29 0.077606
225 28 26 0.075299
226 36 29 0.027843
227 13 13 0.06285
228 45 39 0.039955
229 52 46 0.040632
230 40 37 0.054075
231 32 30 0.04777
232 46 41 0.1032
233 40 38 0.04455
234 14 13 0.107318
235 39 35 0.051802
236 25 19 0.120666
237 46 39 0.042527
238 44 39 0.125739
239 33 31 0.050231
240 28 27 0.157992
241 30 28 0.154614
242 36 32 0.093545
243 52 43 0.098551
244 19 19 0.04023
245 31 31 0.066531
246 41 35 0.036036
247 39 37 0.050571
248 36 35 0.120642
249 38 33 0.083982
250 23 23 0.10753
251 53 45 0.086447
252 49 47 0.188167
253 25 20 0.127304
254 26 25 0.098218
255 32 31 0.129983
256 49 40 0.121136
257 31 29 0.08599
258 33 29 0.113869
259 60 44 0.086004
260 21 19 0.072311
261 9 9 0.092142
262 50 47 0.033134
263 46 36 0.056951
264 38 33 0.058886
265 28 26 0.05698
266 40 37 0.093358
267 55 47 0.071573
268 47 34 0.095248
269 46 37 0.061553
270 34 30 0.09776
271 51 48 0.098598
272 49 47 0.058267
273 29 26 0.172964
274 55 43 0.105805
275 35 31 0.101786
276 37 30 0.17675
277 26 22 0.141931
278 40 36 0.123705
279 33 27 0.130172
280 38 33 0.096788
281 53 48 0.127461
282 20 19 0.285342
283 39 33 0.051724
284 26 24 0.094778
285 36 33 0.104034
286 30 26 0.112419
287 35 30 0.123662
288 44 36 0.135442
289 36 30 0.058533
290 25 24 0.051416
291 25 23 0.07758
292 31 27 0.048331
293 33 30 0.070735
294 29 25 0.046596
295 33 27 0.061773
296 22 18 0.051276
297 23 23 0.071444
298 32 30 0.05999
299 36 31 0.116823
300 46 39 0.202351
301 26 24 0.074768
302 41 35 0.047791
303 37 35 0.050144
304 34 32 0.089337
305 29 26 0.126061
306 33 28 0.049434
307 29 27 0.039069
308 16 14 0.079297
309 48 45 0.114985
310 48 39 0.021908
311 39 30 0.098984
312 21 18 0.096469
313 46 41 0.138852
314 23 20 0.13662
315 44 40 0.081743
316 44 38 0.035789
317 41 36 0.079999
318 21 18 0.051374
319 41 35 0.066879
320 23 20 0.071298
321 28 25 0.138532
322 33 27 0.21665
323 30 27 0.084286
324 59 49 0.05814
325 23 21 0.075993
326 33 29 0.046002
327 37 35 0.095462
328 46 39 0.06963
329 40 33 0.048606
330 44 35 0.090941
331 44 37 0.047406
332 41 35 0.03458
333 46 40 0.116526
334 37 30 0.036328
335 41 31 0.088818
336 49 45 0.050652
337 44 38 0.141152
338 16 16 0.166697
339 29 23 0.172665
340 13 13 0.144605
341 27 27 0.068948
342 20 17 0.07048
343 46 38 0.146826
344 69 48 0.033139
345 34 26 0.058872
346 31 24 0.075086
347 45 36 0.097126
348 70 57 0.075784
349 30 26 0.111505
350 21 20 0.130692
351 37 32 0.047884
352 32 28 0.092581
353 46 36 0.056197
354 56 50 0.073543
355 53 43 0.060759
356 41 39 0.058515
357 47 42 0.057576
358 33 27 0.075607
359 13 11 0.068497
360 32 26 0.068153
361 35 34 0.064366
362 22 22 0.068367
363 30 29 0.075121
364 44 38 0.041604
365 38 34 0.0458
366 17 15 0.082926
367 24 23 0.066214
368 34 30 0.097372
369 16 16 0.082275
370 37 34 0.06148
371 32 32 0.065281
372 44 38 0.065239
373 38 34 0.074032
374 44 40 0.073656
375 36 30 0.089915
376 62 50 0.049424
377 22 21 0.065233
378 34 28 0.076049
379 42 35 0.080194
380 57 48 0.033241
381 50 45 0.069544
382 42 36 0.045067
383 30 24 0.06474
384 45 39 0.073006
385 28 25 0.051486
386 35 33 0.058834
387 21 17 0.070429
388 29 29 0.042024
389 48 43 0.049013
390 39 30 0.087097
391 47 43 0.063656
392 60 47 0.055957
393 29 26 0.044669
394 24 24 0.048517
395 38 34 0.111136
396 41 35 0.111009
397 52 47 0.065152
398 27 25 0.059735
399 33 28 0.078861
400 42 41 0.047385
401 32 28 0.07163
402 35 28 0.063117
403 46 42 0.049431
404 14 14 0.093391
405 19 17 0.075469
406 46 42 0.033606
407 24 22 0.050881
408 38 36 0.040197
409 41 35 0.08966
410 30 28 0.119417
411 20 20 0.149409
412 38 33 0.061646
413 35 33 0.09199
414 39 34 0.111994
415 45 41 0.05372
416 43 37 0.090061
417 24 19 0.073625
418 36 30 0.048032
419 43 38 0.136609
420 20 17 0.083172
421 25 23 0.3947217
422 65 55 0.6633738
423 39 35 0.3486703
424 52 41 0.1909833
425 39 31 0.6585446
426 42 39 0.2831226
427 38 31 0.1552911
428 35 31 0.33927
429 35 32 0.3220874
430 44 38 0.1032765
431 48 40 0.053918
432 39 33 0.1097366
433 55 48 0.3865284
434 33 30 0.2927623
435 32 29 0.4680385
436 34 32 0.078629
437 27 24 0.0836589
438 45 41 0.0735871
439 24 22 0.1166661
440 21 18 0.1092327
441 38 32 0.0852568
442 31 27 0.0540019
443 54 43 0.0803251
444 40 35 0.2494505
445 43 41 0.0851894
446 41 35 0.1413597
447 56 47 0.0536645
448 40 32 0.1182708
449 46 41 0.0988165
450 24 18 0.1378262
451 26 23 0.1078323
452 41 35 0.0719766
453 24 21 0.1317532
454 51 44 0.1104213
455 39 33 0.0933286
456 19 18 0.1393161
457 27 20 0.395516
458 32 31 0.2456635
459 28 28 0.2695836
460 22 19 0.2589904
461 24 20 0.2858966
462 29 26 0.0792095
463 41 35 0.0964225
464 31 26 0.1906883
465 20 17 0.1776068
466 54 45 0.0807705
467 32 26 0.1602621
468 31 28 0.1747322
469 36 36 0.2306484
470 23 22 0.2189987
471 34 31 0.2611238
472 52 46 0.1431803
473 22 21 0.1301175
474 33 29 0.0930166
475 40 35 0.0671778
476 46 41 0.0690805
477 27 25 0.100944
478 47 42 0.0799011
479 24 21 0.1679519
480 40 36 0.0727263
481 46 45 0.0581752
482 58 51 0.0523223
483 27 24 0.0713965
484 42 40 0.0802732
485 48 39 0.1022907
486 33 32 0.0805532
487 52 45 0.0881649
488 26 24 0.0912061
489 49 41 0.0760561
490 17 17 0.0827883
491 32 32 0.1547666
492 26 24 0.1510686
493 12 10 0.219666
494 24 22 0.1178886
495 47 37 0.0709511
496 42 37 0.104963
497 45 40 0.1147652
498 33 29 0.1088978
499 61 49 0.279387
500 30 29 0.3666122
501 38 29 0.5255107
502 41 36 0.4146637
503 11 11 0.5374623
504 43 38 0.4711578
505 61 52 0.210611
506 45 43 0.2915113
507 35 33 0.1821033
508 37 30 0.3100717
509 43 37 0.2133044
510 28 26 0.1645138
511 29 24 0.1637659
512 29 25 0.1013731
513 48 39 0.0996791
514 31 27 0.2667499
515 18 17 0.2110148
516 27 27 0.2002702
517 21 21 0.1861905
518 22 18 0.1640792
519 20 18 0.1429023
520 50 45 0.1153858
521 32 27 0.170799
522 28 21 0.1687915
523 22 21 0.2623273
524 44 40 0.0825686
525 37 32 0.1301675
526 57 46 0.1540813
527 14 13 0.1329323
528 22 21 0.1016824
529 34 28 0.1132441
530 36 31 0.2649588
531 29 25 0.3338786
532 38 33 0.0964304
533 31 29 0.2097723
534 11 11 0.2498084
535 30 29 0.1713223
536 47 45 0.0736547
537 29 24 0.1991649
538 37 29 0.4292078
539 21 21 0.2742141
540 42 36 0.2084285
541 36 29 0.1751303
542 30 28 0.1641427
543 37 33 0.1409142
544 36 32 0.1772362
545 37 34 0.1031558
546 32 31 0.2611601
547 31 31 0.2416546
548 50 45 0.2449501
549 39 34 0.1891421
550 28 23 0.2466914
551 36 33 0.2848555
552 41 31 0.2356278
553 55 44 0.1284815
554 38 31 0.4168647
555 16 15 0.347715
556 36 33 0.0591903
557 38 34 0.053934
558 27 26 0.0527736
559 46 43 0.0493655
560 47 40 0.0605538
561 25 24 0.101652
562 57 47 0.0756543
563 37 33 0.1001846
564 43 38 0.0608523
565 25 21 0.0509738
566 38 37 0.0613714
567 30 26 0.1159734
568 32 28 0.110168
569 29 27 0.078778
570 15 13 0.0933457
571 27 23 0.1143046
572 43 38 0.0696169
573 22 19 0.0702895
574 37 35 0.3106814
575 41 37 0.3515601
576 13 13 0.3972881
577 28 28 0.4143464
578 32 28 0.4195489
579 31 28 0.2563487
580 60 49 0.2193508
581 37 29 0.086042
582 45 40 0.07498
583 30 25 0.0700153
584 31 28 0.2665722
585 41 34 0.2147682
586 29 29 0.085953
587 22 20 0.2672446
588 38 35 0.0873757
589 26 21 0.064072
590 51 43 0.0760859
591 28 26 0.088784
592 32 30 0.0749739
593 32 27 0.3081122
594 39 32 0.2673711
595 40 34 0.5121032
596 40 35 0.5117165
597 31 27 0.1306117
598 36 29 0.0701971
599 30 29 0.3823247
600 35 33 0.3706952
601 26 22 0.2373825
602 18 16 0.0939248
603 46 41 0.1068169
604 50 37 0.0473443
605 6 6 0.4981184
606 46 39 0.101471
607 37 32 0.0977011
608 31 26 0.0960561
609 26 26 0.0824271
610 46 38 0.3860237
611 47 38 0.3969395
612 25 21 0.6489809
613 35 32 0.3365034
614 26 26 0.5715162
615 27 25 0.5533938
616 28 27 0.5693732
617 37 31 0.5413325
618 25 25 0.0985051
619 29 27 0.4837506
620 59 48 0.058509
621 48 42 0.0878284
622 37 32 0.0588696
623 33 29 0.0983235
624 21 20 0.0819198
625 65 55 0.06236
626 38 29 0.0522687
627 5 5 0.5272916
628 41 30 0.1862022
629 31 27 0.5356934
630 33 29 0.0510756
631 30 25 0.1409064
632 37 36 0.5730958
633 22 20 0.5491206
634 42 37 0.0940806
635 28 27 0.0963327
636 29 22 0.1352742
637 20 19 0.0810295
638 33 29 0.5272967
639 30 27 0.0842556
640 47 39 0.0607468
641 36 31 0.0664482
642 35 30 0.0742991
643 35 28 0.246088
644 34 31 0.3692667
645 51 44 0.3044873
646 23 19 0.3727629
647 35 29 0.1120704
648 31 30 0.0565385
649 45 37 0.1001131
650 45 42 0.076236
651 41 38 0.0580975
652 19 19 0.1044034
653 19 15 0.0988724
654 61 51 0.0627992
655 40 36 0.0624928
656 33 31 0.1076394
657 48 42 0.0985468
658 23 17 0.0907782
659 31 28 0.0662416
660 33 31 0.0645471
661 40 35 0.0719462
662 34 32 0.0674169
663 42 36 0.0783708
664 34 34 0.069834
665 43 39 0.06483
666 47 39 0.0482374
667 31 29 0.0777823
668 42 38 0.0814886
669 33 31 0.087579
670 27 19 0.1154533
671 37 35 0.0623146
672 37 31 0.083002
673 19 18 0.0768418
674 18 18 0.0844068
675 40 36 0.0830169
676 41 34 0.0746137
677 45 36 0.1068091
678 34 32 0.0935715
679 15 14 0.098522
680 80 61 0.0578784
681 70 59 0.0488804
682 32 29 0.0749265
683 28 22 0.0767579
684 26 25 0.0661741
685 49 39 0.061176
686 39 34 0.0731572
687 32 27 0.0785542
688 40 37 0.0689658
689 31 23 0.0720046
690 39 31 0.0533658
691 29 27 0.0636233
692 44 38 0.0610023
693 43 35 0.0627033
694 40 35 0.086319
695 25 22 0.0847923
696 31 29 0.0950839
697 38 33 0.0796837
698 30 27 0.0975266
699 41 36 0.0815143
700 36 32 0.074729
701 29 26 0.0836305
702 19 19 0.0620185
703 32 27 0.0734203
704 51 43 0.0912115
705 37 35 0.0535363
706 33 30 0.0503305
707 30 28 0.0835184
708 36 33 0.1064865
709 48 44 0.1094478
710 30 30 0.0583226
711 48 39 0.0369464
712 47 44 0.0493205
713 31 24 0.0803271
714 58 49 0.0745609
715 32 31 0.0608778
716 27 23 0.0646233
717 24 23 0.0551966
718 39 34 0.0504484
719 31 25 0.0684382
720 47 40 0.0430359
721 50 41 0.0730194
722 42 38 0.0639589
723 29 27 0.0617158
724 41 35 0.0727866
725 47 39 0.0736968
726 35 32 0.1049499
727 37 33 0.0715406
728 31 29 0.0476357
729 57 53 0.0497135
730 40 39 0.0550421
731 48 43 0.045458
732 32 25 0.0952571
733 32 27 0.0856305
734 35 30 0.0830554
735 46 40 0.0690194
736 40 34 0.0955721
737 46 41 0.0479328
738 30 27 0.0581395
739 13 12 0.1071952
740 48 41 0.0552035
741 49 40 0.084636
742 44 36 0.0505874
743 28 22 0.0696112
744 26 22 0.1019791
745 44 35 0.049391
746 36 32 0.0556552
747 24 21 0.0860187
748 51 44 0.0322067
749 39 34 0.0856518
750 41 37 0.1148729
751 27 22 0.1047846
752 46 39 0.0438516
753 35 31 0.0696847
754 32 29 0.054341
755 20 19 0.0758929
756 43 34 0.0588489
757 51 43 0.0922503
758 27 25 0.0648694
759 47 39 0.0669143
760 34 28 0.0735315
761 23 18 0.069546
762 36 34 0.0758872
763 31 28 0.0686262
764 29 25 0.0812364
765 32 29 0.0641869
766 34 26 0.0684983
767 30 24 0.0770204
768 40 36 0.0615989
769 39 33 0.050344
770 34 32 0.0729164
771 27 27 0.068307
772 22 22 0.0682118
773 22 20 0.0649288
774 33 26 0.0872041
775 33 29 0.0630771
776 33 32 0.0796614
777 38 33 0.0685473
778 47 40 0.0574629
779 45 34 0.0623795
780 29 26 0.0433361
781 51 41 0.0486956
782 31 27 0.085197
783 41 31 0.0389823
784 34 31 0.0548209
785 29 27 0.0726996
786 21 19 0.0850696
787 49 43 0.0450535
788 47 41 0.0434316
789 29 26 0.0480178
790 30 26 0.0346927
791 22 19 0.0819928
792 40 33 0.0729049
793 54 45 0.0638132
794 20 20 0.062675
795 21 21 0.0831046
796 32 27 0.0632099
797 48 43 0.0626111
798 27 26 0.0710056
799 46 42 0.0461512
800 71 56 0.0502801
801 25 23 0.058106
802 22 21 0.0531435
803 27 23 0.0825865
804 22 21 0.0897868
805 44 36 0.0509053
806 25 23 0.0747011
807 13 13 0.0583218
808 55 43 0.0522211
809 54 43 0.0500679
810 46 39 0.0304689
811 35 33 0.0459051
812 30 25 0.0577808
813 37 31 0.0816612
814 40 32 0.0591633
815 24 21 0.0811396
816 14 14 0.0822481
817 46 37 0.0504423
818 41 35 0.0942576
819 30 28 0.078965
820 24 23 0.0658785
821 33 27 0.0792495
822 46 37 0.0499802
823 11 10 0.0722816
824 27 23 0.0735497
825 32 32 0.0690938
826 34 30 0.0660428
827 43 38 0.0670925
828 24 22 0.063126
829 46 40 0.038612
830 39 31 0.0456816
831 48 43 0.0531689
832 42 42 0.0548735
833 39 35 0.0606336
834 18 18 0.0640883
835 31 26 0.1056304
836 22 18 0.0901724
837 51 47 0.054871
838 34 30 0.051164
839 36 33 0.0525646
840 32 31 0.0637495
