1 23 20 0.297213
2 18 16 0.062634
3 19 18 0.06605
4 25 23 0.072118
5 27 22 0.082123
6 32 27 0.029637
7 21 18 0.01934
8 19 19 0.070128
9 28 22 0.059348
10 19 17 0.035573
11 29 24 0.039553
12 33 28 0.066793
13 24 19 0.046741
14 12 11 0.029198
15 19 16 0.018304
16 24 22 0.173662
17 19 17 0.02989
18 16 16 0.029582
19 32 27 0.024015
20 21 19 0.030138
21 21 20 0.026426
22 33 26 0.026968
23 21 18 0.021122
24 25 20 0.020927
25 24 21 0.024698
26 22 21 0.026873
27 22 20 0.05893
28 34 28 0.045163
29 21 18 0.058374
30 22 19 0.095503
31 25 21 0.069246
32 15 15 0.02548
33 25 22 0.027096
34 17 16 0.025315
35 19 16 0.019918
36 24 21 0.021482
37 25 22 0.023665
38 17 14 0.022066
39 23 20 0.023411
40 40 33 0.026536
41 33 26 0.045366
42 18 15 0.031284
43 20 14 0.017591
44 18 16 0.04341
45 32 25 0.052519
46 17 16 0.027308
47 26 20 0.024734
48 25 20 0.023977
49 21 16 0.02269
50 29 25 0.023968
51 27 22 0.029129
52 22 20 0.067461
53 18 16 0.031167
54 17 16 0.023007
55 16 13 0.035656
56 14 14 0.021347
57 29 23 0.024402
58 18 16 0.0492
59 26 21 0.028139
60 17 15 0.049002
61 16 14 0.019819
62 12 11 0.030428
63 29 25 0.019262
64 28 24 0.028697
65 17 13 0.03577
66 17 16 0.027697
67 16 15 0.020746
68 25 22 0.027216
69 20 17 0.035992
70 26 24 0.023548
71 11 10 0.022538
72 17 16 0.020582
73 19 15 0.023082
74 10 10 0.021329
75 23 20 0.020663
76 15 13 0.022528
77 42 32 0.037629
78 22 18 0.018648
79 19 18 0.025874
80 18 14 0.049331
81 14 14 0.034062
82 16 15 0.025846
83 23 21 0.040793
84 21 20 0.01933
85 24 20 0.01837
86 17 16 0.019018
87 16 16 0.075385
88 13 13 0.0342
89 16 14 0.030926
90 20 17 0.044034
91 16 15 0.023961
92 27 23 0.025196
93 13 12 0.020763
94 16 14 0.07239
95 26 24 0.020536
96 34 27 0.02592
97 18 15 0.025613
98 24 20 0.021339
99 12 12 0.019776
100 24 21 0.020115
101 22 17 0.039799
102 35 27 0.016023
103 30 23 0.025626
104 15 14 0.044876
105 20 17 0.018972
106 26 20 0.021997
107 12 12 0.023504
108 23 20 0.052948
109 28 24 0.046863
110 14 14 0.04989
111 25 22 0.053871
112 26 23 0.039976
113 26 23 0.058382
114 33 27 0.04417
115 21 16 0.024483
116 29 23 0.071279
117 14 13 0.0379
118 18 16 0.062214
119 14 12 0.030693
120 6 6 0.024267
121 21 20 0.055692
122 15 14 0.021562
123 9 9 0.024009
124 14 13 0.066599
125 22 18 0.048012
126 28 22 0.025173
127 26 22 0.02909
128 16 16 0.02371
129 21 19 0.027148
130 17 17 0.025751
131 8 8 0.029405
132 31 24 0.022495
133 25 23 0.023446
134 25 18 0.019865
135 14 13 0.060019
136 27 24 0.018335
137 15 12 0.021935
138 16 14 0.026448
139 26 22 0.037627
140 28 24 0.024275
141 25 21 0.026316
142 28 19 0.03013
143 23 21 0.020051
144 30 25 0.020397
145 19 17 0.043326
146 24 21 0.034921
147 35 27 0.037971
148 29 23 0.029543
149 10 10 0.025529
150 18 17 0.018432
151 20 18 0.018776
152 21 21 0.019764
153 20 17 0.044382
154 18 16 0.021564
155 15 15 0.075215
156 27 22 0.03604
157 13 11 0.01895
158 17 14 0.016557
159 21 20 0.017204
160 25 21 0.019727
161 18 16 0.025187
162 10 10 0.0215
163 17 17 0.035092
164 14 14 0.03742
165 40 34 0.034665
166 17 14 0.023316
167 15 14 0.021222
168 25 22 0.01898
169 16 13 0.029084
170 13 13 0.026614
171 32 26 0.033267
172 23 21 0.04537
173 16 14 0.017415
174 21 17 0.05218
175 24 21 0.047039
176 31 27 0.066908
177 19 17 0.075491
178 30 25 0.017961
179 17 16 0.038573
180 28 26 0.030615
181 14 12 0.024111
182 29 21 0.021331
183 24 22 0.048341
184 23 20 0.029921
185 25 22 0.041297
186 22 18 0.04763
187 25 23 0.045393
188 21 19 0.023246
189 12 11 0.031293
190 25 21 0.021159
191 9 9 0.035712
192 24 22 0.026582
193 23 19 0.018752
194 14 13 0.028455
195 27 20 0.018061
196 17 16 0.054568
197 18 17 0.070679
198 26 23 0.036945
199 19 17 0.05563
200 14 14 0.041447
201 19 18 0.052127
202 20 18 0.045618
203 25 21 0.058814
204 26 21 0.020461
205 10 10 0.04313
206 21 17 0.073438
207 25 20 0.056566
208 13 12 0.036487
209 27 23 0.024497
210 28 22 0.049655
211 20 16 0.026163
212 20 16 0.028927
213 33 22 0.022264
214 24 22 0.024526
215 20 18 0.055384
216 19 16 0.039215
217 27 22 0.019475
218 15 13 0.022167
219 24 21 0.019042
220 31 25 0.02631
221 22 18 0.018982
222 23 19 0.023692
223 25 20 0.018772
224 20 16 0.035002
225 17 15 0.030474
226 21 18 0.049751
227 25 19 0.03934
228 22 19 0.032981
229 18 17 0.022213
230 16 15 0.039648
231 23 18 0.03096
232 19 18 0.020868
233 26 21 0.024777
234 23 19 0.035779
235 20 15 0.038616
236 12 12 0.044548
237 18 17 0.033523
238 13 13 0.042763
239 25 20 0.021721
240 16 16 0.02338
241 21 19 0.016727
242 20 20 0.018259
243 17 16 0.024032
244 16 14 0.023048
245 24 19 0.028641
246 20 19 0.023336
247 15 14 0.023807
248 21 20 0.02485
249 21 20 0.027312
250 11 11 0.021432
251 18 17 0.025245
252 17 17 0.051399
253 19 16 0.03456
254 15 14 0.025409
255 17 15 0.026477
256 14 14 0.025441
257 15 15 0.020901
258 30 25 0.017845
259 22 20 0.019747
260 26 23 0.039787
261 24 22 0.018915
262 15 15 0.033866
263 23 21 0.027315
264 23 18 0.045948
265 19 16 0.070672
266 13 12 0.045969
267 28 24 0.063453
268 18 16 0.047825
269 31 22 0.024912
270 21 16 0.019002
271 18 17 0.040093
272 11 11 0.053196
273 40 30 0.063141
274 18 16 0.070888
275 18 16 0.037779
276 12 11 0.047276
277 15 15 0.039163
278 27 24 0.041933
279 18 16 0.032147
280 27 23 0.037869
281 13 13 0.054172
282 19 17 0.025337
283 20 16 0.027996
284 17 15 0.022711
285 17 14 0.019347
286 30 29 0.021586
287 20 17 0.020533
288 12 11 0.02471
289 25 20 0.029512
290 26 23 0.023292
291 13 12 0.020328
292 25 21 0.017749
293 15 14 0.056045
294 22 20 0.059485
295 15 13 0.049205
296 16 16 0.068065
297 14 12 0.05056
298 21 19 0.050322
299 31 25 0.063972
300 26 24 0.023376
301 24 23 0.02369
302 17 13 0.022067
303 21 16 0.019503
304 18 17 0.021189
305 20 17 0.020125
306 27 24 0.020005
307 22 20 0.02365
308 16 14 0.025579
309 18 16 0.063259
310 20 19 0.045973
311 19 18 0.033834
312 21 21 0.023335
313 18 15 0.02212
314 26 20 0.024022
315 18 18 0.021778
316 25 19 0.028051
317 16 15 0.020861
318 15 12 0.01798
319 24 21 0.026941
320 21 18 0.025491
321 15 14 0.022829
322 22 20 0.017164
323 17 16 0.057993
324 15 14 0.042151
325 19 16 0.054455
326 7 7 0.03705
327 29 25 0.064404
328 27 22 0.030129
329 12 12 0.026538
330 19 16 0.035464
331 22 18 0.022173
332 19 15 0.055157
333 14 14 0.02361
334 25 21 0.031194
335 17 15 0.036502
336 21 16 0.019383
337 23 23 0.029104
338 19 16 0.049087
339 12 11 0.047832
340 27 21 0.038192
341 30 28 0.034473
342 17 16 0.037572
343 17 15 0.045362
344 17 15 0.042147
345 18 16 0.047322
346 19 16 0.039641
347 18 15 0.038262
348 20 17 0.055041
349 17 14 0.05129
350 18 17 0.069717
351 26 22 0.058062
352 16 14 0.052674
353 18 15 0.044643
354 22 18 0.049434
355 22 18 0.025344
356 16 16 0.021521
357 21 19 0.056015
358 8 8 0.070476
359 15 14 0.026824
360 21 21 0.018917
361 19 19 0.021811
362 12 12 0.022601
363 22 19 0.029582
364 23 18 0.019333
365 17 14 0.021323
366 26 21 0.020052
367 22 19 0.022709
368 22 19 0.05073
369 14 12 0.026522
370 27 24 0.03274
371 26 22 0.025973
372 20 18 0.049272
373 22 20 0.058074
374 18 16 0.020111
375 16 14 0.068816
376 17 14 0.023837
377 21 18 0.044479
378 11 11 0.025389
379 30 26 0.026939
380 33 26 0.024148
381 20 19 0.041312
382 30 25 0.069343
383 25 21 0.041229
384 19 19 0.022846
385 23 20 0.025
386 36 28 0.02445
387 21 16 0.024635
388 15 15 0.024979
389 20 17 0.040079
390 13 13 0.024568
391 22 19 0.025652
392 28 25 0.024942
393 28 20 0.024083
394 18 18 0.023092
395 8 8 0.053979
396 24 19 0.030015
397 24 22 0.022041
398 17 15 0.021717
399 19 17 0.025483
400 21 16 0.023161
401 23 22 0.030556
402 16 13 0.02186
403 26 21 0.060248
404 22 17 0.022156
405 16 15 0.024408
406 11 11 0.024262
407 21 18 0.031876
408 16 13 0.018308
409 27 22 0.02708
410 16 15 0.026005
411 15 13 0.021543
412 16 16 0.019749
413 30 26 0.020876
414 20 18 0.020797
415 20 19 0.024175
416 19 16 0.021983
417 21 21 0.022705
418 29 24 0.03066
419 33 32 0.028979
420 32 24 0.025679
421 31 22 0.1677672
422 14 13 0.0796689
423 9 9 0.110244
424 25 21 0.0669979
425 21 19 0.1108147
426 14 14 0.0484402
427 25 22 0.0593159
428 25 21 0.0626919
429 24 21 0.0339231
430 24 20 0.045648
431 18 16 0.0524856
432 10 10 0.0415586
433 20 16 0.0681162
434 13 12 0.0542346
435 20 16 0.0340591
436 13 11 0.044199
437 8 8 0.0804367
438 19 17 0.0883798
439 16 15 0.0366651
440 18 16 0.065366
441 14 12 0.0417134
442 23 18 0.0492892
443 23 22 0.0356314
444 10 9 0.0537523
445 23 20 0.0467371
446 28 24 0.0493182
447 24 24 0.0423348
448 25 21 0.0401139
449 13 11 0.0359013
450 25 22 0.0428344
451 16 13 0.0289164
452 20 18 0.0411999
453 18 16 0.0391838
454 15 14 0.049508
455 22 21 0.039843
456 20 17 0.0322143
457 16 14 0.0344815
458 20 19 0.0415305
459 21 18 0.0326551
460 19 17 0.031588
461 19 18 0.0439525
462 33 26 0.0440053
463 16 16 0.0522608
464 20 16 0.0368361
465 37 29 0.04982
466 13 12 0.037905
467 13 13 0.0361195
468 25 22 0.0530807
469 24 19 0.0438102
470 24 22 0.037995
471 22 21 0.044236
472 9 9 0.0402188
473 34 29 0.0286912
474 22 19 0.0569728
475 28 24 0.0406672
476 26 23 0.0433347
477 25 22 0.0522579
478 36 26 0.0378429
479 20 19 0.0442922
480 23 19 0.0551572
481 18 18 0.0553807
482 9 9 0.0311967
483 28 23 0.0350718
484 17 15 0.0417854
485 19 16 0.0314797
486 31 27 0.0570917
487 20 17 0.0432955
488 19 19 0.0528106
489 27 24 0.0407013
490 19 15 0.0380945
491 17 16 0.0377717
492 34 28 0.0331881
493 20 19 0.0469676
494 25 20 0.0449868
495 26 21 0.0619775
496 13 11 0.0326442
497 14 13 0.0421683
498 25 22 0.0453389
499 32 24 0.0633463
500 20 17 0.0399812
501 26 20 0.0495337
502 13 12 0.0414897
503 41 33 0.0339919
504 28 24 0.0485891
505 13 13 0.0590646
506 15 12 0.0427236
507 28 26 0.0323878
508 16 15 0.0424459
509 16 15 0.0444471
510 16 15 0.0417482
511 16 15 0.0391145
512 17 16 0.0384816
513 24 20 0.0465134
514 22 19 0.0313004
515 18 15 0.0429025
516 33 31 0.0393557
517 20 19 0.0668519
518 15 13 0.0537507
519 26 21 0.0449406
520 24 22 0.0618517
521 24 22 0.0507069
522 26 20 0.0366175
523 24 21 0.0325004
524 21 19 0.0330411
525 19 19 0.0505494
526 12 12 0.0383504
527 21 19 0.0402222
528 21 18 0.0538647
529 23 21 0.0335681
530 13 13 0.0596386
531 25 18 0.0417887
532 23 20 0.0423883
533 11 11 0.0490317
534 12 12 0.0629912
535 22 20 0.0423689
536 33 28 0.0510982
537 27 21 0.0308651
538 45 38 0.0316702
539 18 17 0.0326522
540 15 15 0.0381544
541 17 15 0.0560091
542 14 13 0.0329746
543 32 26 0.0303999
544 19 19 0.06464
545 21 19 0.0416613
546 14 13 0.040712
547 21 19 0.0465137
548 17 14 0.0434558
549 31 24 0.0451662
550 31 26 0.048643
551 26 22 0.0472708
552 34 29 0.037393
553 19 18 0.0513344
554 26 19 0.0367638
555 26 23 0.0468199
556 19 18 0.0601325
557 24 21 0.0451432
558 13 12 0.0370951
559 15 14 0.0405415
560 10 9 0.0337362
561 15 15 0.061836
562 21 17 0.0374158
563 24 21 0.0363225
564 16 15 0.0423862
565 30 26 0.0509151
566 19 19 0.0614557
567 14 12 0.0435451
568 24 20 0.0426006
569 10 9 0.054433
570 16 14 0.0394604
571 11 11 0.052523
572 19 16 0.0575715
573 21 18 0.0569194
574 27 21 0.0386474
575 20 16 0.0371695
576 9 9 0.0363361
577 23 22 0.0420479
578 17 15 0.0291972
579 24 19 0.0571805
580 24 21 0.0375682
581 28 20 0.042166
582 24 23 0.0389946
583 25 23 0.0619615
584 24 20 0.0355434
585 22 19 0.0444956
586 23 18 0.0387708
587 29 21 0.0290033
588 25 21 0.0315463
589 10 9 0.0391417
590 34 26 0.0621317
591 11 10 0.0409942
592 31 24 0.0636575
593 24 21 0.0501599
594 12 12 0.038146
595 11 10 0.0343933
596 23 17 0.0369857
597 9 9 0.0414215
598 27 22 0.0279562
599 17 15 0.0271728
600 9 9 0.036534
601 22 22 0.0377644
602 36 30 0.0317029
603 43 32 0.031858
604 20 19 0.0383215
605 17 15 0.0407758
606 19 17 0.0369105
607 31 25 0.051662
608 23 19 0.0357475
609 23 22 0.0462647
610 18 17 0.0589543
611 25 24 0.0298982
612 16 16 0.0474613
613 19 16 0.0575537
614 18 15 0.0388437
615 24 23 0.0631421
616 17 13 0.0365833
617 24 20 0.0496244
618 22 19 0.0419073
619 22 19 0.0497916
620 10 10 0.037387
621 29 24 0.0543843
622 20 16 0.0593503
623 20 19 0.0495754
624 21 19 0.055102
625 16 13 0.0418338
626 29 26 0.0468145
627 24 21 0.0446641
628 28 26 0.0529416
629 27 24 0.03551
630 20 18 0.0587219
631 18 16 0.0295511
632 19 16 0.0535446
633 16 13 0.0555164
634 29 24 0.0428428
635 27 22 0.0362259
636 30 25 0.0322196
637 20 18 0.0378796
638 39 26 0.0239003
639 21 18 0.0379767
640 24 20 0.046951
641 18 14 0.0313063
642 28 22 0.0365369
643 18 15 0.0436103
644 20 19 0.0323414
645 18 18 0.0374026
646 28 24 0.0366976
647 20 19 0.0349676
648 18 15 0.0370348
649 31 28 0.0299856
650 20 18 0.028866
651 20 18 0.0306179
652 19 18 0.0313026
653 24 20 0.0297482
654 11 10 0.0303963
655 19 16 0.0294236
656 19 17 0.0345929
657 20 19 0.0711061
658 18 16 0.0334255
659 15 15 0.0324723
660 22 21 0.039236
661 16 15 0.0298147
662 16 13 0.0606482
663 20 18 0.0329792
664 19 17 0.0362051
665 19 19 0.0291109
666 27 24 0.0309614
667 29 26 0.0246885
668 25 23 0.0335396
669 22 19 0.0362009
670 26 21 0.0333381
671 21 18 0.0289758
672 11 11 0.0344349
673 8 7 0.03437
674 12 11 0.031046
675 19 15 0.0253561
676 20 18 0.0309491
677 16 14 0.0334355
678 21 18 0.0298235
679 19 18 0.0310201
680 9 9 0.0340436
681 16 14 0.0300726
682 16 13 0.0296572
683 16 14 0.0351205
684 22 19 0.0329446
685 23 19 0.0244714
686 18 17 0.0320276
687 24 20 0.0321272
688 29 25 0.0340122
689 15 15 0.0396253
690 23 21 0.0312713
691 39 29 0.0267545
692 18 16 0.0357958
693 28 25 0.0370813
694 20 16 0.034978
695 18 18 0.0302974
696 34 26 0.0319748
697 18 16 0.0385243
698 17 15 0.0464516
699 25 21 0.0470496
700 23 19 0.0280656
701 32 26 0.027368
702 23 19 0.0775099
703 24 21 0.0483113
704 17 16 0.0434725
705 22 17 0.0311656
706 20 19 0.0354765
707 20 18 0.0349711
708 25 20 0.056082
709 17 14 0.0378251
710 26 22 0.029386
711 14 14 0.0355745
712 8 7 0.0357029
713 21 18 0.0338579
714 19 19 0.0275809
715 29 23 0.0326025
716 22 18 0.0298962
717 28 23 0.0322026
718 13 13 0.0282911
719 10 10 0.0310989
720 26 23 0.0391844
721 31 25 0.0324768
722 36 28 0.0287231
723 16 15 0.0393739
724 17 16 0.0289217
725 19 17 0.0381625
726 23 22 0.0310299
727 27 23 0.0234164
728 30 27 0.0293849
729 20 16 0.0259885
730 19 18 0.0249948
731 12 10 0.0327494
732 21 19 0.0336042
733 19 17 0.0300407
734 11 11 0.0316395
735 28 22 0.0283453
736 16 15 0.0364429
737 21 17 0.0326438
738 25 22 0.029682
739 33 24 0.0326537
740 28 22 0.0378581
741 8 8 0.0657011
742 19 15 0.035797
743 25 24 0.0402436
744 13 12 0.0321128
745 32 25 0.0347604
746 21 20 0.0346765
747 14 12 0.0364032
748 15 12 0.029852
749 26 23 0.0326021
750 20 19 0.0325427
751 11 11 0.0380476
752 25 21 0.0389113
753 32 23 0.0567988
754 22 19 0.048545
755 23 22 0.0378328
756 14 14 0.0331558
757 12 11 0.0460732
758 29 20 0.0275504
759 33 30 0.0392966
760 20 17 0.0367254
761 29 26 0.0394255
762 23 19 0.0434829
763 20 17 0.0548229
764 18 16 0.0560916
765 13 13 0.0336371
766 24 21 0.0317716
767 18 16 0.0406265
768 26 19 0.0363224
769 29 24 0.0322788
770 17 17 0.0312227
771 15 13 0.0338445
772 11 11 0.0479169
773 22 17 0.0581719
774 14 13 0.0458692
775 22 21 0.0342069
776 16 16 0.045642
777 21 18 0.0400976
778 22 18 0.0378469
779 17 16 0.0490433
780 12 12 0.0383124
781 19 16 0.0302215
782 19 17 0.0428056
783 12 10 0.0482914
784 12 12 0.0315373
785 24 19 0.0472512
786 19 18 0.0352837
787 19 18 0.0424563
788 28 24 0.0335654
789 21 19 0.0342534
790 9 9 0.0311556
791 21 18 0.0623869
792 21 21 0.0448149
793 16 14 0.0311274
794 34 28 0.0379877
795 11 11 0.0314622
796 12 12 0.0319019
797 30 26 0.0340514
798 24 20 0.0378989
799 22 19 0.0366648
800 28 23 0.0345879
801 15 15 0.0350087
802 34 28 0.0257629
803 26 24 0.0441466
804 14 14 0.0395015
805 24 21 0.02799
806 16 14 0.0364049
807 35 26 0.027926
808 17 13 0.0372717
809 24 23 0.0370557
810 19 16 0.0322029
811 15 14 0.0285005
812 25 20 0.0280411
813 22 21 0.0339373
814 18 18 0.031282
815 22 18 0.0470269
816 18 16 0.0278001
817 22 21 0.0311913
818 19 18 0.0331263
819 18 16 0.0303691
820 33 25 0.0271057
821 23 18 0.0331264
822 24 20 0.0378053
823 29 22 0.0341804
824 25 21 0.0407733
825 18 13 0.032061
826 12 12 0.0278501
827 28 20 0.0277611
828 19 17 0.0360098
829 38 31 0.0347875
830 20 18 0.0352703
831 17 14 0.033443
832 9 9 0.0337659
833 17 15 0.0316735
834 18 17 0.0403426
835 23 18 0.0327686
836 17 15 0.0394213
837 21 18 0.0353139
838 25 22 0.0284437
839 19 15 0.0321244
840 22 20 0.0363449
