1 9 8 0.112114
2 8 8 0.071717
3 7 7 0.017346
4 8 8 0.02255
5 8 8 0.03472
6 8 8 0.030019
7 8 8 0.010502
8 11 8 0.018895
9 12 9 0.014955
10 9 9 0.011158
11 7 7 0.022123
12 9 8 0.011851
13 12 9 0.011404
14 9 9 0.023786
15 10 9 0.0095
16 7 7 0.010445
17 8 8 0.011108
18 10 9 0.009452
19 10 9 0.010086
20 9 8 0.03586
21 8 8 0.021361
22 9 9 0.010152
23 8 8 0.024548
24 8 8 0.011269
25 7 7 0.010913
26 9 9 0.03192
27 8 8 0.027428
28 7 7 0.011501
29 8 8 0.011016
30 9 8 0.011248
31 8 8 0.018657
32 9 8 0.010825
33 7 7 0.011672
34 7 7 0.018645
35 8 8 0.011462
36 8 8 0.011958
37 8 8 0.011782
38 9 8 0.010968
39 8 8 0.011103
40 8 8 0.011421
41 8 8 0.011019
42 8 8 0.011441
43 10 9 0.010991
44 8 8 0.017063
45 9 9 0.010657
46 8 8 0.016739
47 9 9 0.011055
48 9 8 0.031012
49 10 9 0.050988
50 10 9 0.035568
51 10 9 0.02754
52 7 7 0.033776
53 8 8 0.027326
54 10 9 0.011594
55 7 7 0.010597
56 8 8 0.011459
57 10 9 0.02682
58 9 9 0.01065
59 8 8 0.027296
60 9 9 0.03561
61 10 9 0.011046
62 7 7 0.011512
63 9 9 0.010892
64 8 8 0.010566
65 8 8 0.022787
66 9 9 0.010789
67 7 7 0.027421
68 10 8 0.010169
69 7 7 0.011246
70 8 8 0.010391
71 10 8 0.010671
72 7 7 0.010933
73 8 8 0.01065
74 9 8 0.011309
75 8 8 0.0111
76 9 9 0.010876
77 8 8 0.010983
78 9 9 0.010313
79 7 7 0.023614
80 8 8 0.034376
81 9 9 0.023601
82 10 8 0.018655
83 8 8 0.011272
84 10 8 0.010789
85 9 8 0.010881
86 9 9 0.026995
87 9 8 0.010572
88 8 8 0.011039
89 8 8 0.011092
90 9 9 0.010775
91 8 8 0.010826
92 7 7 0.010968
93 9 8 0.010628
94 9 9 0.02029
95 9 9 0.01074
96 10 9 0.022997
97 10 9 0.025962
98 8 8 0.010781
99 7 7 0.046028
100 7 7 0.010752
101 8 8 0.028754
102 9 8 0.02708
103 7 7 0.041181
104 8 8 0.039705
105 9 8 0.030775
106 8 8 0.023417
107 8 8 0.026528
108 11 9 0.025825
109 12 9 0.025802
110 11 9 0.030178
111 8 8 0.030465
112 8 8 0.030942
113 8 8 0.03485
114 9 8 0.015589
115 9 9 0.027866
116 7 7 0.040559
117 9 9 0.026781
118 10 8 0.034442
119 10 8 0.041377
120 7 7 0.035415
121 8 8 0.04478
122 9 9 0.043402
123 10 9 0.034856
124 7 7 0.034711
125 11 9 0.044958
126 7 7 0.019847
127 12 9 0.037986
128 9 8 0.047106
129 8 8 0.047394
130 9 8 0.039792
131 8 8 0.051024
132 8 8 0.042671
133 9 9 0.030869
134 8 8 0.031395
135 7 7 0.025646
136 9 9 0.051156
137 8 8 0.035055
138 7 7 0.028464
139 10 9 0.042621
140 8 8 0.058753
141 7 7 0.043624
142 10 8 0.030777
143 8 8 0.010542
144 9 9 0.026273
145 8 8 0.034644
146 8 8 0.030838
147 9 9 0.034078
148 8 8 0.02264
149 8 8 0.029115
150 8 8 0.027214
151 9 8 0.050516
152 9 9 0.030883
153 8 8 0.026588
154 10 9 0.027964
155 7 7 0.042018
156 8 8 0.036966
157 8 8 0.061298
158 8 8 0.051625
159 9 8 0.043322
160 11 9 0.013536
161 8 8 0.051254
162 9 9 0.038316
163 9 9 0.026845
164 10 9 0.039562
165 10 9 0.024008
166 7 7 0.014447
167 8 8 0.031377
168 8 8 0.032975
169 10 9 0.018243
170 10 9 0.01856
171 8 8 0.010225
172 8 8 0.010384
173 8 8 0.011096
174 7 7 0.010761
175 8 8 0.010941
176 10 9 0.010145
177 7 7 0.021917
178 9 9 0.014373
179 9 9 0.009621
180 10 9 0.020058
181 7 7 0.010194
182 9 8 0.021075
183 8 8 0.010176
184 12 9 0.009664
185 10 9 0.010888
186 9 8 0.010064
187 8 8 0.010367
188 7 7 0.010511
189 7 7 0.010457
190 8 8 0.010193
191 11 9 0.009948
192 9 8 0.010085
193 8 8 0.010319
194 10 9 0.017191
195 9 9 0.009812
196 10 9 0.025714
197 9 9 0.013915
198 8 8 0.009675
199 10 9 0.009974
200 9 8 0.013866
201 7 7 0.010181
202 9 9 0.026319
203 9 8 0.010079
204 7 7 0.01018
205 9 8 0.009966
206 7 7 0.010602
207 8 8 0.010303
208 8 8 0.01069
209 8 8 0.010372
210 8 8 0.010455
211 8 8 0.010614
212 7 7 0.010438
213 9 9 0.010115
214 9 9 0.012328
215 7 7 0.010394
216 8 8 0.010263
217 7 7 0.009425
218 9 8 0.009387
219 8 8 0.017274
220 7 7 0.024289
221 7 7 0.010122
222 7 7 0.010106
223 9 8 0.009969
224 10 9 0.009787
225 8 8 0.009673
226 11 9 0.008524
227 9 9 0.009305
228 10 9 0.00992
229 7 7 0.009707
230 9 8 0.009952
231 11 9 0.009686
232 9 9 0.010078
233 9 9 0.009619
234 9 8 0.010136
235 9 9 0.010082
236 8 8 0.010133
237 8 8 0.020744
238 9 9 0.009516
239 8 8 0.010034
240 9 8 0.009801
241 8 8 0.009537
242 9 9 0.009363
243 9 9 0.009719
244 9 8 0.008981
245 8 8 0.009493
246 8 8 0.01021
247 13 9 0.009326
248 10 9 0.009964
249 7 7 0.010263
250 9 8 0.010104
251 7 7 0.010218
252 10 9 0.00947
253 9 9 0.010046
254 9 8 0.010044
255 9 9 0.009901
256 8 8 0.010479
257 8 8 0.010493
258 9 9 0.010586
259 10 9 0.010566
260 8 8 0.010873
261 7 7 0.011499
262 10 9 0.01024
263 8 8 0.010334
264 8 8 0.010759
265 9 9 0.010403
266 9 9 0.010987
267 7 7 0.010591
268 8 8 0.011456
269 8 8 0.02058
270 8 8 0.035531
271 8 8 0.018065
272 7 7 0.011424
273 8 8 0.011035
274 7 7 0.016217
275 7 7 0.014344
276 9 8 0.027011
277 9 9 0.02705
278 9 9 0.027139
279 7 7 0.035192
280 7 7 0.021888
281 9 9 0.036614
282 8 8 0.028392
283 9 8 0.02329
284 9 9 0.023742
285 10 9 0.027362
286 8 8 0.032518
287 9 9 0.036397
288 9 8 0.024536
289 7 7 0.028977
290 7 7 0.024673
291 8 8 0.028773
292 7 7 0.01303
293 10 9 0.036199
294 7 7 0.028309
295 8 8 0.023247
296 9 9 0.020113
297 10 8 0.011446
298 8 8 0.02833
299 8 8 0.035902
300 8 8 0.027315
301 9 9 0.010922
302 9 9 0.041999
303 8 8 0.011024
304 8 8 0.027133
305 8 8 0.027224
306 10 9 0.024225
307 9 8 0.023669
308 8 8 0.010047
309 9 9 0.023938
310 7 7 0.027198
311 8 8 0.026932
312 7 7 0.022495
313 8 8 0.046551
314 11 9 0.025357
315 10 9 0.009847
316 8 8 0.034455
317 8 8 0.010234
318 8 8 0.025891
319 10 9 0.025749
320 12 9 0.019543
321 7 7 0.025891
322 9 9 0.009838
323 7 7 0.009122
324 9 8 0.010037
325 9 8 0.010615
326 9 9 0.01037
327 9 9 0.010913
328 11 9 0.010183
329 7 7 0.010566
330 8 8 0.017184
331 10 9 0.026766
332 8 8 0.028318
333 11 9 0.011587
334 8 8 0.039333
335 9 9 0.036896
336 9 8 0.034527
337 8 8 0.010313
338 7 7 0.01345
339 8 8 0.010003
340 8 8 0.024628
341 10 9 0.026514
342 10 8 0.009851
343 9 8 0.01902
344 9 9 0.010917
345 9 8 0.010748
346 7 7 0.027084
347 10 9 0.026418
348 8 8 0.010656
349 8 8 0.01134
350 11 9 0.012481
351 8 8 0.010355
352 10 8 0.010272
353 10 9 0.010525
354 8 8 0.010289
355 10 8 0.010012
356 8 8 0.009786
357 9 8 0.011017
358 9 9 0.014797
359 9 8 0.010371
360 8 8 0.01054
361 10 9 0.015361
362 9 8 0.010826
363 8 8 0.010482
364 8 8 0.010421
365 8 8 0.01033
366 7 7 0.01081
367 7 7 0.010449
368 9 9 0.010775
369 8 8 0.010068
370 10 9 0.009601
371 8 8 0.010618
372 13 9 0.009605
373 11 9 0.010018
374 9 9 0.01016
375 8 8 0.010434
376 9 9 0.010403
377 10 9 0.009597
378 9 8 0.009049
379 9 8 0.015486
380 10 9 0.01057
381 9 8 0.010442
382 8 8 0.010614
383 10 9 0.010034
384 7 7 0.01114
385 9 9 0.01076
386 9 9 0.010946
387 8 8 0.010947
388 10 9 0.010478
389 10 9 0.010404
390 7 7 0.010905
391 10 9 0.010674
392 8 8 0.012356
393 8 8 0.011118
394 9 8 0.010262
395 8 8 0.011099
396 7 7 0.011201
397 7 7 0.010721
398 8 8 0.010701
399 8 8 0.01118
400 10 8 0.010388
401 7 7 0.010327
402 7 7 0.010127
403 9 9 0.010733
404 9 8 0.010086
405 10 8 0.010363
406 8 8 0.010558
407 9 9 0.010263
408 9 9 0.01071
409 7 7 0.010921
410 9 9 0.010617
411 7 7 0.011013
412 9 8 0.010603
413 7 7 0.010938
414 9 8 0.010604
415 10 9 0.015215
416 8 8 0.011055
417 9 9 0.026761
418 10 9 0.009989
419 8 8 0.010675
420 8 8 0.012207
421 9 8 0.2145636
422 8 8 0.0658257
423 9 8 0.0445236
424 9 8 0.0374989
425 8 8 0.0471579
426 8 8 0.0347963
427 8 8 0.03264
428 9 9 0.0477388
429 9 8 0.0296895
430 8 8 0.0302515
431 9 8 0.0248691
432 7 7 0.0232409
433 9 9 0.0488567
434 8 8 0.0350406
435 7 7 0.0185744
436 8 8 0.0203587
437 8 8 0.0223323
438 8 8 0.0158792
439 7 7 0.0220225
440 8 8 0.0296164
441 8 8 0.0208709
442 8 8 0.0155766
443 7 7 0.0188896
444 8 8 0.0187713
445 7 7 0.0188945
446 9 8 0.0169067
447 9 9 0.0172327
448 9 9 0.025052
449 7 7 0.0172868
450 10 8 0.0154205
451 9 9 0.0218412
452 7 7 0.0192616
453 9 9 0.0179778
454 8 8 0.019849
455 11 9 0.0208143
456 9 8 0.0196465
457 8 8 0.0204969
458 8 8 0.0181544
459 9 8 0.0223739
460 8 8 0.0167744
461 8 8 0.0159458
462 7 7 0.0214183
463 8 8 0.0187855
464 11 9 0.0164227
465 7 7 0.0187632
466 9 9 0.0202813
467 9 9 0.0208579
468 8 8 0.0203336
469 8 8 0.0198408
470 8 8 0.0160601
471 7 7 0.0187063
472 8 8 0.0209757
473 9 9 0.0152209
474 8 8 0.0407471
475 10 9 0.0198234
476 8 8 0.020452
477 11 8 0.0503066
478 9 9 0.0170258
479 9 9 0.0213183
480 11 8 0.0213545
481 8 8 0.0170555
482 7 7 0.024077
483 9 8 0.0172296
484 9 8 0.0233806
485 7 7 0.0186482
486 9 8 0.0166906
487 7 7 0.0180205
488 8 8 0.018197
489 10 8 0.0280576
490 7 7 0.0196547
491 10 8 0.0224748
492 8 8 0.0204256
493 7 7 0.0216666
494 7 7 0.0163598
495 9 9 0.0156016
496 8 8 0.0191902
497 8 8 0.0167422
498 7 7 0.0237571
499 9 9 0.0303286
500 8 8 0.0349756
501 9 9 0.0211381
502 9 8 0.0161148
503 9 9 0.0238037
504 7 7 0.0189675
505 10 9 0.018214
506 7 7 0.0219654
507 8 8 0.0166992
508 10 9 0.0161064
509 9 9 0.0209527
510 9 8 0.0161803
511 9 9 0.0204329
512 8 8 0.0187321
513 10 9 0.0182426
514 11 9 0.021666
515 7 7 0.0180869
516 9 9 0.019357
517 7 7 0.020086
518 7 7 0.0200425
519 9 8 0.021363
520 7 7 0.0172155
521 10 8 0.0154217
522 10 9 0.0188369
523 8 8 0.0193289
524 9 8 0.0157614
525 9 9 0.0391172
526 8 8 0.0224595
527 12 9 0.0193559
528 9 8 0.0255618
529 7 7 0.0210731
530 9 8 0.02162
531 7 7 0.022577
532 10 9 0.032408
533 8 8 0.0164644
534 10 9 0.017596
535 8 8 0.0175613
536 7 7 0.0176267
537 8 8 0.0193898
538 7 7 0.0213792
539 9 8 0.0168835
540 8 8 0.0182437
541 7 7 0.0225541
542 8 8 0.0159635
543 9 8 0.0202776
544 10 9 0.0169822
545 9 8 0.0195486
546 8 8 0.016908
547 8 8 0.0184992
548 7 7 0.0184299
549 7 7 0.0177495
550 7 7 0.0163366
551 9 8 0.0156654
552 9 9 0.0149927
553 9 8 0.0167706
554 8 8 0.0169353
555 10 9 0.0198246
556 10 9 0.0186995
557 11 9 0.0173009
558 9 9 0.0197284
559 8 8 0.0163153
560 7 7 0.0202498
561 10 9 0.0162496
562 9 9 0.0159685
563 8 8 0.019975
564 9 8 0.0191117
565 11 9 0.0162133
566 8 8 0.0157725
567 7 7 0.0243148
568 9 8 0.0154607
569 9 8 0.0201549
570 8 8 0.0158687
571 8 8 0.0205374
572 9 8 0.0194499
573 9 8 0.0169188
574 8 8 0.019018
575 9 9 0.0169496
576 8 8 0.0161516
577 10 9 0.0146081
578 8 8 0.0209158
579 9 9 0.0206715
580 7 7 0.02243
581 8 8 0.0210402
582 8 8 0.0173264
583 8 8 0.0175702
584 9 8 0.0854894
585 7 7 0.0237708
586 8 8 0.0187647
587 7 7 0.0216801
588 8 8 0.0186688
589 10 8 0.0235951
590 10 8 0.0172555
591 9 9 0.0166707
592 8 8 0.0240662
593 12 9 0.0173158
594 8 8 0.0166715
595 8 8 0.0232066
596 9 8 0.0171501
597 7 7 0.0228758
598 8 8 0.0267683
599 10 9 0.0157899
600 8 8 0.0192256
601 7 7 0.0264075
602 9 9 0.0178886
603 8 8 0.0196699
604 9 9 0.0154005
605 8 8 0.0184129
606 9 8 0.0193971
607 9 9 0.0177988
608 7 7 0.0227968
609 9 9 0.0236375
610 10 8 0.0217612
611 9 9 0.0245627
612 8 8 0.0204529
613 10 8 0.0168154
614 8 8 0.0245033
615 9 8 0.0182095
616 9 9 0.0214765
617 8 8 0.0164083
618 9 8 0.0156951
619 10 9 0.0193535
620 8 8 0.01825
621 8 8 0.0150884
622 7 7 0.0154408
623 8 8 0.0182011
624 9 8 0.0166289
625 8 8 0.0176944
626 9 9 0.0159032
627 9 9 0.0197964
628 7 7 0.0512792
629 9 9 0.0207096
630 8 8 0.0201214
631 9 9 0.0173819
632 9 9 0.0217594
633 9 9 0.0227624
634 9 8 0.0171207
635 7 7 0.017271
636 9 8 0.0178889
637 9 8 0.0157823
638 9 8 0.0180042
639 9 9 0.0219771
640 12 9 0.0152457
641 9 9 0.019704
642 8 8 0.0177832
643 8 8 0.0191433
644 9 9 0.0151591
645 9 8 0.0154373
646 9 8 0.0153459
647 10 9 0.0164318
648 8 8 0.0176542
649 9 9 0.0173305
650 8 8 0.0170238
651 9 9 0.0158569
652 9 8 0.0187653
653 8 8 0.0397694
654 8 8 0.0170169
655 10 9 0.0153302
656 10 9 0.0169187
657 8 8 0.0201235
658 10 9 0.0165654
659 8 8 0.0156862
660 7 7 0.0188932
661 7 7 0.0209843
662 7 7 0.0195045
663 8 8 0.0189009
664 10 9 0.01699
665 8 8 0.0174244
666 10 9 0.0188563
667 9 9 0.0189996
668 11 9 0.0180809
669 8 8 0.0173387
670 8 8 0.0155951
671 7 7 0.0163606
672 12 9 0.0152711
673 10 9 0.0181751
674 8 8 0.0209615
675 8 8 0.0168395
676 9 9 0.0177114
677 7 7 0.0190417
678 12 9 0.016392
679 9 9 0.0170816
680 7 7 0.0154017
681 7 7 0.0148259
682 9 9 0.0161978
683 8 8 0.0203626
684 9 9 0.0162685
685 8 8 0.0212644
686 8 8 0.0187706
687 10 9 0.0185324
688 7 7 0.0180329
689 9 8 0.0167397
690 9 9 0.0197638
691 9 9 0.0184459
692 8 8 0.0162333
693 8 8 0.02733
694 8 8 0.0217752
695 8 8 0.0167992
696 9 8 0.0154218
697 10 9 0.018113
698 8 8 0.0158555
699 9 8 0.0241697
700 8 8 0.0301919
701 7 7 0.0275821
702 9 9 0.0183337
703 10 9 0.0169552
704 9 9 0.0161291
705 8 8 0.0250561
706 9 9 0.0181263
707 7 7 0.0203056
708 8 8 0.017102
709 7 7 0.0183489
710 8 8 0.0207505
711 8 8 0.0150253
712 7 7 0.0208993
713 8 8 0.0174059
714 8 8 0.0178164
715 9 9 0.0207563
716 9 8 0.016899
717 11 9 0.0185035
718 8 8 0.0221037
719 9 9 0.0282565
720 9 8 0.0292822
721 10 9 0.0180954
722 8 8 0.0195041
723 9 8 0.0174991
724 10 9 0.0199893
725 9 8 0.015682
726 8 8 0.0196161
727 10 9 0.019014
728 8 8 0.0195807
729 8 8 0.0178971
730 7 7 0.0204161
731 8 8 0.0228243
732 10 9 0.0236307
733 7 7 0.0219912
734 7 7 0.0184903
735 10 9 0.0166688
736 8 8 0.018062
737 8 8 0.0168205
738 7 7 0.0213707
739 10 9 0.0191451
740 8 8 0.0190972
741 7 7 0.0247212
742 9 9 0.0228316
743 8 8 0.0158864
744 9 8 0.0308532
745 9 9 0.0193827
746 9 8 0.0145611
747 9 9 0.0249045
748 8 8 0.01878
749 8 8 0.0191854
750 8 8 0.0197569
751 7 7 0.0481698
752 7 7 0.0205396
753 7 7 0.018975
754 9 8 0.0151685
755 7 7 0.0212326
756 7 7 0.0215652
757 8 8 0.0208606
758 9 8 0.0180805
759 10 8 0.0162947
760 9 8 0.0215202
761 9 8 0.0228064
762 8 8 0.0150332
763 7 7 0.0202814
764 10 8 0.0163095
765 10 9 0.0173625
766 8 8 0.0177262
767 11 9 0.0163217
768 9 9 0.0170172
769 8 8 0.0159169
770 8 8 0.0157085
771 8 8 0.018245
772 9 8 0.0171175
773 7 7 0.0187417
774 8 8 0.0214362
775 8 8 0.0174892
776 8 8 0.0190824
777 7 7 0.0154523
778 8 8 0.0156204
779 10 9 0.0220726
780 8 8 0.0180014
781 10 9 0.0166823
782 7 7 0.0215337
783 9 8 0.0174356
784 9 9 0.0150927
785 9 8 0.0196037
786 9 9 0.0157666
787 8 8 0.0199325
788 8 8 0.0169119
789 7 7 0.0188093
790 8 8 0.0201877
791 9 8 0.0164038
792 8 8 0.0148426
793 10 9 0.0160732
794 10 8 0.0178279
795 8 8 0.0180408
796 8 8 0.0151342
797 8 8 0.0192429
798 8 8 0.0179908
799 9 9 0.016143
800 9 9 0.0268383
801 9 8 0.0176867
802 9 9 0.0155584
803 9 9 0.0154039
804 8 8 0.0178058
805 8 8 0.0193954
806 8 8 0.0191408
807 7 7 0.0153753
808 9 8 0.0195473
809 9 9 0.0211221
810 10 8 0.0202889
811 8 8 0.0186151
812 7 7 0.0167243
813 8 8 0.0166566
814 9 8 0.0271039
815 9 8 0.0163843
816 10 9 0.0150589
817 9 9 0.021275
818 8 8 0.0176777
819 8 8 0.0172029
820 8 8 0.0175495
821 7 7 0.0189788
822 7 7 0.0236796
823 8 8 0.015465
824 8 8 0.0150796
825 10 8 0.0159174
826 7 7 0.0223673
827 8 8 0.0161347
828 9 8 0.0153661
829 11 8 0.0166782
830 7 7 0.0156176
831 9 9 0.0235692
832 8 8 0.0196688
833 10 8 0.0170248
834 8 8 0.020168
835 7 7 0.02176
836 9 8 0.0203845
837 8 8 0.0166084
838 8 8 0.0182336
839 8 8 0.0245749
840 10 9 0.0191881
