1 233 183 1.434103
2 223 184 4.095409
3 299 238 4.781631
4 181 156 4.280003
5 261 208 28.209257
6 212 178 5.520158
7 250 215 2.115167
8 356 298 1.326703
9 261 223 2.553467
10 206 167 5.778833
11 140 129 2.974152
12 196 162 7.425155
13 186 159 12.325185
14 232 194 13.257607
15 322 263 2.983878
16 127 105 11.362729
17 200 156 7.841739
18 170 141 1.341824
19 158 128 9.414995
20 232 201 10.45934
21 261 213 29.75663
22 194 154 20.677275
23 292 236 2.279578
24 360 288 1.211493
25 342 272 2.390355
26 344 278 2.547266
27 256 203 14.039934
28 275 217 0.900378
29 214 172 4.010994
30 270 225 1.796597
31 205 173 4.043577
32 311 255 7.430161
33 214 164 9.226739
34 296 235 2.574387
35 281 229 2.906319
36 185 166 2.537909
37 191 162 4.84788
38 175 153 2.56045
39 128 110 3.119045
40 199 186 1.675538
41 261 218 3.280832
42 326 238 10.121595
43 224 192 1.477815
44 206 157 10.60011
45 256 194 5.503954
46 257 199 11.91096
47 277 225 2.402378
48 235 185 23.818194
49 195 157 7.018482
50 332 252 26.951535
51 259 216 6.200606
52 379 292 8.763804
53 195 169 5.42631
54 338 266 3.993127
55 243 205 2.368727
56 267 211 5.255022
57 240 194 8.27194
58 206 172 2.221732
59 227 196 4.252516
60 271 221 2.717297
61 261 222 3.698303
62 190 162 2.535475
63 277 225 1.717738
64 159 128 19.805567
65 272 233 1.538546
66 213 170 6.843539
67 367 271 1.444819
68 288 231 24.802519
69 246 206 8.974678
70 229 188 2.36863
71 251 196 13.358268
72 270 221 3.038221
73 408 304 1.442321
74 381 297 1.018391
75 280 222 8.102746
76 311 254 1.188645
77 216 177 4.982196
78 254 216 14.066178
79 190 159 9.771055
80 180 162 4.479111
81 288 222 5.668611
82 94 76 19.731324
83 301 263 1.887034
84 285 224 0.604601
85 198 174 2.127384
86 200 157 6.942155
87 270 219 9.782773
88 273 238 5.205255
89 214 181 15.887535
90 376 290 6.10528
91 238 192 13.152528
92 266 215 2.719785
93 335 278 3.404014
94 206 166 8.918422
95 127 97 13.314116
96 319 255 1.648016
97 192 168 4.030967
98 307 238 18.283276
99 243 203 1.745218
100 297 220 4.181413
101 167 148 1.930826
102 274 216 0.960432
103 296 241 22.500746
104 237 184 5.222556
105 278 233 2.154439
106 214 196 2.649903
107 284 233 5.632405
108 277 233 10.994458
109 238 186 3.634909
110 295 229 5.224492
111 184 156 1.336364
112 310 235 42.355718
113 246 208 7.994438
114 331 277 3.104418
115 201 185 2.989582
116 210 161 13.381765
117 299 234 2.852079
118 190 146 22.747421
119 210 176 22.66193
120 204 160 11.006272
121 232 193 37.700548
122 316 243 33.250555
123 186 162 3.79443
124 332 254 2.800228
125 230 188 2.52595
126 289 230 7.762777
127 239 184 3.57343
128 273 229 2.493501
129 337 285 1.831407
130 166 145 2.213516
131 211 174 5.034346
132 230 193 3.632165
133 200 170 5.849685
134 175 140 7.363255
135 317 264 4.427776
136 192 158 2.874539
137 294 242 16.461234
138 270 224 1.759938
139 352 285 3.113814
140 251 206 15.56647
141 231 197 5.01295
142 324 267 3.13836
143 262 224 3.134423
144 244 201 2.662249
145 179 157 3.231402
146 264 230 2.275531
147 270 221 11.470772
148 299 245 10.105327
149 207 177 2.737515
150 239 203 5.152055
151 248 200 4.774202
152 206 175 2.623984
153 332 256 3.030216
154 218 168 15.915978
155 254 203 22.82249
156 244 202 6.533333
157 191 153 9.670421
158 248 213 2.593816
159 177 160 3.406529
160 201 172 2.239009
161 147 114 10.839981
162 181 156 5.265184
163 212 178 4.808002
164 256 197 3.084972
165 285 217 6.103044
166 272 216 16.678091
167 265 227 0.744337
168 261 221 2.056541
169 213 174 5.147521
170 327 256 10.190486
171 281 228 6.445964
172 239 193 2.803345
173 222 183 1.502271
174 181 153 2.66846
175 191 153 3.577072
176 212 177 11.473849
177 267 212 2.021209
178 236 189 3.58997
179 216 189 2.374922
180 225 161 3.606925
181 303 255 3.361713
182 247 214 1.903384
183 342 287 2.372034
184 364 295 5.822551
185 309 258 4.325049
186 277 228 3.154182
187 220 180 4.071595
188 263 220 4.844677
189 204 174 14.183617
190 169 139 4.113797
191 168 141 16.799793
192 231 189 3.505859
193 295 238 2.962684
194 269 226 6.371047
195 205 176 5.150043
196 286 226 4.81023
197 218 187 4.723102
198 214 175 13.147025
199 207 178 11.163799
200 209 178 2.189349
201 284 223 1.054653
202 253 203 28.481581
203 381 300 8.904163
204 228 195 5.322451
205 166 131 9.776742
206 329 258 17.014487
207 193 165 4.309315
208 311 255 2.377071
209 308 249 2.631273
210 179 159 4.153656
211 205 173 2.805287
212 212 179 2.649615
213 183 140 20.840462
214 341 263 12.517705
215 286 230 19.023813
216 286 229 1.938292
217 368 280 0.693473
218 333 277 2.010814
219 294 228 2.910047
220 234 191 2.653766
221 261 221 8.859746
222 206 166 3.482741
223 212 174 7.63744
224 208 185 3.85432
225 314 252 3.76715
226 182 150 9.848009
227 193 156 10.311393
228 159 143 4.229656
229 260 206 3.1442
230 224 191 1.85035
231 222 187 4.479139
232 248 190 4.160108
233 212 165 5.513539
234 254 204 2.043079
235 290 260 2.409757
236 125 98 4.940879
237 262 221 5.024361
238 242 189 3.986587
239 359 279 1.448748
240 144 127 2.190616
241 242 194 8.129189
242 178 155 8.803437
243 275 226 19.660194
244 228 191 4.130539
245 213 173 16.474023
246 247 202 5.078111
247 264 229 3.643881
248 277 237 2.270618
249 196 164 6.687294
250 282 230 7.52975
251 201 160 2.010945
252 332 268 2.38993
253 198 160 2.39882
254 137 113 27.805379
255 266 209 15.186473
256 196 164 16.771118
257 299 237 3.78919
258 273 224 5.635184
259 232 183 2.654834
260 292 230 2.677282
261 256 188 18.408323
262 190 152 2.886806
263 247 212 2.362324
264 358 281 2.511843
265 195 152 21.897835
266 131 109 11.291662
267 228 189 4.157545
268 243 193 26.768498
269 341 262 1.155579
270 355 291 1.180831
271 237 196 3.217442
272 232 194 2.601129
273 206 180 2.841065
274 182 149 1.209027
275 259 205 51.154864
276 191 162 10.292172
277 249 210 5.209684
278 196 160 7.437171
279 227 185 5.395548
280 304 261 10.134113
281 230 184 3.101315
282 297 243 2.242761
283 181 141 8.776357
284 303 248 4.684046
285 308 244 1.258445
286 240 206 3.25099
287 192 161 4.923082
288 248 204 3.111518
289 344 290 8.386307
290 220 183 1.611277
291 155 123 24.024152
292 286 233 3.039548
293 179 152 7.359664
294 266 221 1.206314
295 303 246 1.808417
296 170 149 1.216961
297 289 237 4.23838
298 309 253 5.07724
299 236 203 3.89749
300 243 196 0.632934
301 231 197 5.858674
302 277 218 6.163271
303 281 228 10.983896
304 222 196 3.559568
305 268 228 24.810424
306 180 157 1.718104
307 344 263 2.302551
308 432 335 1.244354
309 165 138 11.980496
310 261 214 1.746232
311 275 234 2.756722
312 312 274 1.066345
313 266 232 1.470426
314 210 175 2.641854
315 257 212 3.958556
316 262 217 3.742102
317 259 214 11.237446
318 226 182 7.076149
319 204 153 24.984521
320 245 204 9.537103
321 140 115 11.195238
322 333 268 2.485289
323 357 290 1.665341
324 129 103 6.724805
325 186 148 9.192517
326 177 150 1.975624
327 203 172 1.891081
328 221 195 10.363458
329 257 210 6.55864
330 429 335 1.527694
331 261 215 4.283039
332 193 175 5.562131
333 237 192 4.342018
334 284 239 1.59825
335 334 276 1.835869
336 210 175 23.33185
337 149 119 17.590995
338 182 152 3.842613
339 285 227 10.125754
340 195 178 7.581829
341 276 211 5.12628
342 282 244 8.384797
343 261 210 6.10467
344 238 181 3.334136
345 227 194 6.035521
346 248 198 5.066737
347 231 196 4.918737
348 249 213 8.699847
349 176 153 21.665743
350 276 220 1.694795
351 365 294 3.614203
352 210 179 2.879762
353 341 250 7.89681
354 138 117 17.343575
355 267 226 2.592867
356 333 267 1.839736
357 184 156 2.464672
358 224 189 3.339109
359 214 168 16.930995
360 357 279 3.097655
361 186 171 2.075829
362 260 199 11.595968
363 261 224 6.942479
364 162 143 5.432935
365 206 180 3.475433
366 288 234 16.780069
367 221 181 8.726528
368 271 223 4.476886
369 355 270 1.191949
370 184 145 3.68977
371 313 254 1.438662
372 310 248 2.456494
373 257 214 5.05342
374 175 140 18.307539
375 203 155 8.173485
376 327 261 12.160364
377 253 193 6.39191
378 250 203 4.465015
379 283 223 1.655373
380 232 176 5.173826
381 323 270 3.45528
382 257 202 71.291466
383 368 286 0.887764
384 367 299 6.428158
385 165 147 4.326227
386 273 206 3.79245
387 220 184 7.786228
388 302 255 3.725784
389 250 202 4.268639
390 235 196 1.732154
391 225 188 2.830229
392 352 251 1.578508
393 313 246 4.834381
394 316 246 11.243454
395 285 230 25.607204
396 228 190 1.285055
397 423 324 1.157595
398 194 157 2.216861
399 411 298 1.315736
400 264 201 17.386502
401 276 231 3.173206
402 186 148 8.447767
403 160 139 3.16349
404 198 162 3.798898
405 216 171 3.568725
406 339 275 0.931792
407 289 233 16.90543
408 347 268 6.439447
409 197 160 21.004254
410 231 187 21.198008
411 368 279 16.644923
412 270 217 3.920889
413 276 233 13.333597
414 143 123 6.247165
415 279 225 15.401
416 293 235 2.520098
417 230 212 2.221503
418 232 192 3.340777
419 141 115 19.241107
420 304 234 3.211609
421 212 173 7.7637421
422 248 205 8.1656893
423 246 205 4.149272
424 240 193 4.7777131
425 286 242 2.2793168
426 302 257 4.8292006
427 229 191 19.8772744
428 342 262 11.8493574
429 337 256 12.2412603
430 227 203 14.2233084
431 367 300 24.6670626
432 226 189 6.9852405
433 233 188 13.1440266
434 245 206 9.0973843
435 188 162 6.8616962
436 318 266 2.7101167
437 239 202 7.5878659
438 305 242 4.2254119
439 219 178 6.7610863
440 301 260 6.356459
441 184 159 5.540422
442 268 220 6.8271572
443 232 203 21.1752111
444 162 139 24.4808114
445 186 149 3.4828682
446 285 223 2.7789353
447 251 202 7.1950386
448 246 215 2.3718967
449 253 203 21.9413107
450 165 132 7.7857141
451 247 213 1.1885221
452 265 211 8.2489247
453 167 153 4.668432
454 317 262 1.9652832
455 218 174 5.2164929
456 278 232 8.1161729
457 207 165 16.5145915
458 224 186 10.3462696
459 432 336 4.6823773
460 301 256 7.0252416
461 206 175 3.0742845
462 263 223 2.3832647
463 236 181 6.4903552
464 162 158 4.5340928
465 246 185 3.5729159
466 194 173 11.9273284
467 207 164 3.8496673
468 232 191 8.1627383
469 335 271 1.8714813
470 239 195 2.7676769
471 190 173 6.3682339
472 365 300 1.8426416
473 217 182 4.2948103
474 264 209 8.9056213
475 255 205 2.9670183
476 258 219 15.63891
477 351 283 2.3579821
478 316 259 3.4928558
479 347 256 4.4146109
480 216 176 5.3561208
481 252 215 2.1004194
482 259 220 2.8164274
483 180 157 8.9458614
484 198 172 4.7887725
485 203 185 6.2130534
486 316 252 2.3421742
487 271 226 1.3718923
488 161 127 11.7112945
489 229 192 5.1957228
490 238 194 8.1552439
491 220 195 3.4473292
492 213 173 5.2800249
493 390 295 3.4087322
494 306 258 5.46598
495 221 175 7.5053807
496 327 247 2.5756172
497 251 205 28.9459871
498 217 179 39.5435527
499 330 260 11.6419977
500 287 223 9.0645473
501 322 269 9.3829213
502 233 195 8.4615362
503 244 195 9.251811
504 176 144 4.9140921
505 217 175 5.077365
506 204 173 3.4834631
507 241 183 12.3179064
508 280 226 10.4728037
509 340 288 1.4185801
510 248 211 9.4171409
511 263 213 26.4447539
512 240 193 7.8978069
513 212 180 3.6397133
514 232 193 11.2945936
515 212 169 18.2248266
516 235 205 4.3982083
517 230 190 8.7094934
518 380 304 9.0680616
519 147 136 4.2453881
520 305 247 4.8432014
521 268 216 29.5090792
522 320 245 3.0778644
523 212 173 11.6667269
524 236 180 9.5602548
525 230 193 4.5290072
526 251 203 3.9857137
527 293 246 3.0440174
528 256 203 4.5282656
529 323 264 1.6948503
530 258 203 8.6664044
531 266 217 15.8150451
532 266 215 22.6942608
533 259 203 1.8654094
534 176 149 4.7536242
535 286 226 10.5923121
536 194 171 7.1766812
537 232 197 11.0287357
538 225 174 3.5513177
539 299 239 4.0048585
540 156 136 8.1619057
541 265 202 7.1630892
542 306 224 3.2406985
543 244 205 1.988175
544 346 271 8.1319623
545 211 170 13.2507564
546 239 194 4.3487006
547 162 139 8.5634366
548 239 195 9.1844968
549 261 208 3.4724778
550 183 163 14.6686156
551 202 159 6.0140668
552 201 173 3.7538726
553 329 272 8.4688907
554 296 241 2.8723224
555 271 218 4.6198404
556 154 132 8.8501126
557 212 174 3.6139639
558 193 173 10.3855039
559 290 232 30.1759264
560 356 282 1.0615614
561 284 226 8.8863324
562 213 185 4.2568696
563 237 177 20.4695389
564 257 205 5.4664718
565 298 243 2.9730869
566 273 211 27.4688182
567 259 233 2.5235298
568 159 142 5.2250346
569 164 130 12.96326
570 190 152 9.3014266
571 258 208 4.9558163
572 228 190 4.5776618
573 256 206 2.1242702
574 317 254 5.6426276
575 258 213 5.5787382
576 336 270 2.6474568
577 280 225 4.7741548
578 227 184 7.2970721
579 255 214 7.5018923
580 232 191 3.6270471
581 196 171 11.622259
582 385 311 2.290368
583 248 207 9.1539654
584 215 179 2.9619069
585 259 196 1.5013281
586 243 194 3.4576529
587 256 219 3.7553419
588 311 235 1.9603665
589 235 191 9.7364577
590 184 160 11.8250341
591 289 235 4.6896352
592 232 196 2.5379878
593 289 234 3.0432775
594 198 169 4.7203321
595 194 164 9.2566385
596 199 174 5.0601555
597 327 281 3.5838093
598 182 163 5.5528588
599 233 198 10.5008396
600 177 148 17.8295181
601 153 129 8.3813414
602 223 166 35.1585675
603 277 223 14.6606862
604 271 218 4.915392
605 220 195 3.1537732
606 180 140 7.8650759
607 288 236 2.0288645
608 328 255 4.2716983
609 269 218 8.1806927
610 250 183 3.2777234
611 133 102 20.5402573
612 254 206 5.545066
613 200 159 13.3860537
614 248 204 9.3391637
615 379 300 1.7197848
616 221 181 12.6630628
617 236 197 4.00571
618 260 224 6.7580091
619 389 293 8.0562875
620 224 188 7.3166391
621 247 211 3.9344944
622 347 262 1.918415
623 166 127 9.8639747
624 125 107 9.3254028
625 221 178 6.3563551
626 166 140 5.6250376
627 205 165 13.1033885
628 166 131 8.3568814
629 206 178 6.7256885
630 211 175 11.3978595
631 289 255 3.945156
632 272 237 4.4251047
633 239 207 3.4583103
634 243 192 8.364368
635 270 214 9.5844321
636 238 198 3.2388922
637 261 212 3.236069
638 151 120 9.6661715
639 229 193 18.8338012
640 282 219 7.0116895
641 271 226 3.970953
642 210 181 6.6434324
643 381 295 8.5784816
644 315 244 1.5503796
645 273 221 7.2068851
646 203 169 7.8585575
647 235 203 14.7696834
648 198 157 10.7497912
649 265 218 3.9969543
650 241 196 10.5659134
651 198 170 11.0961506
652 281 209 2.2886836
653 197 166 6.5464349
654 244 207 9.2626482
655 341 282 3.2678669
656 212 187 5.438618
657 308 250 18.3022934
658 245 193 3.2350986
659 192 146 15.737543
660 217 175 1.935457
661 278 223 16.7404163
662 260 199 7.9848038
663 245 195 6.3840687
664 166 140 5.7697114
665 316 239 8.7544747
666 270 217 2.320534
667 163 140 6.500904
668 222 186 2.0277141
669 275 221 10.5110018
670 298 251 3.174955
671 203 165 2.1592258
672 195 164 5.4183653
673 230 183 8.0697107
674 161 142 16.2604641
675 337 269 12.9606479
676 230 185 15.8424877
677 245 194 27.842695
678 217 174 4.9661995
679 164 139 7.7491337
680 191 158 5.8521268
681 277 228 5.4572533
682 249 224 9.0502152
683 278 229 6.3465972
684 263 218 3.1548275
685 255 218 2.764274
686 227 180 8.1264816
687 363 285 1.6469594
688 267 207 3.8813957
689 242 214 2.3341799
690 172 139 20.6606153
691 278 233 2.5446909
692 240 190 13.2591439
693 259 228 2.5571214
694 284 229 8.3052107
695 290 221 25.0152262
696 178 155 4.8166538
697 277 216 7.5452502
698 290 244 1.0181566
699 210 178 5.4043953
700 201 164 7.1223712
701 243 211 5.6603303
702 301 246 2.6150779
703 220 181 4.7972407
704 165 148 4.3910873
705 217 178 2.1962205
706 165 136 13.3441236
707 294 240 13.7076037
708 269 241 1.6567418
709 267 213 2.6823707
710 222 177 25.3205092
711 229 184 5.6500906
712 215 173 4.7222058
713 147 121 4.7350012
714 341 275 14.9535382
715 229 196 3.453126
716 281 224 10.1803966
717 380 314 1.2094144
718 235 196 5.2550336
719 242 190 2.0092664
720 274 229 3.4547111
721 218 173 5.8652401
722 364 290 3.6003315
723 273 229 5.0139347
724 252 194 6.2269663
725 297 250 13.0789808
726 321 259 12.0818757
727 257 217 3.7681398
728 264 207 2.1005227
729 244 206 4.917802
730 268 219 5.1857119
731 212 182 3.1575374
732 337 259 3.2095818
733 368 286 3.5407524
734 285 221 4.3548982
735 271 224 1.118894
736 267 214 1.903514
737 288 231 4.1190797
738 296 249 1.5767617
739 315 251 3.1091288
740 174 133 6.2715444
741 123 102 6.4388511
742 273 207 18.3527687
743 382 293 1.8980087
744 294 250 1.791142
745 249 215 1.2392024
746 158 137 3.0688077
747 234 191 4.8584195
748 224 187 5.5785713
749 227 196 7.0481233
750 261 203 17.6385377
751 323 251 3.0585866
752 251 208 2.6722696
753 192 164 6.5355618
754 297 219 5.9439597
755 286 224 3.9821952
756 216 188 1.6354704
757 218 184 4.7451885
758 182 165 4.767094
759 297 233 1.1329831
760 210 173 8.0994894
761 214 187 3.5808004
762 138 107 15.8544248
763 296 234 3.4255731
764 234 186 21.2043026
765 285 228 7.5664495
766 187 160 7.4586745
767 171 146 5.7586174
768 364 288 3.3926728
769 273 219 1.4827616
770 215 182 4.3614046
771 188 152 12.6699931
772 236 172 2.3754542
773 317 262 1.5589837
774 316 252 1.9295949
775 282 230 7.2513059
776 360 280 6.784651
777 371 298 1.5484188
778 242 187 4.1778869
779 271 215 5.0208783
780 253 218 3.7909366
781 255 206 9.6699618
782 268 204 14.8902967
783 226 187 2.7270078
784 198 157 5.8769777
785 228 187 5.5979963
786 277 226 5.0821621
787 255 200 3.5530994
788 187 155 2.7942071
789 337 270 2.7166722
790 225 176 2.0948914
791 267 222 4.6017894
792 212 178 3.9431897
793 424 318 2.1067457
794 318 261 2.8855873
795 221 170 3.4499313
796 327 268 1.8043704
797 319 254 2.0653776
798 223 169 5.8143974
799 200 159 8.3991729
800 204 178 6.043293
801 210 177 5.3453791
802 383 294 2.8710893
803 240 196 1.8845275
804 241 191 3.2312797
805 234 202 0.8093584
806 250 208 2.817042
807 334 273 4.121203
808 285 227 3.0266255
809 224 186 6.0036488
810 278 225 1.3270366
811 221 186 4.2371301
812 221 185 3.8837706
813 115 93 7.9727172
814 192 159 6.5545465
815 229 190 2.0852358
816 269 223 4.5120063
817 137 125 4.1923627
818 349 282 1.186269
819 178 156 3.7352718
820 256 211 2.4781484
821 290 241 5.3879872
822 235 191 13.6524389
823 209 174 3.9370825
824 207 159 17.7555
825 156 131 6.3987324
826 275 216 1.4046816
827 249 205 3.2533896
828 283 232 5.7197738
829 201 169 4.8690131
830 186 161 3.5395432
831 229 192 7.2343001
832 225 188 7.1258328
833 274 230 3.7051614
834 392 305 2.2791011
835 308 248 9.8302042
836 301 242 7.1856618
837 184 142 2.7014488
838 349 279 0.2351635
839 204 174 5.2698245
840 163 137 6.7278908
