1 17 14 0.136224
2 19 16 0.044645
3 15 13 0.022961
4 16 14 0.025836
5 19 16 0.035716
6 19 17 0.049563
7 19 15 0.027612
8 21 19 0.059023
9 17 15 0.0386
10 27 19 0.033994
11 17 15 0.055908
12 16 14 0.065243
13 15 13 0.015131
14 12 10 0.019512
15 12 11 0.017776
16 20 16 0.014064
17 19 14 0.05661
18 20 16 0.033815
19 26 23 0.024621
20 16 13 0.050024
21 11 11 0.016624
22 21 16 0.014142
23 15 13 0.0188
24 20 17 0.017412
25 16 14 0.015384
26 12 10 0.044317
27 15 13 0.017857
28 18 16 0.031219
29 23 17 0.013521
30 14 13 0.014763
31 15 14 0.014586
32 15 15 0.017341
33 18 15 0.018469
34 19 17 0.024281
35 14 13 0.016593
36 13 12 0.021722
37 17 17 0.016814
38 13 13 0.015309
39 14 13 0.015635
40 20 17 0.014409
41 19 16 0.013721
42 15 14 0.01381
43 12 11 0.015518
44 16 14 0.014586
45 13 12 0.014539
46 15 12 0.015743
47 19 15 0.01399
48 20 16 0.014422
49 9 9 0.013934
50 20 14 0.014909
51 12 11 0.014983
52 12 12 0.033302
53 17 14 0.014304
54 16 16 0.01574
55 19 17 0.016253
56 17 13 0.015341
57 19 14 0.015333
58 16 12 0.014297
59 12 12 0.015581
60 25 20 0.015013
61 12 11 0.01498
62 18 15 0.014674
63 23 18 0.015174
64 20 18 0.013566
65 12 12 0.013964
66 15 13 0.021853
67 18 15 0.013802
68 17 15 0.014015
69 24 19 0.015065
70 14 13 0.014594
71 18 15 0.013976
72 16 14 0.033958
73 16 13 0.015439
74 16 14 0.030836
75 20 17 0.012791
76 18 16 0.017642
77 18 14 0.015445
78 19 17 0.013441
79 14 12 0.014499
80 12 12 0.015586
81 13 13 0.015163
82 11 10 0.015125
83 17 15 0.015287
84 14 13 0.015446
85 14 13 0.015463
86 19 16 0.014269
87 15 14 0.014171
88 19 15 0.014397
89 14 13 0.014589
90 18 15 0.015401
91 18 15 0.034504
92 17 14 0.013572
93 22 19 0.013935
94 22 18 0.014348
95 17 14 0.014443
96 14 13 0.013869
97 16 15 0.015037
98 17 14 0.015183
99 16 15 0.014872
100 19 17 0.017766
101 14 13 0.023695
102 17 16 0.014675
103 17 13 0.014505
104 18 15 0.017235
105 18 15 0.014561
106 12 12 0.015734
107 15 14 0.02157
108 13 12 0.07426
109 14 13 0.019535
110 18 17 0.013848
111 12 11 0.019987
112 22 16 0.014835
113 14 13 0.017302
114 16 13 0.017925
115 16 15 0.018878
116 22 15 0.013053
117 11 10 0.015419
118 14 13 0.014905
119 15 13 0.014244
120 19 15 0.014852
121 16 14 0.015155
122 24 19 0.013916
123 13 12 0.017499
124 12 12 0.013827
125 13 13 0.018271
126 24 17 0.012556
127 18 15 0.013628
128 21 16 0.013884
129 12 12 0.01489
130 15 14 0.01987
131 10 10 0.028709
132 19 18 0.047254
133 14 12 0.025779
134 23 19 0.048872
135 26 21 0.030596
136 14 14 0.014643
137 21 18 0.047457
138 13 13 0.030852
139 26 20 0.032407
140 18 18 0.049801
141 16 15 0.060468
142 17 15 0.026041
143 13 12 0.02272
144 18 15 0.027073
145 17 14 0.045574
146 18 17 0.040736
147 20 15 0.024381
148 14 13 0.056982
149 16 14 0.013219
150 14 13 0.015445
151 13 12 0.020146
152 16 14 0.013737
153 18 17 0.051182
154 16 14 0.031412
155 17 13 0.055349
156 9 9 0.028983
157 20 19 0.021643
158 17 14 0.013991
159 10 10 0.014573
160 16 14 0.015588
161 16 14 0.031748
162 26 20 0.030161
163 14 12 0.014058
164 16 13 0.013039
165 14 13 0.01397
166 14 12 0.014393
167 19 15 0.016121
168 16 13 0.014125
169 17 15 0.014827
170 20 18 0.030815
171 17 15 0.013537
172 16 15 0.013924
173 15 13 0.026708
174 15 13 0.013987
175 20 15 0.01334
176 22 18 0.014178
177 15 13 0.013316
178 19 16 0.013332
179 20 17 0.013204
180 23 19 0.01301
181 22 16 0.014669
182 20 16 0.01565
183 15 14 0.014405
184 16 14 0.014879
185 21 16 0.014239
186 18 15 0.014657
187 18 14 0.034154
188 16 12 0.022605
189 14 14 0.03916
190 16 14 0.013966
191 13 12 0.014497
192 24 20 0.012934
193 25 20 0.012828
194 13 12 0.013623
195 17 17 0.018971
196 22 17 0.013068
197 14 13 0.014106
198 18 15 0.034823
199 24 19 0.015022
200 16 14 0.029019
201 14 12 0.014155
202 14 13 0.015115
203 15 14 0.015755
204 18 17 0.014969
205 19 16 0.014699
206 26 23 0.035143
207 19 17 0.033448
208 15 13 0.014771
209 18 15 0.013611
210 18 16 0.049449
211 16 13 0.028941
212 19 18 0.014466
213 15 12 0.014216
214 17 17 0.013861
215 15 14 0.014779
216 14 13 0.013749
217 22 19 0.013971
218 13 12 0.013767
219 17 15 0.017991
220 19 16 0.012971
221 24 17 0.012442
222 21 17 0.013071
223 22 17 0.016781
224 14 12 0.014504
225 10 10 0.031019
226 18 15 0.028029
227 19 16 0.013007
228 13 13 0.013111
229 18 14 0.013471
230 12 12 0.01396
231 20 18 0.014178
232 18 16 0.015772
233 16 14 0.013805
234 22 18 0.013337
235 15 13 0.02904
236 20 16 0.027644
237 20 16 0.025171
238 21 16 0.040094
239 19 16 0.040508
240 13 12 0.020525
241 22 18 0.02589
242 18 16 0.027227
243 20 17 0.054624
244 18 16 0.031615
245 14 12 0.014873
246 11 11 0.042302
247 18 15 0.030405
248 14 14 0.031284
249 12 12 0.064577
250 18 14 0.018012
251 14 13 0.014941
252 14 13 0.015662
253 12 12 0.015877
254 15 13 0.031053
255 14 13 0.029401
256 17 17 0.034335
257 12 11 0.013781
258 13 13 0.013106
259 19 15 0.01306
260 13 13 0.029204
261 20 17 0.024304
262 19 15 0.027211
263 11 11 0.043232
264 12 12 0.033718
265 18 16 0.033616
266 11 10 0.05508
267 13 12 0.034517
268 11 10 0.030593
269 24 19 0.019874
270 17 16 0.012502
271 15 13 0.011602
272 16 14 0.012719
273 20 17 0.015716
274 18 16 0.033161
275 12 12 0.046582
276 15 15 0.028261
277 17 15 0.029996
278 16 14 0.029521
279 13 12 0.030122
280 13 12 0.031616
281 19 15 0.010709
282 19 17 0.011088
283 12 11 0.012984
284 16 12 0.017234
285 11 10 0.011923
286 13 12 0.012697
287 20 16 0.010822
288 14 13 0.010524
289 21 15 0.010006
290 20 15 0.011529
291 17 16 0.021151
292 19 15 0.024748
293 16 14 0.014025
294 17 16 0.013395
295 14 13 0.032032
296 16 12 0.026134
297 13 13 0.016063
298 15 13 0.015278
299 13 12 0.014541
300 17 13 0.014344
301 22 19 0.014122
302 13 11 0.012601
303 20 15 0.012519
304 13 13 0.014493
305 13 12 0.014623
306 19 17 0.014962
307 16 15 0.014503
308 15 15 0.01617
309 14 13 0.016292
310 22 19 0.013474
311 21 18 0.055914
312 17 16 0.025307
313 23 19 0.011465
314 12 11 0.021805
315 18 15 0.01211
316 22 18 0.01371
317 25 18 0.013743
318 21 20 0.015796
319 14 13 0.014434
320 14 13 0.015036
321 13 13 0.030513
322 18 17 0.031719
323 17 14 0.029509
324 20 16 0.042486
325 16 14 0.035281
326 18 16 0.044253
327 14 12 0.014572
328 20 16 0.013573
329 12 11 0.013661
330 15 15 0.014942
331 19 15 0.013967
332 17 16 0.01352
333 17 16 0.079279
334 18 15 0.027618
335 20 16 0.031227
336 14 13 0.030043
337 14 13 0.02826
338 18 16 0.031019
339 16 14 0.028693
340 11 11 0.023935
341 15 14 0.021368
342 13 13 0.028665
343 20 18 0.036587
344 23 17 0.029154
345 18 15 0.031069
346 14 13 0.013864
347 19 17 0.026458
348 18 15 0.029317
349 14 14 0.046768
350 18 18 0.051372
351 13 10 0.044798
352 12 10 0.013939
353 20 18 0.015927
354 20 17 0.013864
355 16 14 0.014448
356 24 20 0.017036
357 14 14 0.013881
358 14 13 0.013924
359 17 16 0.013435
360 17 14 0.015199
361 16 13 0.014117
362 16 14 0.015362
363 19 14 0.015825
364 20 15 0.027108
365 16 13 0.013028
366 15 14 0.013599
367 14 13 0.045211
368 20 15 0.019647
369 14 12 0.034436
370 11 11 0.014059
371 24 19 0.01308
372 23 17 0.014317
373 13 11 0.014464
374 20 18 0.014325
375 15 14 0.029974
376 16 16 0.021365
377 15 13 0.014175
378 19 15 0.013807
379 22 18 0.01374
380 19 16 0.02324
381 16 14 0.025927
382 13 12 0.031031
383 18 15 0.022249
384 17 14 0.04863
385 15 13 0.016126
386 16 15 0.01427
387 18 15 0.01452
388 18 16 0.013834
389 13 13 0.031201
390 19 18 0.038383
391 16 13 0.026481
392 14 14 0.04385
393 23 15 0.029136
394 19 15 0.014107
395 22 16 0.013302
396 15 13 0.012452
397 12 11 0.013541
398 14 13 0.039654
399 15 13 0.025958
400 15 14 0.014704
401 13 12 0.014599
402 20 18 0.013691
403 15 14 0.01578
404 17 15 0.014443
405 15 14 0.014543
406 16 13 0.014185
407 11 11 0.015741
408 22 17 0.013037
409 15 13 0.013328
410 11 11 0.014011
411 20 16 0.030174
412 27 19 0.012638
413 21 18 0.01398
414 15 13 0.012376
415 23 17 0.013761
416 24 18 0.012962
417 16 15 0.015115
418 20 15 0.012995
419 12 12 0.017148
420 18 14 0.013482
421 20 16 0.1686483
422 13 11 0.0888696
423 14 13 0.0404353
424 17 16 0.0336364
425 18 15 0.0924148
426 19 14 0.0349927
427 15 13 0.0363656
428 21 18 0.0403067
429 18 15 0.0466303
430 21 16 0.073693
431 13 12 0.0408553
432 15 14 0.0398877
433 19 15 0.0393528
434 16 14 0.02823
435 13 13 0.025834
436 13 11 0.0259672
437 15 13 0.0340366
438 17 14 0.0335778
439 18 17 0.0545252
440 20 16 0.0540431
441 14 13 0.0299305
442 20 18 0.0423776
443 14 13 0.0563165
444 15 12 0.0226294
445 15 14 0.0299576
446 20 16 0.0341184
447 12 12 0.0284557
448 20 18 0.0253865
449 11 11 0.0248848
450 13 12 0.0312781
451 16 16 0.0239511
452 21 15 0.0299652
453 14 12 0.0295078
454 18 16 0.0300838
455 20 16 0.0243527
456 20 16 0.0267067
457 14 12 0.0270708
458 18 16 0.0284496
459 17 15 0.0358362
460 18 14 0.0232599
461 20 17 0.0249799
462 11 11 0.0232675
463 13 12 0.0272376
464 16 15 0.0247474
465 15 15 0.0309974
466 15 14 0.0306191
467 17 14 0.0273811
468 13 12 0.03137
469 19 14 0.0226338
470 19 16 0.0282535
471 12 12 0.029739
472 18 14 0.0256722
473 17 15 0.0226075
474 17 14 0.0616632
475 19 17 0.0273224
476 18 15 0.0271538
477 14 11 0.0238572
478 15 14 0.0223167
479 15 13 0.0340161
480 18 15 0.0683446
481 23 17 0.0289733
482 12 12 0.0283439
483 16 15 0.045231
484 18 15 0.0330735
485 25 19 0.0219511
486 18 15 0.0514856
487 21 16 0.0469446
488 14 12 0.0425963
489 22 18 0.0494459
490 25 20 0.0468991
491 18 17 0.0356779
492 16 14 0.0264832
493 15 12 0.0246785
494 10 10 0.0391762
495 13 12 0.0224349
496 18 16 0.0340099
497 18 14 0.047091
498 15 14 0.0524368
499 19 14 0.0224761
500 20 18 0.0245461
501 21 17 0.0414567
502 15 13 0.0298395
503 16 13 0.0223205
504 17 15 0.0255839
505 20 17 0.0228866
506 26 19 0.026055
507 15 12 0.0236563
508 14 12 0.0210968
509 17 17 0.0335352
510 14 12 0.0239895
511 15 13 0.0432638
512 13 11 0.0273234
513 19 16 0.0226839
514 21 16 0.0255592
515 10 10 0.0274595
516 13 12 0.0253063
517 17 15 0.027111
518 20 18 0.0325968
519 15 13 0.0323772
520 17 15 0.0568086
521 15 13 0.054748
522 16 14 0.0443151
523 13 13 0.0438338
524 18 14 0.0361169
525 18 17 0.0496862
526 21 18 0.0306765
527 14 13 0.0705379
528 20 18 0.0238734
529 21 18 0.0286032
530 15 13 0.0363512
531 12 12 0.0830153
532 16 15 0.028484
533 18 14 0.0458592
534 17 15 0.0263535
535 18 15 0.0466925
536 17 15 0.0468746
537 27 22 0.0200503
538 16 14 0.0229015
539 20 17 0.0508533
540 16 14 0.038876
541 19 15 0.0253481
542 19 17 0.0319037
543 13 12 0.0357109
544 18 15 0.0274652
545 22 17 0.0550125
546 19 17 0.0574843
547 10 10 0.0341024
548 16 13 0.0495737
549 13 13 0.0323789
550 18 15 0.0422921
551 21 18 0.0268125
552 10 10 0.046338
553 15 12 0.0506218
554 22 18 0.042149
555 21 19 0.0392787
556 16 15 0.0372164
557 19 17 0.0377935
558 15 15 0.0349352
559 15 15 0.0424014
560 17 15 0.0327573
561 22 18 0.0308791
562 14 13 0.0383812
563 20 15 0.0236935
564 15 14 0.026122
565 18 14 0.0401355
566 22 17 0.0445797
567 17 16 0.0225642
568 20 15 0.0286494
569 12 11 0.0259234
570 14 13 0.0224599
571 13 12 0.0280902
572 21 18 0.0240434
573 24 20 0.0357034
574 19 16 0.0257984
575 17 14 0.0639923
576 14 13 0.0412475
577 25 20 0.0416573
578 12 12 0.0332711
579 16 13 0.0253697
580 22 18 0.0210837
581 15 13 0.0274275
582 22 17 0.0505957
583 18 15 0.0469089
584 17 15 0.0391841
585 21 17 0.0280444
586 16 15 0.0260065
587 12 12 0.0314038
588 15 14 0.0274489
589 17 14 0.0284793
590 19 17 0.0229143
591 16 13 0.0419683
592 12 12 0.0361202
593 24 16 0.0263531
594 22 18 0.0272372
595 22 16 0.0422023
596 17 14 0.0531431
597 18 14 0.0305332
598 17 14 0.0499358
599 20 19 0.0236687
600 17 17 0.0404108
601 17 14 0.031165
602 21 16 0.0556787
603 12 12 0.0259168
604 15 13 0.057815
605 18 15 0.0264339
606 16 14 0.0376292
607 18 15 0.0292258
608 16 14 0.0295569
609 12 12 0.0241743
610 19 17 0.0273727
611 15 14 0.0429316
612 14 12 0.0246873
613 17 15 0.0330846
614 16 14 0.0353596
615 17 16 0.04206
616 22 18 0.0489767
617 16 15 0.0335568
618 22 20 0.0420516
619 15 12 0.0427525
620 15 14 0.0309091
621 14 13 0.0424599
622 16 15 0.0237096
623 13 13 0.0245732
624 13 10 0.0450562
625 18 16 0.087164
626 23 18 0.0311234
627 15 14 0.0251603
628 18 14 0.0352631
629 19 16 0.0260073
630 15 15 0.0246562
631 18 15 0.0224543
632 12 12 0.0365602
633 16 15 0.0440127
634 15 13 0.0253729
635 21 18 0.0280955
636 22 16 0.0422175
637 15 14 0.0428005
638 18 15 0.0257831
639 15 14 0.023014
640 12 11 0.0325897
641 17 14 0.0763039
642 13 13 0.0433266
643 16 12 0.0282023
644 22 17 0.0208056
645 20 16 0.0284918
646 24 18 0.0225757
647 18 14 0.0276707
648 16 15 0.025827
649 18 16 0.0275664
650 22 19 0.0252921
651 16 13 0.0231669
652 19 16 0.0356558
653 13 12 0.0256551
654 15 12 0.0253563
655 21 19 0.024512
656 14 14 0.0222667
657 17 15 0.0276371
658 20 18 0.0241741
659 21 16 0.0254585
660 10 10 0.024114
661 13 11 0.0238503
662 17 15 0.0256008
663 15 13 0.0237889
664 12 12 0.0244246
665 22 17 0.0221232
666 13 13 0.0287839
667 19 16 0.0266806
668 15 14 0.0252396
669 17 14 0.0239282
670 19 14 0.0287037
671 11 10 0.0227397
672 20 16 0.0283387
673 19 14 0.0222571
674 13 13 0.0340059
675 18 14 0.0213255
676 18 14 0.0234154
677 16 14 0.0247401
678 26 19 0.0252481
679 16 13 0.0270024
680 24 19 0.0260895
681 15 14 0.0263089
682 21 17 0.0297648
683 17 16 0.0275863
684 11 11 0.0272656
685 18 16 0.0277045
686 11 11 0.0272323
687 18 15 0.0237062
688 21 14 0.0260726
689 16 14 0.0244903
690 19 16 0.0407522
691 19 15 0.0210258
692 19 15 0.0235014
693 19 16 0.0273382
694 23 18 0.024056
695 15 14 0.0216946
696 14 12 0.0234179
697 18 14 0.0230004
698 17 13 0.031561
699 13 13 0.0298504
700 31 20 0.023242
701 18 15 0.0239769
702 20 18 0.0264367
703 13 12 0.0280088
704 15 13 0.0281655
705 15 13 0.0230385
706 18 14 0.0230435
707 13 13 0.0221203
708 11 11 0.0242395
709 23 18 0.0414709
710 17 14 0.0274473
711 23 19 0.0242958
712 20 16 0.0207907
713 16 13 0.0210349
714 12 12 0.0239308
715 15 14 0.0265611
716 12 12 0.0244728
717 19 16 0.0252375
718 16 16 0.0201722
719 17 15 0.0312423
720 14 12 0.0336834
721 15 13 0.0233518
722 20 18 0.0279096
723 16 13 0.0339857
724 22 16 0.0302818
725 19 16 0.0284128
726 15 14 0.0256793
727 13 13 0.0302227
728 18 17 0.0268717
729 19 16 0.0197732
730 12 11 0.0252358
731 15 12 0.0214613
732 17 16 0.0231406
733 20 19 0.0350992
734 15 13 0.0234272
735 19 17 0.0215393
736 22 20 0.0370879
737 16 15 0.0296457
738 20 17 0.0210361
739 18 15 0.0239435
740 11 11 0.0292886
741 16 13 0.0263723
742 18 15 0.0230494
743 22 18 0.0280341
744 17 15 0.0253328
745 17 15 0.0337636
746 21 18 0.0275155
747 15 13 0.0243895
748 14 13 0.0267205
749 14 12 0.0218531
750 22 17 0.0238768
751 15 12 0.0253807
752 18 16 0.021194
753 17 15 0.0523302
754 15 14 0.0278475
755 19 15 0.0205373
756 18 16 0.0304654
757 14 14 0.0267726
758 14 13 0.0269406
759 18 14 0.0266318
760 11 10 0.0274001
761 19 16 0.0772118
762 23 20 0.0222939
763 10 10 0.0268788
764 14 13 0.0224548
765 13 12 0.0228168
766 15 13 0.0262473
767 17 15 0.0233526
768 17 14 0.0322045
769 16 14 0.0247752
770 21 16 0.0228964
771 24 18 0.020414
772 14 12 0.0237158
773 19 16 0.0233972
774 12 12 0.0244346
775 20 20 0.027489
776 17 14 0.0264265
777 14 13 0.0333047
778 15 12 0.0315929
779 18 17 0.0242711
780 16 15 0.0381597
781 19 17 0.0268978
782 10 10 0.0297572
783 16 14 0.0253436
784 16 13 0.0222341
785 15 13 0.0234979
786 23 17 0.0258447
787 20 15 0.0214162
788 19 17 0.0230054
789 18 14 0.0238273
790 16 14 0.0292928
791 18 14 0.0247893
792 23 20 0.0211226
793 23 18 0.0245315
794 18 15 0.0264129
795 14 13 0.0219892
796 21 18 0.0296659
797 13 13 0.0262214
798 12 12 0.0271358
799 17 13 0.0243291
800 19 14 0.0245178
801 13 12 0.0253723
802 16 14 0.0232289
803 19 15 0.0272074
804 13 13 0.0291844
805 12 12 0.0279412
806 25 21 0.0238823
807 21 16 0.0252119
808 20 16 0.0232953
809 21 16 0.0200692
810 16 15 0.022562
811 21 18 0.0298862
812 17 14 0.0271822
813 15 13 0.0240743
814 22 18 0.0233771
815 23 20 0.0199831
816 16 15 0.0186179
817 18 14 0.0158852
818 16 15 0.0197876
819 15 14 0.0233532
820 16 13 0.0198711
821 23 17 0.0205868
822 18 14 0.0209786
823 10 10 0.0261484
824 20 16 0.0209748
825 18 16 0.0195992
826 26 21 0.0184953
827 19 14 0.0154462
828 16 14 0.0168711
829 20 16 0.0259301
830 15 13 0.0261388
831 13 12 0.0217218
832 23 18 0.0239478
833 18 16 0.0232207
834 23 19 0.0251867
835 25 20 0.0208136
836 20 18 0.0202419
837 12 11 0.0203414
838 16 13 0.0193259
839 21 18 0.0213015
840 21 17 0.0178738
