1 136 109 1.908008
2 130 106 0.927097
3 111 86 1.9371
4 170 131 0.98394
5 145 115 0.437313
6 118 101 0.798473
7 115 88 0.81013
8 186 135 0.29293
9 178 138 0.803348
10 130 110 1.118798
11 147 116 0.627981
12 122 100 1.178192
13 127 100 2.473705
14 138 107 2.284991
15 143 106 0.539342
16 123 97 1.033529
17 138 113 1.014536
18 116 107 0.358882
19 111 95 0.73027
20 141 120 0.37097
21 127 92 1.565932
22 118 105 0.671966
23 105 81 0.518503
24 183 134 0.608801
25 127 103 0.502054
26 142 115 0.463553
27 132 107 6.26323
28 81 72 1.141739
29 113 95 0.69443
30 121 97 0.907763
31 134 107 0.408073
32 123 95 1.422416
33 120 98 0.663066
34 122 99 0.645238
35 160 125 0.196646
36 143 114 0.816036
37 122 96 1.23115
38 128 107 0.575748
39 118 99 0.513824
40 82 63 1.011397
41 108 86 0.592547
42 128 105 0.693515
43 139 107 1.560212
44 138 115 0.376324
45 105 83 0.648182
46 159 117 0.609635
47 153 118 0.512431
48 127 100 0.95325
49 162 129 0.787722
50 164 133 0.560418
51 103 82 0.566608
52 131 104 0.881046
53 135 113 1.310093
54 80 68 0.778944
55 153 117 0.999524
56 186 135 0.855939
57 146 122 0.515749
58 128 105 0.528012
59 165 126 0.495979
60 179 147 0.266968
61 138 113 0.408401
62 160 131 0.234152
63 154 127 0.731396
64 135 108 1.55196
65 127 106 0.484515
66 143 116 0.384349
67 114 102 0.695102
68 135 113 0.422494
69 172 141 0.295618
70 140 105 0.829713
71 136 113 0.512712
72 124 97 0.398697
73 148 124 0.821564
74 131 101 2.152333
75 150 114 0.552047
76 87 74 0.641624
77 193 152 1.789627
78 152 122 0.694031
79 123 95 0.440294
80 138 104 1.02843
81 120 105 0.689638
82 112 92 1.042217
83 124 111 0.398324
84 147 114 0.682257
85 129 105 0.695677
86 117 94 0.630203
87 129 110 0.490723
88 136 101 0.696484
89 135 109 1.264657
90 153 134 0.340698
91 76 58 1.871363
92 160 117 0.628236
93 122 101 0.508973
94 137 109 0.535763
95 132 105 0.822098
96 117 95 0.339409
97 114 92 0.820207
98 141 108 1.546352
99 125 101 0.449062
100 134 103 0.774794
101 106 89 0.418501
102 199 160 0.382613
103 89 75 1.151573
104 114 94 0.709669
105 139 108 0.339262
106 155 109 0.699638
107 120 91 0.861438
108 244 176 1.224473
109 97 80 0.438407
110 180 143 0.764314
111 126 107 0.449618
112 125 106 1.839618
113 71 67 0.772923
114 149 118 1.506908
115 184 136 0.605048
116 140 120 0.459632
117 133 108 0.514854
118 167 124 1.080547
119 85 74 0.670165
120 155 125 0.863938
121 122 109 0.380993
122 137 113 0.412734
123 244 190 0.283223
124 143 108 0.901641
125 121 105 0.374763
126 156 125 0.42008
127 153 114 0.513904
128 154 133 0.557653
129 170 124 0.660623
130 167 131 0.432903
131 97 79 0.76039
132 105 76 0.971262
133 71 53 0.969694
134 121 92 0.602341
135 112 89 0.739064
136 170 144 1.148619
137 130 96 0.921888
138 128 102 0.453301
139 118 90 0.49965
140 173 137 0.4779
141 162 125 0.317413
142 126 105 0.57711
143 159 127 0.501873
144 105 80 0.780406
145 153 118 0.532013
146 91 75 1.049604
147 137 111 0.464907
148 103 76 0.950428
149 129 95 0.445834
150 166 140 0.58992
151 129 99 0.791555
152 192 151 0.486111
153 145 121 0.434137
154 91 79 0.796282
155 133 112 0.600193
156 129 98 0.679975
157 108 87 0.663668
158 114 98 0.517467
159 143 107 0.736278
160 161 131 0.93467
161 142 115 0.462561
162 113 86 0.898927
163 154 131 0.533715
164 74 64 0.711777
165 96 79 1.177421
166 104 85 1.728524
167 130 106 0.376054
168 123 92 1.285876
169 124 99 0.446717
170 164 124 0.344851
171 132 100 0.913681
172 89 79 0.442482
173 150 120 0.402157
174 162 119 0.649383
175 143 122 0.570359
176 152 121 0.375813
177 157 126 0.305274
178 148 115 0.539802
179 141 113 1.206104
180 172 125 0.417662
181 109 88 0.949848
182 123 94 0.826959
183 153 130 0.417015
184 114 82 0.830539
185 158 120 0.627566
186 121 96 0.944723
187 162 131 1.035711
188 91 77 0.614246
189 116 94 0.242936
190 126 102 0.828615
191 121 99 0.446815
192 141 111 0.588866
193 97 87 0.519787
194 99 78 0.409204
195 136 103 0.387099
196 124 90 2.282822
197 114 97 0.386878
198 155 115 1.627685
199 168 129 0.462734
200 99 85 0.437626
201 116 100 0.576653
202 170 141 0.392241
203 132 110 0.625735
204 76 67 0.682705
205 132 101 1.354319
206 134 97 0.933158
207 128 98 0.537888
208 95 80 0.523662
209 165 125 0.97828
210 207 151 0.318353
211 133 105 0.972917
212 108 84 1.362466
213 149 118 0.670418
214 148 112 1.324913
215 147 114 0.894177
216 160 127 0.227665
217 142 123 0.483431
218 165 131 0.7882
219 133 107 3.304672
220 128 102 0.92436
221 139 113 0.405844
222 142 111 0.3566
223 122 98 0.810309
224 150 121 0.363842
225 137 106 0.393256
226 71 60 0.465705
227 94 77 0.426389
228 74 62 0.912076
229 167 123 0.614298
230 110 96 0.476416
231 223 168 0.28277
232 112 100 1.162099
233 120 99 0.714646
234 150 119 0.563409
235 100 77 0.568963
236 121 100 0.410453
237 76 65 0.682397
238 128 101 0.357117
239 169 136 0.335412
240 174 138 0.531551
241 94 80 0.283602
242 147 118 0.445708
243 178 137 0.247679
244 175 138 0.300535
245 150 121 0.351827
246 111 96 0.63864
247 141 116 0.793215
248 158 134 0.515569
249 137 119 0.748317
250 147 112 0.594657
251 138 113 0.627752
252 179 135 0.57498
253 159 123 0.394902
254 169 134 0.58968
255 175 152 0.42726
256 149 119 0.959969
257 83 59 1.014549
258 96 80 0.756678
259 130 106 0.991579
260 190 143 0.529652
261 201 150 0.63964
262 110 93 0.699707
263 163 118 0.422213
264 167 128 1.206921
265 148 125 3.24703
266 104 87 0.460564
267 85 79 0.60465
268 132 108 0.546475
269 142 108 1.081977
270 173 140 0.244105
271 108 88 0.875718
272 114 94 0.5082
273 147 114 0.698352
274 97 80 0.510774
275 162 135 0.368401
276 158 119 0.790509
277 141 112 1.289789
278 88 73 0.408147
279 155 118 0.563885
280 160 126 0.36125
281 142 116 0.485704
282 115 91 0.591477
283 239 171 0.475225
284 134 105 0.714095
285 85 73 0.475982
286 161 131 0.880923
287 82 70 0.604701
288 131 97 0.4948
289 190 146 0.439896
290 111 93 0.527661
291 187 140 0.365011
292 196 158 0.496545
293 115 93 0.671431
294 147 123 0.377058
295 123 96 0.902576
296 149 121 0.626931
297 70 56 0.971308
298 154 126 0.831279
299 151 120 0.713045
300 100 84 0.619068
301 102 87 1.105394
302 160 126 0.484277
303 88 73 0.922703
304 103 91 0.777286
305 179 132 0.75533
306 100 79 1.089133
307 129 107 0.451333
308 175 130 1.534813
309 86 65 0.727485
310 154 132 0.252421
311 152 127 1.424938
312 136 106 0.512145
313 118 91 0.432993
314 180 144 0.47723
315 122 104 0.506189
316 203 154 0.844119
317 145 114 0.755972
318 100 94 0.559935
319 122 102 0.652406
320 155 130 0.333758
321 135 109 0.365605
322 118 106 0.356974
323 147 120 0.477831
324 152 114 0.745021
325 129 98 0.493996
326 130 105 0.624048
327 137 109 0.532849
328 170 132 0.728529
329 118 93 0.984728
330 114 98 0.541719
331 152 113 0.762297
332 102 84 1.658126
333 155 131 0.23457
334 122 98 0.425017
335 96 79 0.318381
336 189 137 0.370696
337 175 139 0.294619
338 140 121 0.685609
339 137 109 1.074245
340 154 113 0.322633
341 113 94 0.38137
342 133 112 0.66396
343 186 148 0.466454
344 118 100 0.699231
345 189 133 0.321809
346 108 89 0.360292
347 96 84 1.093407
348 131 108 0.304316
349 141 111 1.154218
350 140 119 0.418451
351 177 139 0.341746
352 131 97 0.44336
353 183 143 0.442219
354 125 99 0.811595
355 107 93 0.612381
356 95 84 1.093227
357 149 126 0.499311
358 151 114 0.619201
359 132 113 0.313846
360 84 68 0.467052
361 175 132 0.372363
362 145 105 6.302014
363 106 80 0.900062
364 153 116 0.401562
365 147 111 0.31056
366 163 124 0.615374
367 141 110 0.511719
368 101 90 0.460748
369 119 90 0.440014
370 135 114 0.410081
371 103 83 0.622981
372 157 117 0.823792
373 144 118 0.479818
374 179 129 0.467405
375 104 91 0.47682
376 128 102 0.567085
377 103 90 0.544163
378 145 118 2.432666
379 124 97 0.612579
380 152 117 0.309348
381 168 126 0.41718
382 137 107 0.53263
383 160 122 0.421743
384 175 130 6.834072
385 207 164 0.444402
386 160 122 0.354782
387 136 111 0.718067
388 110 96 0.686396
389 136 109 0.581545
390 173 135 0.186477
391 145 106 0.270065
392 105 91 0.563699
393 122 106 0.475385
394 172 124 0.830914
395 157 121 0.536209
396 168 137 0.683594
397 109 91 0.323319
398 102 82 1.194192
399 156 126 2.292032
400 114 93 0.918006
401 102 85 0.688142
402 127 102 0.598464
403 115 98 1.090297
404 98 85 0.997309
405 136 117 0.431407
406 192 147 0.588896
407 224 165 0.203457
408 125 108 0.382348
409 143 109 0.217624
410 161 124 1.944569
411 170 136 0.337659
412 132 105 0.716444
413 115 87 0.604268
414 166 130 0.298239
415 153 121 0.569592
416 163 130 0.342888
417 126 99 1.48635
418 164 131 0.63158
419 141 110 0.56638
420 169 118 0.556407
421 164 135 1.4093314
422 172 133 1.0490592
423 122 99 1.5427675
424 167 138 1.2268624
425 146 108 2.007647
426 123 101 1.2556516
427 124 95 1.6855499
428 119 100 0.7064736
429 160 124 0.8210212
430 79 64 1.3959548
431 114 88 1.3073992
432 115 98 1.1398697
433 115 90 1.532715
434 144 117 0.8208349
435 152 123 0.9054359
436 155 116 1.4688819
437 121 100 0.705295
438 112 93 1.0610322
439 93 82 0.911324
440 204 157 1.0642226
441 91 76 1.2359416
442 116 84 1.7593028
443 166 137 0.7266987
444 161 129 0.7768052
445 131 117 1.1325356
446 104 95 1.2626114
447 135 107 0.9434189
448 99 71 0.9544638
449 118 94 0.8607268
450 144 118 1.1641284
451 108 96 0.8773089
452 136 102 0.5741006
453 128 104 0.6399246
454 129 96 1.7177022
455 168 142 0.714744
456 144 112 0.7494171
457 110 83 0.9982612
458 65 58 1.4496003
459 112 95 0.9102026
460 118 94 1.4488156
461 125 103 1.9113622
462 132 100 0.816564
463 107 93 0.9657808
464 76 64 1.925444
465 138 109 0.6399961
466 55 46 1.3203988
467 162 135 0.5959696
468 107 87 0.8933804
469 166 124 1.3492359
470 113 106 0.5832011
471 139 115 1.4310565
472 170 139 0.8214482
473 148 107 1.3501404
474 94 74 0.8816253
475 148 118 0.688916
476 133 106 1.0498087
477 126 103 0.981404
478 153 127 0.5107871
479 136 103 1.0728764
480 192 146 1.0356803
481 118 92 1.2748876
482 152 120 0.7852643
483 153 122 0.9656888
484 57 46 1.4404524
485 128 99 0.8983142
486 167 129 0.5545435
487 169 127 0.6621276
488 129 104 0.9268218
489 129 112 0.788729
490 152 111 0.7617221
491 103 90 0.9237747
492 101 76 1.02588
493 138 110 1.5139368
494 98 78 0.6292027
495 162 115 0.6338693
496 175 141 0.4243778
497 130 108 1.0502306
498 137 113 1.0099389
499 137 111 0.3930357
500 76 60 1.1247459
501 112 98 0.8046231
502 180 141 1.3460975
503 161 122 1.0880789
504 109 82 1.0179008
505 121 104 0.8334553
506 134 101 0.9354479
507 132 101 0.801223
508 137 108 0.7577399
509 196 149 0.7251202
510 61 53 1.4997336
511 167 126 0.6891475
512 178 145 0.9840931
513 94 71 1.873125
514 119 98 1.0578925
515 161 123 0.6977526
516 137 110 0.9740482
517 146 109 1.0268004
518 143 108 0.5446489
519 156 119 0.728236
520 126 111 1.1656529
521 156 126 1.4871311
522 196 151 0.4825056
523 158 126 0.8957457
524 134 119 1.3762847
525 182 146 1.1959851
526 135 104 1.1245693
527 162 135 0.4968219
528 168 143 0.6778532
529 146 128 2.0673889
530 83 65 1.2667237
531 90 74 0.8221858
532 122 107 0.7652066
533 139 114 0.7094279
534 134 118 0.7279627
535 113 94 4.0956882
536 86 64 0.8657198
537 148 114 1.7163022
538 103 85 1.039797
539 123 99 0.9029104
540 116 91 0.8669456
541 83 67 0.6986034
542 140 113 0.8554007
543 170 148 1.0364162
544 186 135 0.4557637
545 131 105 0.4851439
546 178 145 0.737313
547 202 154 0.234256
548 200 156 1.158495
549 163 133 0.7316489
550 164 128 0.8651644
551 154 124 0.9015806
552 144 113 1.6317062
553 140 119 0.6670653
554 183 140 1.4227851
555 121 102 0.5038932
556 149 123 0.5341299
557 122 109 0.7223609
558 115 97 1.0306892
559 91 73 1.8523733
560 178 139 0.5525419
561 104 88 0.7852427
562 181 143 0.5542723
563 139 112 0.9420205
564 146 116 0.8773885
565 140 112 0.8973692
566 143 111 2.1260987
567 113 97 0.8047361
568 119 106 0.5206909
569 149 118 0.8110922
570 165 143 0.4872968
571 176 136 0.6312394
572 204 161 0.2669766
573 121 96 0.8526971
574 79 71 0.4526631
575 122 103 0.8690588
576 121 102 0.5982904
577 153 125 1.3002257
578 109 85 0.6473655
579 132 106 0.9300147
580 144 114 0.4569219
581 93 83 0.7894035
582 154 133 0.5250757
583 137 110 0.6653094
584 130 95 0.6168028
585 109 93 0.7710095
586 214 158 0.5654228
587 140 122 0.5667956
588 166 125 0.51563
589 151 117 0.4991859
590 73 63 1.1884612
591 193 152 0.650675
592 146 109 0.6102468
593 84 78 0.722096
594 131 106 0.6022207
595 169 130 0.8138891
596 124 97 1.0316975
597 153 113 0.4981208
598 150 121 0.607874
599 117 92 0.5768557
600 131 105 0.3635775
601 122 95 0.5276225
602 116 95 0.5145876
603 173 135 0.820474
604 127 109 0.5596232
605 177 136 0.4136181
606 104 75 2.870666
607 126 98 0.9195175
608 109 83 1.0904987
609 133 104 0.52918
610 195 148 0.7127241
611 135 109 1.0925324
612 129 107 0.9176884
613 88 71 0.8911066
614 199 136 0.3316075
615 98 83 0.9256543
616 172 128 0.6678845
617 100 87 0.815575
618 104 80 0.7668403
619 150 121 1.3120793
620 146 120 0.4476141
621 99 85 0.6126381
622 177 132 0.5501614
623 165 130 0.365755
624 91 74 0.6498894
625 103 81 0.6211337
626 170 129 0.5924515
627 144 107 0.5367046
628 146 113 0.7339358
629 85 70 0.9751478
630 116 94 0.6807242
631 190 159 0.3323193
632 126 108 0.349256
633 139 113 0.5796876
634 176 136 0.5201266
635 56 48 0.9691688
636 210 161 0.2769825
637 151 116 0.9370168
638 86 73 0.5085039
639 91 73 0.9211523
640 133 104 0.7409117
641 127 98 0.6948022
642 129 101 0.6815429
643 110 93 0.4035608
644 110 81 0.766543
645 97 81 0.4145643
646 164 132 0.4853377
647 168 134 0.2853566
648 148 120 0.4164192
649 137 107 0.4815706
650 133 103 0.7420058
651 146 112 0.4849065
652 103 90 0.8515106
653 131 100 0.8489991
654 151 114 0.3905341
655 123 101 0.70053
656 136 107 0.417682
657 185 151 0.3967505
658 148 115 1.5723556
659 126 103 0.4997092
660 143 113 0.3059944
661 158 115 0.5774092
662 163 130 0.386712
663 150 119 0.4090865
664 129 102 0.4339757
665 135 103 1.068681
666 71 63 0.5092596
667 82 70 0.7069441
668 156 117 0.549615
669 93 71 0.4443062
670 154 119 0.8921923
671 119 100 0.6123966
672 193 149 0.4625832
673 90 75 0.6015944
674 113 91 0.4001418
675 121 100 0.6940897
676 152 119 0.3363068
677 144 122 0.2086011
678 175 139 0.4256889
679 181 145 0.5271543
680 90 77 0.7394933
681 136 103 0.5930922
682 139 104 0.777116
683 126 96 1.2363073
684 102 85 0.831092
685 154 112 0.3301152
686 118 95 0.5003764
687 161 125 0.340682
688 143 110 0.6677093
689 107 95 0.4141049
690 140 116 0.1948513
691 172 137 2.1041847
692 138 112 0.3754734
693 105 89 0.5593327
694 123 100 0.3640158
695 117 91 1.0624248
696 117 97 0.6121459
697 94 85 0.3358182
698 152 114 1.3658623
699 129 103 0.5377185
700 158 119 0.2935523
701 124 102 0.3260702
702 91 76 1.3995625
703 133 107 0.4858183
704 75 58 0.6444809
705 169 129 0.4454857
706 96 77 0.6482121
707 161 134 0.4739237
708 171 127 0.6451696
709 160 130 0.4502241
710 101 76 0.9690114
711 145 116 0.4681343
712 170 121 0.508575
713 123 105 0.4062527
714 103 80 0.7746558
715 139 111 0.382199
716 187 142 0.4616565
717 124 99 0.44106
718 133 101 0.6475224
719 123 105 0.4956999
720 102 81 0.6384438
721 153 112 0.4499337
722 145 121 0.5247313
723 152 111 0.6666753
724 133 104 0.7426355
725 152 122 0.4887706
726 129 113 0.253181
727 168 124 0.6531242
728 137 113 0.4708923
729 107 79 0.8322252
730 153 132 0.4091909
731 174 127 0.7009292
732 101 82 0.8354772
733 135 114 0.4656365
734 101 77 0.7814228
735 153 125 0.2380459
736 99 81 0.9222663
737 113 105 0.4835446
738 135 107 0.3196319
739 88 79 0.3513663
740 178 134 0.4022973
741 176 135 0.3824954
742 122 102 0.6331936
743 129 105 0.6074523
744 118 102 0.3281821
745 135 101 0.5596283
746 188 145 0.4009948
747 107 84 0.6250688
748 118 97 0.3667059
749 142 119 0.3805508
750 159 111 0.356309
751 129 107 0.4067528
752 129 104 0.6374362
753 153 115 0.4581097
754 107 96 0.9093687
755 143 116 0.5492962
756 162 121 0.9760201
757 106 83 0.5158027
758 135 117 0.3827149
759 172 129 0.4135091
760 147 109 0.66114
761 147 116 0.423705
762 171 136 0.1884665
763 156 123 0.7103381
764 158 132 0.4781761
765 185 155 0.5803971
766 126 92 0.6803626
767 139 107 0.6108792
768 125 105 1.2755074
769 120 90 0.826799
770 154 121 0.6664948
771 155 112 0.6224545
772 120 97 0.6976315
773 151 124 0.5415144
774 125 101 0.7637841
775 168 135 0.2822846
776 117 91 0.7061006
777 130 101 0.3512265
778 109 86 0.3153472
779 112 92 0.8867086
780 131 99 0.6285818
781 223 159 0.307711
782 142 106 0.5648831
783 137 118 0.3972991
784 109 83 0.4237938
785 143 121 0.4370542
786 154 116 0.4688007
787 143 115 0.3255958
788 149 108 0.6272392
789 205 156 0.4487208
790 144 104 0.4191235
791 99 86 0.9572008
792 170 135 0.3571992
793 90 81 0.4712872
794 96 79 0.693573
795 133 101 0.4676994
796 190 154 0.3809003
797 165 129 0.3974279
798 139 112 0.5329257
799 123 94 0.4974314
800 167 121 0.4538576
801 115 86 0.5882253
802 118 102 0.4704223
803 160 129 0.3830698
804 161 131 0.5501504
805 117 95 0.4223744
806 139 114 0.4892815
807 148 119 0.4927725
808 111 93 0.8994899
809 121 95 0.4533364
810 110 94 0.5334782
811 124 107 0.3424961
812 178 144 0.1621344
813 84 69 1.3358151
814 114 97 0.355121
815 127 101 0.5307851
816 163 122 0.3685555
817 123 104 0.5443174
818 110 82 0.5761618
819 138 105 0.6816969
820 136 104 0.5934295
821 206 156 0.2964769
822 115 90 0.4180687
823 128 101 0.4351009
824 191 144 0.2982485
825 120 97 0.5081161
826 60 52 0.5782937
827 160 134 0.2048641
828 84 74 0.4096947
829 158 127 0.477921
830 123 107 0.3764214
831 146 130 0.5565352
832 125 99 0.3076443
833 131 111 0.4312201
834 129 102 1.3166808
835 156 123 0.472159
836 210 159 0.3259399
837 96 75 1.1241679
838 143 114 0.3083129
839 151 128 0.6635451
840 139 109 0.4397584
